VARIABLES = "Lag Time" "MSD"
ZONE T = "MPC 152"
0.0000 0.0000
79.5250 88.9711
159.0500 104.9089
238.5750 109.2798
318.1000 108.8091
397.6250 112.2517
477.1500 112.5947
556.6750 114.7131
636.2000 116.0867
715.7250 117.9408
795.2500 119.6599
874.7750 119.9412
954.3000 121.5600
1033.8250 123.4521
1113.3500 123.8176
1192.8750 126.2735
1272.4000 126.0281
1351.9250 126.2464
1431.4500 130.7214
1510.9750 131.0807
1590.5000 134.1095
1670.0250 134.1210
1749.5500 134.3107
1829.0750 135.4359
1908.6000 139.8016
1988.1250 140.9477
2067.6500 141.7430
2147.1750 142.5785
2226.7000 145.2498
2306.2250 148.8857
2385.7500 145.8142
2465.2750 149.0900
2544.8000 149.6441
2624.3250 152.7018
2703.8500 154.3526
2783.3750 154.0059
2862.9000 158.5112
2942.4250 160.1915
3021.9500 158.3707
3101.4750 160.5248
3181.0000 160.3367
3260.5250 162.8624
3340.0500 166.3428
3419.5750 166.4644
3499.1000 167.6068
3578.6250 167.1670
3658.1500 170.2716
3737.6750 173.1327
3817.2000 171.6366
3896.7250 170.9652
