VARIABLES = "Lag Time" "MSD"
ZONE T = "MPC 1065"
0.0000 0.0000
79.5250 6.7016
159.0500 6.8030
238.5750 6.7860
318.1000 6.8710
397.6250 6.7946
477.1500 6.8483
556.6750 6.7542
636.2000 6.6681
715.7250 6.8496
795.2500 6.7875
874.7750 6.6605
954.3000 7.0216
1033.8250 6.8438
1113.3500 6.8381
1192.8750 6.7652
1272.4000 6.9523
1351.9250 6.7734
1431.4500 6.7538
1510.9750 6.8787
1590.5000 6.7697
1670.0250 6.8083
1749.5500 6.8461
1829.0750 6.9029
1908.6000 6.8269
1988.1250 6.8232
2067.6500 6.9005
2147.1750 6.8382
2226.7000 6.9294
2306.2250 6.8698
2385.7500 6.8952
2465.2750 6.7365
2544.8000 7.0490
2624.3250 6.7658
2703.8500 6.7773
2783.3750 6.9558
2862.9000 6.8449
2942.4250 6.9805
3021.9500 6.9658
3101.4750 6.8753
3181.0000 6.7940
3260.5250 6.8407
3340.0500 6.9342
3419.5750 6.8216
3499.1000 6.8849
3578.6250 6.9940
3658.1500 7.0549
3737.6750 6.9624
3817.2000 6.9290
3896.7250 7.0217
