VARIABLES = "Lag Time" "MSD"
ZONE T = "MPC 1056"
0.0000 0.0000
79.5250 6.6293
159.0500 6.6559
238.5750 6.5787
318.1000 6.5470
397.6250 6.5414
477.1500 6.5861
556.6750 6.4901
636.2000 6.5366
715.7250 6.6363
795.2500 6.4595
874.7750 6.6270
954.3000 6.8056
1033.8250 6.7862
1113.3500 6.6003
1192.8750 6.7684
1272.4000 6.6563
1351.9250 6.8007
1431.4500 6.5302
1510.9750 6.5752
1590.5000 6.7115
1670.0250 6.8548
1749.5500 6.7745
1829.0750 6.5701
1908.6000 6.7575
1988.1250 6.7054
2067.6500 6.6861
2147.1750 6.6573
2226.7000 6.7254
2306.2250 6.6000
2385.7500 6.6619
2465.2750 6.7028
2544.8000 6.7386
2624.3250 6.5205
2703.8500 6.6925
2783.3750 6.6347
2862.9000 6.6357
2942.4250 6.7860
3021.9500 6.6680
3101.4750 6.7934
3181.0000 6.6911
3260.5250 6.6708
3340.0500 6.7235
3419.5750 6.5430
3499.1000 6.7587
3578.6250 6.6220
3658.1500 6.6529
3737.6750 6.6302
3817.2000 6.6795
3896.7250 6.6384
