VARIABLES = "Lag Time" "MSD"
ZONE T = "MPC 193"
0.0000 0.0000
79.5250 73.9415
159.0500 81.2058
238.5750 84.4065
318.1000 84.4433
397.6250 85.1545
477.1500 86.8442
556.6750 86.6146
636.2000 87.1461
715.7250 86.2454
795.2500 86.8994
874.7750 86.7793
954.3000 86.2023
1033.8250 90.0320
1113.3500 90.0436
1192.8750 89.8186
1272.4000 88.9012
1351.9250 88.9521
1431.4500 90.8300
1510.9750 93.0290
1590.5000 91.4626
1670.0250 93.5223
1749.5500 92.5528
1829.0750 93.0894
1908.6000 91.8621
1988.1250 91.3076
2067.6500 94.1795
2147.1750 93.7021
2226.7000 93.4229
2306.2250 92.4554
2385.7500 94.7544
2465.2750 96.0927
2544.8000 95.5077
2624.3250 94.9652
2703.8500 95.5982
2783.3750 94.0722
2862.9000 95.5071
2942.4250 93.7116
3021.9500 95.4210
3101.4750 94.2271
3181.0000 94.8570
3260.5250 96.4385
3340.0500 96.1749
3419.5750 95.9209
3499.1000 97.0570
3578.6250 96.5022
3658.1500 96.2085
3737.6750 96.7423
3817.2000 97.5271
3896.7250 96.6163
