VARIABLES = "Lag Time" "MSD"
ZONE T = "MPC 126"
0.0000 0.0000
79.5250 117.2310
159.0500 151.2050
238.5750 162.8041
318.1000 166.6702
397.6250 167.3035
477.1500 168.9933
556.6750 171.3788
636.2000 171.2871
715.7250 169.7804
795.2500 170.6218
874.7750 171.6888
954.3000 172.5028
1033.8250 177.1060
1113.3500 174.8621
1192.8750 175.0987
1272.4000 178.5006
1351.9250 176.7620
1431.4500 177.0191
1510.9750 176.3261
1590.5000 176.0638
1670.0250 172.9778
1749.5500 171.9701
1829.0750 173.3284
1908.6000 173.5261
1988.1250 172.0551
2067.6500 172.5770
2147.1750 173.4679
2226.7000 176.7513
2306.2250 173.6030
2385.7500 175.5933
2465.2750 173.4433
2544.8000 174.8642
2624.3250 173.9312
2703.8500 177.2167
2783.3750 177.7125
2862.9000 181.3357
2942.4250 183.3904
3021.9500 181.9476
3101.4750 182.5817
3181.0000 181.1355
3260.5250 177.3706
3340.0500 180.8845
3419.5750 180.4013
3499.1000 181.2224
3578.6250 181.1984
3658.1500 180.8233
3737.6750 176.3426
3817.2000 178.1505
3896.7250 179.1117
