VARIABLES = "Lag Time" "MSD"
ZONE T = "MPC 168"
0.0000 0.0000
79.5250 83.8355
159.0500 98.0198
238.5750 101.0939
318.1000 104.4317
397.6250 107.0412
477.1500 108.6252
556.6750 110.9459
636.2000 114.5008
715.7250 114.6971
795.2500 114.6108
874.7750 118.0235
954.3000 119.2621
1033.8250 118.8767
1113.3500 121.9965
1192.8750 123.9270
1272.4000 124.2250
1351.9250 123.0707
1431.4500 125.5132
1510.9750 126.4381
1590.5000 125.8742
1670.0250 126.1064
1749.5500 127.8541
1829.0750 130.2055
1908.6000 129.9162
1988.1250 131.8713
2067.6500 132.7681
2147.1750 133.4685
2226.7000 136.6475
2306.2250 137.9998
2385.7500 139.0430
2465.2750 138.4146
2544.8000 141.4802
2624.3250 142.6638
2703.8500 141.9133
2783.3750 142.3492
2862.9000 142.4630
2942.4250 142.9382
3021.9500 142.7471
3101.4750 144.2591
3181.0000 146.9996
3260.5250 147.6225
3340.0500 148.4216
3419.5750 148.9100
3499.1000 149.3153
3578.6250 149.1316
3658.1500 149.2522
3737.6750 152.4391
3817.2000 149.7524
3896.7250 150.8359
