VARIABLES = "Lag Time" "MSD"
ZONE T = "MPC 1081"
0.0000 0.0000
79.5250 6.0029
159.0500 6.1420
238.5750 6.2039
318.1000 6.1747
397.6250 6.0971
477.1500 6.1487
556.6750 6.1483
636.2000 6.2092
715.7250 6.1601
795.2500 6.1538
874.7750 6.2080
954.3000 6.1003
1033.8250 6.1684
1113.3500 6.0545
1192.8750 6.1214
1272.4000 6.0935
1351.9250 6.2250
1431.4500 6.2952
1510.9750 6.1246
1590.5000 6.1349
1670.0250 6.0398
1749.5500 6.1099
1829.0750 6.1396
1908.6000 6.2781
1988.1250 6.1174
2067.6500 6.2194
2147.1750 5.9573
2226.7000 5.8943
2306.2250 6.2586
2385.7500 6.2129
2465.2750 6.1684
2544.8000 6.0493
2624.3250 6.1532
2703.8500 6.1967
2783.3750 6.1581
2862.9000 6.1770
2942.4250 6.1142
3021.9500 6.2120
3101.4750 6.1774
3181.0000 6.1178
3260.5250 6.1617
3340.0500 5.9954
3419.5750 6.2964
3499.1000 6.1971
3578.6250 6.1316
3658.1500 6.3174
3737.6750 6.0455
3817.2000 6.1714
3896.7250 6.0142
