VARIABLES = "Lag Time" "MSD"
ZONE T = "MPC 1033"
0.0000 0.0000
79.5250 7.3173
159.0500 7.2690
238.5750 7.5037
318.1000 7.5130
397.6250 7.5255
477.1500 7.8020
556.6750 7.6372
636.2000 7.6852
715.7250 7.5654
795.2500 7.7259
874.7750 7.6954
954.3000 7.7969
1033.8250 7.6855
1113.3500 7.6435
1192.8750 7.7563
1272.4000 7.8140
1351.9250 7.7349
1431.4500 7.7959
1510.9750 7.6805
1590.5000 7.7133
1670.0250 7.7866
1749.5500 7.6806
1829.0750 7.7239
1908.6000 7.6193
1988.1250 7.9893
2067.6500 7.5920
2147.1750 7.6535
2226.7000 7.7160
2306.2250 7.7569
2385.7500 7.7995
2465.2750 7.8689
2544.8000 7.7602
2624.3250 7.8501
2703.8500 7.8665
2783.3750 7.7650
2862.9000 7.7377
2942.4250 7.8500
3021.9500 7.6358
3101.4750 7.7659
3181.0000 7.8461
3260.5250 7.7393
3340.0500 7.9152
3419.5750 7.7680
3499.1000 8.0186
3578.6250 7.7612
3658.1500 7.7952
3737.6750 7.7534
3817.2000 7.6510
3896.7250 7.7744
