VARIABLES = "Lag Time" "MSD"
ZONE T = "MPC 177"
0.0000 0.0000
79.5250 79.6621
159.0500 92.8275
238.5750 94.8082
318.1000 96.5778
397.6250 96.6107
477.1500 96.1263
556.6750 99.9876
636.2000 98.9073
715.7250 98.6947
795.2500 101.7476
874.7750 104.3333
954.3000 101.0022
1033.8250 101.0251
1113.3500 100.7481
1192.8750 99.0100
1272.4000 104.0047
1351.9250 104.7993
1431.4500 103.6901
1510.9750 104.2805
1590.5000 108.3930
1670.0250 107.6039
1749.5500 105.1887
1829.0750 106.5641
1908.6000 109.1858
1988.1250 108.1408
2067.6500 110.9364
2147.1750 111.0497
2226.7000 111.3506
2306.2250 109.5956
2385.7500 109.8068
2465.2750 108.8460
2544.8000 110.4808
2624.3250 112.9749
2703.8500 113.4397
2783.3750 112.3718
2862.9000 115.2280
2942.4250 112.4279
3021.9500 111.0716
3101.4750 114.5071
3181.0000 116.5256
3260.5250 115.7704
3340.0500 118.1503
3419.5750 116.9891
3499.1000 118.1653
3578.6250 118.6000
3658.1500 120.4475
3737.6750 119.8043
3817.2000 117.1014
3896.7250 120.5486
