VARIABLES = "Lag Time" "MSD"
ZONE T = "MPC 1099"
0.0000 0.0000
79.5250 5.7637
159.0500 5.7464
238.5750 5.8801
318.1000 5.8182
397.6250 5.7925
477.1500 5.8897
556.6750 5.8401
636.2000 5.9243
715.7250 5.7860
795.2500 5.9020
874.7750 5.8536
954.3000 5.8738
1033.8250 5.9257
1113.3500 5.9020
1192.8750 5.8708
1272.4000 5.9193
1351.9250 5.9095
1431.4500 5.8330
1510.9750 5.8678
1590.5000 5.8598
1670.0250 5.8492
1749.5500 5.8085
1829.0750 5.8476
1908.6000 5.8289
1988.1250 5.8356
2067.6500 5.8074
2147.1750 5.7932
2226.7000 5.8922
2306.2250 5.7345
2385.7500 5.9171
2465.2750 5.9029
2544.8000 6.0068
2624.3250 5.7182
2703.8500 5.9106
2783.3750 5.8873
2862.9000 5.7646
2942.4250 5.8742
3021.9500 5.7544
3101.4750 5.7464
3181.0000 5.8751
3260.5250 5.7185
3340.0500 5.8258
3419.5750 5.8988
3499.1000 5.9902
3578.6250 5.8947
3658.1500 5.9166
3737.6750 5.8718
3817.2000 5.8303
3896.7250 5.8617
