VARIABLES = "Lag Time" "MSD"
ZONE T = "MPC 1005"
0.0000 0.0000
79.5250 7.0353
159.0500 7.2297
238.5750 7.2185
318.1000 7.1986
397.6250 6.9945
477.1500 7.3028
556.6750 7.2470
636.2000 7.0317
715.7250 7.2860
795.2500 7.2026
874.7750 7.0348
954.3000 7.0693
1033.8250 7.2388
1113.3500 7.3208
1192.8750 7.1476
1272.4000 7.2985
1351.9250 7.1620
1431.4500 7.2719
1510.9750 7.1697
1590.5000 7.2753
1670.0250 7.3376
1749.5500 7.0921
1829.0750 7.1942
1908.6000 7.2101
1988.1250 7.1411
2067.6500 7.2748
2147.1750 7.1993
2226.7000 7.2970
2306.2250 7.2843
2385.7500 7.3121
2465.2750 7.2641
2544.8000 7.1886
2624.3250 7.1468
2703.8500 7.2221
2783.3750 7.2851
2862.9000 7.3292
2942.4250 7.1113
3021.9500 7.1719
3101.4750 7.1403
3181.0000 7.1977
3260.5250 7.2659
3340.0500 7.1151
3419.5750 7.3274
3499.1000 7.3695
3578.6250 7.0951
3658.1500 7.4026
3737.6750 7.0884
3817.2000 7.2651
3896.7250 7.2338
