VARIABLES = "Lag Time" "MSD"
ZONE T = "MPC 14"
0.0000 0.0000
79.5250 901.6916
159.0500 1750.1852
238.5750 2556.6654
318.1000 3295.0406
397.6250 4016.8861
477.1500 4748.1840
556.6750 5450.0183
636.2000 6139.8074
715.7250 6771.6175
795.2500 7397.9692
874.7750 7994.1635
954.3000 8566.2620
1033.8250 9173.3375
1113.3500 9750.0427
1192.8750 10302.0181
1272.4000 10811.7818
1351.9250 11311.8162
1431.4500 11835.8393
1510.9750 12356.2669
1590.5000 12868.7056
1670.0250 13391.3527
1749.5500 13932.5735
1829.0750 14428.6263
1908.6000 14945.6147
1988.1250 15412.5199
2067.6500 15818.0896
2147.1750 16244.6148
2226.7000 16689.6252
2306.2250 17155.0956
2385.7500 17610.2496
2465.2750 18071.0187
2544.8000 18541.0010
2624.3250 19035.5496
2703.8500 19516.9313
2783.3750 20008.1577
2862.9000 20491.0579
2942.4250 20953.6021
3021.9500 21436.8765
3101.4750 21896.8791
3181.0000 22329.1530
3260.5250 22786.1824
3340.0500 23235.8672
3419.5750 23649.2164
3499.1000 24036.5597
3578.6250 24407.4128
3658.1500 24752.6171
3737.6750 25075.7316
3817.2000 25351.5945
3896.7250 25631.3225
