VARIABLES = "Lag Time" "MSD"
ZONE T = "MPC 113"
0.0000 0.0000
79.5250 115.0409
159.0500 149.8970
238.5750 162.1200
318.1000 167.0117
397.6250 170.4184
477.1500 172.4598
556.6750 174.2251
636.2000 178.8856
715.7250 175.8860
795.2500 179.4228
874.7750 177.6319
954.3000 178.2628
1033.8250 177.8840
1113.3500 180.0198
1192.8750 179.2621
1272.4000 176.5851
1351.9250 178.8538
1431.4500 178.8207
1510.9750 178.9770
1590.5000 180.2987
1670.0250 181.6427
1749.5500 181.3074
1829.0750 181.3255
1908.6000 184.5724
1988.1250 186.9062
2067.6500 188.2248
2147.1750 185.9923
2226.7000 185.9113
2306.2250 183.9805
2385.7500 187.5450
2465.2750 188.5606
2544.8000 184.7769
2624.3250 188.9129
2703.8500 187.6924
2783.3750 190.8653
2862.9000 187.7196
2942.4250 190.6498
3021.9500 188.6782
3101.4750 188.8835
3181.0000 185.4662
3260.5250 186.7652
3340.0500 188.4575
3419.5750 193.2167
3499.1000 196.9890
3578.6250 195.8669
3658.1500 196.9702
3737.6750 195.3389
3817.2000 191.4182
3896.7250 193.2748
