VARIABLES = "Lag Time" "MSD"
ZONE T = "MPC 135"
0.0000 0.0000
79.5250 102.1529
159.0500 124.9452
238.5750 131.1826
318.1000 130.0137
397.6250 133.5998
477.1500 136.3994
556.6750 137.1558
636.2000 137.9440
715.7250 137.8247
795.2500 140.4162
874.7750 139.1728
954.3000 139.4146
1033.8250 143.0812
1113.3500 143.2777
1192.8750 144.8521
1272.4000 147.5748
1351.9250 145.8747
1431.4500 144.9314
1510.9750 144.2001
1590.5000 147.5727
1670.0250 145.8064
1749.5500 146.2281
1829.0750 150.6850
1908.6000 149.7067
1988.1250 150.8493
2067.6500 150.4107
2147.1750 152.6087
2226.7000 152.2845
2306.2250 153.8381
2385.7500 152.8130
2465.2750 152.7032
2544.8000 154.3982
2624.3250 154.7929
2703.8500 152.6233
2783.3750 155.9616
2862.9000 158.1430
2942.4250 159.0049
3021.9500 154.1730
3101.4750 156.7225
3181.0000 157.0732
3260.5250 161.3813
3340.0500 163.7790
3419.5750 161.2473
3499.1000 163.8537
3578.6250 162.4746
3658.1500 165.1359
3737.6750 167.4456
3817.2000 167.9348
3896.7250 169.3415
