VARIABLES = "Lag Time" "MSD"
ZONE T = "MPC 127"
0.0000 0.0000
79.5250 113.7409
159.0500 145.5290
238.5750 155.3118
318.1000 160.7863
397.6250 160.8882
477.1500 160.1851
556.6750 162.6362
636.2000 164.3926
715.7250 164.2580
795.2500 161.6491
874.7750 163.6384
954.3000 165.7313
1033.8250 165.7366
1113.3500 168.3519
1192.8750 167.8397
1272.4000 168.1404
1351.9250 169.0818
1431.4500 174.1533
1510.9750 172.3380
1590.5000 170.0436
1670.0250 171.2016
1749.5500 169.0780
1829.0750 168.6148
1908.6000 169.6134
1988.1250 168.9956
2067.6500 176.0630
2147.1750 173.3729
2226.7000 171.6816
2306.2250 171.1683
2385.7500 173.9345
2465.2750 175.6373
2544.8000 178.3175
2624.3250 177.5977
2703.8500 175.2148
2783.3750 175.8124
2862.9000 176.2579
2942.4250 180.9648
3021.9500 176.1907
3101.4750 174.5045
3181.0000 176.6090
3260.5250 177.6011
3340.0500 181.0511
3419.5750 182.9598
3499.1000 177.7804
3578.6250 176.8659
3658.1500 178.8613
3737.6750 178.5807
3817.2000 183.2304
3896.7250 185.1799
