VARIABLES = "Lag Time" "MSD"
ZONE T = "MPC 143"
0.0000 0.0000
79.5250 92.4446
159.0500 116.8677
238.5750 126.4864
318.1000 132.0905
397.6250 132.9931
477.1500 134.4325
556.6750 134.4329
636.2000 134.6261
715.7250 135.7983
795.2500 138.0115
874.7750 139.4571
954.3000 142.4132
1033.8250 143.1228
1113.3500 141.9886
1192.8750 141.5141
1272.4000 139.9423
1351.9250 140.6403
1431.4500 141.7410
1510.9750 143.0245
1590.5000 143.6613
1670.0250 143.3675
1749.5500 144.1886
1829.0750 146.7717
1908.6000 148.2016
1988.1250 147.5252
2067.6500 144.7296
2147.1750 143.5979
2226.7000 146.7155
2306.2250 147.8781
2385.7500 151.1062
2465.2750 148.4951
2544.8000 149.3871
2624.3250 148.7799
2703.8500 147.0702
2783.3750 148.2963
2862.9000 150.7345
2942.4250 151.3447
3021.9500 152.9937
3101.4750 153.0370
3181.0000 154.5770
3260.5250 153.4852
3340.0500 152.8622
3419.5750 153.2552
3499.1000 153.8265
3578.6250 152.4222
3658.1500 153.0314
3737.6750 154.5056
3817.2000 156.3413
3896.7250 158.5358
