VARIABLES = "Lag Time" "MSD"
ZONE T = "MPC 1001"
0.0000 0.0000
79.5250 7.3669
159.0500 7.2445
238.5750 7.2602
318.1000 7.2276
397.6250 7.3769
477.1500 7.4470
556.6750 7.2891
636.2000 7.4469
715.7250 7.3439
795.2500 7.4272
874.7750 7.6090
954.3000 7.2458
1033.8250 7.3463
1113.3500 7.3068
1192.8750 7.3603
1272.4000 7.3440
1351.9250 7.4242
1431.4500 7.6258
1510.9750 7.2906
1590.5000 7.3528
1670.0250 7.3979
1749.5500 7.5575
1829.0750 7.4595
1908.6000 7.4950
1988.1250 7.6271
2067.6500 7.7836
2147.1750 7.2842
2226.7000 7.4760
2306.2250 7.3924
2385.7500 7.5156
2465.2750 7.4144
2544.8000 7.5231
2624.3250 7.4324
2703.8500 7.3982
2783.3750 7.4803
2862.9000 7.5818
2942.4250 7.4275
3021.9500 7.4594
3101.4750 7.4270
3181.0000 7.3505
3260.5250 7.4460
3340.0500 7.3395
3419.5750 7.5337
3499.1000 7.5246
3578.6250 7.5942
3658.1500 7.4511
3737.6750 7.5038
3817.2000 7.4709
3896.7250 7.4642
