VARIABLES = "Lag Time" "MSD"
ZONE T = "MPC 1092"
0.0000 0.0000
79.5250 6.3882
159.0500 6.2733
238.5750 6.3057
318.1000 6.2805
397.6250 6.4460
477.1500 6.3721
556.6750 6.2925
636.2000 6.4823
715.7250 6.4344
795.2500 6.4389
874.7750 6.3863
954.3000 6.4593
1033.8250 6.2515
1113.3500 6.5370
1192.8750 6.3275
1272.4000 6.4672
1351.9250 6.4507
1431.4500 6.3721
1510.9750 6.4705
1590.5000 6.2471
1670.0250 6.5908
1749.5500 6.3414
1829.0750 6.4379
1908.6000 6.3370
1988.1250 6.3569
2067.6500 6.3813
2147.1750 6.4203
2226.7000 6.3225
2306.2250 6.4339
2385.7500 6.4239
2465.2750 6.4850
2544.8000 6.4423
2624.3250 6.3339
2703.8500 6.4621
2783.3750 6.5181
2862.9000 6.2892
2942.4250 6.4174
3021.9500 6.4036
3101.4750 6.5491
3181.0000 6.3008
3260.5250 6.3997
3340.0500 6.4916
3419.5750 6.6052
3499.1000 6.3231
3578.6250 6.5261
3658.1500 6.4511
3737.6750 6.4286
3817.2000 6.4145
3896.7250 6.3991
