VARIABLES = "Lag Time" "MSD"
ZONE T = "MPC 165"
0.0000 0.0000
79.5250 86.2798
159.0500 106.0082
238.5750 110.7765
318.1000 110.1035
397.6250 113.5139
477.1500 111.1985
556.6750 114.8299
636.2000 115.5617
715.7250 113.2845
795.2500 115.5189
874.7750 116.2905
954.3000 118.1541
1033.8250 119.4791
1113.3500 115.4137
1192.8750 114.8189
1272.4000 113.2614
1351.9250 117.0786
1431.4500 115.2903
1510.9750 115.0249
1590.5000 115.5006
1670.0250 117.0995
1749.5500 117.7170
1829.0750 118.5758
1908.6000 117.1739
1988.1250 117.5827
2067.6500 116.8335
2147.1750 118.5947
2226.7000 119.6624
2306.2250 118.2026
2385.7500 116.9299
2465.2750 120.8709
2544.8000 117.2531
2624.3250 119.7397
2703.8500 117.9090
2783.3750 117.9968
2862.9000 120.7872
2942.4250 121.0142
3021.9500 119.6463
3101.4750 121.0415
3181.0000 120.5363
3260.5250 119.7507
3340.0500 121.9678
3419.5750 123.8212
3499.1000 121.8523
3578.6250 117.8468
3658.1500 119.2836
3737.6750 121.6695
3817.2000 122.3051
3896.7250 119.2983
