VARIABLES = "Lag Time" "MSD"
ZONE T = "MPC 153"
0.0000 0.0000
79.5250 78.9014
159.0500 98.1703
238.5750 103.1791
318.1000 106.1669
397.6250 107.9767
477.1500 110.7629
556.6750 113.1744
636.2000 114.5811
715.7250 115.1240
795.2500 120.0468
874.7750 122.2071
954.3000 126.2409
1033.8250 127.8590
1113.3500 128.2988
1192.8750 127.5883
1272.4000 128.3734
1351.9250 129.8384
1431.4500 129.3452
1510.9750 131.1166
1590.5000 132.6799
1670.0250 131.5637
1749.5500 132.3203
1829.0750 132.5552
1908.6000 133.7601
1988.1250 133.8612
2067.6500 134.8285
2147.1750 134.0992
2226.7000 136.6730
2306.2250 136.8256
2385.7500 138.5807
2465.2750 138.4881
2544.8000 140.0995
2624.3250 138.2881
2703.8500 141.8900
2783.3750 143.7443
2862.9000 141.3095
2942.4250 140.1969
3021.9500 140.2073
3101.4750 141.5951
3181.0000 141.9574
3260.5250 142.1843
3340.0500 143.8630
3419.5750 142.6223
3499.1000 145.2389
3578.6250 147.4657
3658.1500 148.5757
3737.6750 146.5833
3817.2000 144.0645
3896.7250 147.3544
