VARIABLES = "Lag Time" "MSD"
ZONE T = "MPC 129"
0.0000 0.0000
79.5250 111.6833
159.0500 139.2078
238.5750 150.2075
318.1000 155.6887
397.6250 152.5598
477.1500 158.9738
556.6750 158.7578
636.2000 159.5931
715.7250 161.6420
795.2500 163.0150
874.7750 163.1687
954.3000 164.4145
1033.8250 162.1341
1113.3500 162.2414
1192.8750 159.3842
1272.4000 160.8044
1351.9250 165.7543
1431.4500 164.1752
1510.9750 164.8577
1590.5000 164.7769
1670.0250 165.9035
1749.5500 167.5081
1829.0750 169.6470
1908.6000 167.7904
1988.1250 165.6712
2067.6500 164.6741
2147.1750 169.6605
2226.7000 168.1108
2306.2250 171.1233
2385.7500 171.6269
2465.2750 172.8157
2544.8000 171.7202
2624.3250 173.2110
2703.8500 173.2337
2783.3750 171.4824
2862.9000 173.4245
2942.4250 170.6211
3021.9500 173.1261
3101.4750 175.6145
3181.0000 175.7777
3260.5250 176.4949
3340.0500 174.5107
3419.5750 175.4194
3499.1000 175.2114
3578.6250 174.9412
3658.1500 171.7365
3737.6750 169.5080
3817.2000 175.8154
3896.7250 175.7150
