VARIABLES = "Lag Time" "MSD"
ZONE T = "MPC 183"
0.0000 0.0000
79.5250 73.7062
159.0500 82.7459
238.5750 89.4994
318.1000 93.4791
397.6250 96.3588
477.1500 99.9474
556.6750 102.4384
636.2000 105.2742
715.7250 108.9496
795.2500 111.1876
874.7750 114.7381
954.3000 118.3176
1033.8250 121.3114
1113.3500 122.9501
1192.8750 125.1842
1272.4000 126.3823
1351.9250 127.1729
1431.4500 132.3151
1510.9750 135.4895
1590.5000 134.2521
1670.0250 139.9360
1749.5500 141.0136
1829.0750 144.3849
1908.6000 150.3996
1988.1250 153.7096
2067.6500 154.5327
2147.1750 155.6263
2226.7000 160.2443
2306.2250 160.0263
2385.7500 162.7599
2465.2750 163.9799
2544.8000 165.9157
2624.3250 168.7531
2703.8500 171.4004
2783.3750 172.9741
2862.9000 172.6515
2942.4250 172.3251
3021.9500 177.4660
3101.4750 177.3621
3181.0000 180.0644
3260.5250 181.8221
3340.0500 183.6526
3419.5750 182.4529
3499.1000 184.9859
3578.6250 185.9617
3658.1500 186.4589
3737.6750 188.5941
3817.2000 190.3897
3896.7250 189.9436
