VARIABLES = "Lag Time" "MSD"
ZONE T = "MPC 157"
0.0000 0.0000
79.5250 88.6762
159.0500 107.9497
238.5750 113.0383
318.1000 116.1862
397.6250 118.3776
477.1500 118.7690
556.6750 121.0919
636.2000 123.7913
715.7250 121.4681
795.2500 121.6417
874.7750 125.0455
954.3000 127.8045
1033.8250 129.9496
1113.3500 127.4814
1192.8750 129.5115
1272.4000 130.9718
1351.9250 131.4280
1431.4500 134.6332
1510.9750 136.7920
1590.5000 134.5089
1670.0250 133.9711
1749.5500 136.1338
1829.0750 134.4454
1908.6000 134.6471
1988.1250 136.7585
2067.6500 138.4614
2147.1750 138.0059
2226.7000 138.9396
2306.2250 140.1353
2385.7500 140.7022
2465.2750 144.0431
2544.8000 144.9992
2624.3250 146.3162
2703.8500 143.9785
2783.3750 143.6568
2862.9000 145.3324
2942.4250 147.5252
3021.9500 148.1958
3101.4750 147.9593
3181.0000 148.2203
3260.5250 149.8493
3340.0500 147.5493
3419.5750 148.8832
3499.1000 151.0427
3578.6250 151.2941
3658.1500 152.4189
3737.6750 151.7668
3817.2000 151.3916
3896.7250 153.6469
