VARIABLES = "Lag Time" "MSD"
ZONE T = "MPC 1002"
0.0000 0.0000
79.5250 7.2788
159.0500 7.4097
238.5750 7.5406
318.1000 7.3231
397.6250 7.3540
477.1500 7.5727
556.6750 7.5371
636.2000 7.5514
715.7250 7.3690
795.2500 7.3609
874.7750 7.4590
954.3000 7.4326
1033.8250 7.6380
1113.3500 7.5096
1192.8750 7.4965
1272.4000 7.4560
1351.9250 7.6891
1431.4500 7.6648
1510.9750 7.4743
1590.5000 7.6733
1670.0250 7.6769
1749.5500 7.7903
1829.0750 7.6853
1908.6000 7.6424
1988.1250 7.6132
2067.6500 7.7250
2147.1750 7.7114
2226.7000 7.7261
2306.2250 7.6986
2385.7500 7.7168
2465.2750 7.5745
2544.8000 7.6265
2624.3250 7.5828
2703.8500 7.4300
2783.3750 7.5993
2862.9000 7.6155
2942.4250 7.7732
3021.9500 7.6772
3101.4750 7.4574
3181.0000 7.6392
3260.5250 7.6482
3340.0500 7.7794
3419.5750 7.6194
3499.1000 7.6234
3578.6250 7.6477
3658.1500 7.7322
3737.6750 7.6086
3817.2000 7.6981
3896.7250 7.5815
