VARIABLES = "Lag Time" "MSD"
ZONE T = "MPC 1074"
0.0000 0.0000
79.5250 6.1471
159.0500 6.1930
238.5750 6.3425
318.1000 6.3552
397.6250 6.4439
477.1500 6.3103
556.6750 6.1897
636.2000 6.4367
715.7250 6.3301
795.2500 6.3802
874.7750 6.3712
954.3000 6.3896
1033.8250 6.2421
1113.3500 6.3487
1192.8750 6.2213
1272.4000 6.1919
1351.9250 6.3661
1431.4500 6.2388
1510.9750 6.4667
1590.5000 6.3970
1670.0250 6.4070
1749.5500 6.3013
1829.0750 6.4525
1908.6000 6.3499
1988.1250 6.3163
2067.6500 6.2995
2147.1750 6.4699
2226.7000 6.3504
2306.2250 6.3936
2385.7500 6.4498
2465.2750 6.4182
2544.8000 6.5373
2624.3250 6.4278
2703.8500 6.3384
2783.3750 6.2702
2862.9000 6.2733
2942.4250 6.3631
3021.9500 6.2340
3101.4750 6.4142
3181.0000 6.3957
3260.5250 6.3429
3340.0500 6.2983
3419.5750 6.4352
3499.1000 6.4261
3578.6250 6.3034
3658.1500 6.4015
3737.6750 6.3576
3817.2000 6.4234
3896.7250 6.4076
