VARIABLES = "Lag Time" "MSD"
ZONE T = "MPC 100"
0.0000 0.0000
79.5250 129.5816
159.0500 153.6098
238.5750 163.0790
318.1000 166.4758
397.6250 173.2322
477.1500 174.1122
556.6750 179.1250
636.2000 174.4611
715.7250 178.1369
795.2500 178.1018
874.7750 179.6040
954.3000 177.4453
1033.8250 185.0952
1113.3500 178.5522
1192.8750 183.3502
1272.4000 186.2659
1351.9250 186.7923
1431.4500 190.0365
1510.9750 191.2224
1590.5000 189.8976
1670.0250 189.9545
1749.5500 195.0340
1829.0750 195.9916
1908.6000 193.1638
1988.1250 195.6635
2067.6500 196.9440
2147.1750 199.4887
2226.7000 197.6999
2306.2250 200.1389
2385.7500 198.0137
2465.2750 199.1522
2544.8000 197.3863
2624.3250 198.7300
2703.8500 198.2524
2783.3750 202.5709
2862.9000 199.2892
2942.4250 201.8656
3021.9500 199.1908
3101.4750 200.0388
3181.0000 199.7733
3260.5250 200.3444
3340.0500 201.5186
3419.5750 203.5693
3499.1000 205.6848
3578.6250 205.9569
3658.1500 205.1368
3737.6750 209.4403
3817.2000 206.9119
3896.7250 204.5318
