VARIABLES = "Lag Time" "MSD"
ZONE T = "MPC 1086"
0.0000 0.0000
79.5250 6.4157
159.0500 6.3763
238.5750 6.4129
318.1000 6.4134
397.6250 6.2738
477.1500 6.2894
556.6750 6.3039
636.2000 6.3057
715.7250 6.4351
795.2500 6.4283
874.7750 6.4218
954.3000 6.6723
1033.8250 6.4310
1113.3500 6.4105
1192.8750 6.1590
1272.4000 6.3363
1351.9250 6.5262
1431.4500 6.2351
1510.9750 6.4259
1590.5000 6.4457
1670.0250 6.2874
1749.5500 6.3044
1829.0750 6.3508
1908.6000 6.3852
1988.1250 6.4193
2067.6500 6.3262
2147.1750 6.2928
2226.7000 6.3619
2306.2250 6.2938
2385.7500 6.4422
2465.2750 6.2419
2544.8000 6.5486
2624.3250 6.3376
2703.8500 6.5569
2783.3750 6.3650
2862.9000 6.4089
2942.4250 6.3142
3021.9500 6.4238
3101.4750 6.5134
3181.0000 6.3845
3260.5250 6.3927
3340.0500 6.4141
3419.5750 6.3513
3499.1000 6.3333
3578.6250 6.5390
3658.1500 6.3119
3737.6750 6.3112
3817.2000 6.3635
3896.7250 6.4089
