VARIABLES = "Lag Time" "MSD"
ZONE T = "MPC 155"
0.0000 0.0000
79.5250 86.1950
159.0500 101.0385
238.5750 103.7674
318.1000 108.3265
397.6250 110.2422
477.1500 113.1256
556.6750 116.3903
636.2000 119.2380
715.7250 119.6666
795.2500 122.8424
874.7750 124.3230
954.3000 122.4172
1033.8250 123.5140
1113.3500 125.7516
1192.8750 127.8786
1272.4000 129.8291
1351.9250 129.1761
1431.4500 129.4251
1510.9750 131.7948
1590.5000 133.5036
1670.0250 134.3893
1749.5500 136.3123
1829.0750 134.4440
1908.6000 136.1903
1988.1250 137.1739
2067.6500 137.2740
2147.1750 137.8516
2226.7000 140.3993
2306.2250 141.1648
2385.7500 143.8957
2465.2750 142.4345
2544.8000 146.2747
2624.3250 147.7434
2703.8500 151.0710
2783.3750 150.1649
2862.9000 150.5430
2942.4250 152.5386
3021.9500 154.7657
3101.4750 156.4091
3181.0000 157.6177
3260.5250 157.3285
3340.0500 158.8957
3419.5750 157.4293
3499.1000 159.1638
3578.6250 164.6008
3658.1500 165.7803
3737.6750 166.4016
3817.2000 164.6935
3896.7250 164.7747
