VARIABLES = "Lag Time" "MSD"
ZONE T = "MPC 133"
0.0000 0.0000
79.5250 104.6238
159.0500 132.6792
238.5750 142.5353
318.1000 147.9301
397.6250 148.9071
477.1500 149.5911
556.6750 154.3715
636.2000 149.5443
715.7250 152.8737
795.2500 155.0214
874.7750 153.9795
954.3000 153.5569
1033.8250 154.2190
1113.3500 156.7423
1192.8750 156.4570
1272.4000 157.1626
1351.9250 156.1157
1431.4500 157.0770
1510.9750 158.6763
1590.5000 161.0572
1670.0250 162.7363
1749.5500 163.5793
1829.0750 162.1461
1908.6000 162.3896
1988.1250 164.6487
2067.6500 165.5718
2147.1750 165.2376
2226.7000 163.9084
2306.2250 167.3160
2385.7500 165.6600
2465.2750 167.4495
2544.8000 170.0346
2624.3250 168.6351
2703.8500 169.8410
2783.3750 168.5569
2862.9000 169.6300
2942.4250 173.4744
3021.9500 173.3116
3101.4750 169.9976
3181.0000 173.4921
3260.5250 175.8724
3340.0500 172.5963
3419.5750 170.9048
3499.1000 172.4136
3578.6250 175.1646
3658.1500 173.2874
3737.6750 173.0467
3817.2000 171.0153
3896.7250 169.8454
