VARIABLES = "Lag Time" "MSD"
ZONE T = "MPC 1049"
0.0000 0.0000
79.5250 6.6389
159.0500 6.6906
238.5750 7.0185
318.1000 6.8098
397.6250 7.2243
477.1500 6.8356
556.6750 6.7024
636.2000 6.7673
715.7250 6.7363
795.2500 6.7360
874.7750 6.8432
954.3000 6.9276
1033.8250 6.8369
1113.3500 6.8578
1192.8750 6.6416
1272.4000 7.0294
1351.9250 6.7546
1431.4500 6.8326
1510.9750 6.7701
1590.5000 6.9744
1670.0250 6.8614
1749.5500 7.0151
1829.0750 6.9107
1908.6000 7.0289
1988.1250 6.8290
2067.6500 7.0273
2147.1750 7.1336
2226.7000 7.1192
2306.2250 6.8591
2385.7500 6.8316
2465.2750 6.9761
2544.8000 6.9214
2624.3250 6.8869
2703.8500 6.7325
2783.3750 6.9178
2862.9000 6.8618
2942.4250 6.9420
3021.9500 6.9340
3101.4750 6.9474
3181.0000 6.8787
3260.5250 6.8765
3340.0500 7.0876
3419.5750 7.1040
3499.1000 6.9649
3578.6250 7.0477
3658.1500 6.9872
3737.6750 7.0123
3817.2000 7.0717
3896.7250 7.1544
