VARIABLES = "Lag Time" "MSD"
ZONE T = "MPC 173"
0.0000 0.0000
79.5250 77.6334
159.0500 90.1247
238.5750 92.1436
318.1000 96.7630
397.6250 98.7691
477.1500 98.2030
556.6750 99.5424
636.2000 101.1999
715.7250 103.0927
795.2500 101.4311
874.7750 100.3707
954.3000 102.5736
1033.8250 104.0500
1113.3500 104.6378
1192.8750 104.9469
1272.4000 105.2682
1351.9250 102.8624
1431.4500 104.0204
1510.9750 103.7464
1590.5000 104.5935
1670.0250 106.5810
1749.5500 106.3153
1829.0750 108.0743
1908.6000 108.9003
1988.1250 111.1447
2067.6500 107.9406
2147.1750 109.4971
2226.7000 108.7560
2306.2250 111.6557
2385.7500 112.8837
2465.2750 112.8296
2544.8000 112.6049
2624.3250 112.8750
2703.8500 111.9526
2783.3750 113.6333
2862.9000 113.5601
2942.4250 115.0136
3021.9500 114.4186
3101.4750 115.5538
3181.0000 116.0856
3260.5250 116.3376
3340.0500 117.9460
3419.5750 120.3434
3499.1000 119.6070
3578.6250 120.0544
3658.1500 118.2910
3737.6750 120.1968
3817.2000 119.9329
3896.7250 120.8306
