VARIABLES = "Lag Time" "MSD"
ZONE T = "MPC 120"
0.0000 0.0000
79.5250 108.3328
159.0500 140.1229
238.5750 151.4897
318.1000 157.9674
397.6250 159.5280
477.1500 162.4921
556.6750 163.5442
636.2000 167.3748
715.7250 166.4711
795.2500 168.0735
874.7750 169.1339
954.3000 168.1964
1033.8250 168.1020
1113.3500 167.5342
1192.8750 170.5906
1272.4000 170.0833
1351.9250 173.2241
1431.4500 177.9078
1510.9750 180.0303
1590.5000 180.7141
1670.0250 178.7163
1749.5500 178.9967
1829.0750 181.5131
1908.6000 179.9897
1988.1250 180.7297
2067.6500 182.4628
2147.1750 183.1738
2226.7000 180.5671
2306.2250 181.6513
2385.7500 182.6191
2465.2750 187.0483
2544.8000 186.7293
2624.3250 186.5396
2703.8500 184.7800
2783.3750 185.1225
2862.9000 188.7095
2942.4250 190.4157
3021.9500 189.9306
3101.4750 190.5018
3181.0000 191.7036
3260.5250 192.7793
3340.0500 193.3496
3419.5750 194.0008
3499.1000 195.3694
3578.6250 193.5801
3658.1500 190.6904
3737.6750 190.9858
3817.2000 192.5636
3896.7250 194.4675
