VARIABLES = "Lag Time" "MSD"
ZONE T = "MPC 1013"
0.0000 0.0000
79.5250 7.3566
159.0500 7.2536
238.5750 7.4024
318.1000 7.4744
397.6250 7.2904
477.1500 7.4486
556.6750 7.4785
636.2000 7.4412
715.7250 7.2809
795.2500 7.4845
874.7750 7.3235
954.3000 7.2016
1033.8250 7.3891
1113.3500 7.3678
1192.8750 7.5927
1272.4000 7.6077
1351.9250 7.6054
1431.4500 7.5694
1510.9750 7.5154
1590.5000 7.4072
1670.0250 7.4378
1749.5500 7.4686
1829.0750 7.5906
1908.6000 7.3754
1988.1250 7.1984
2067.6500 7.5785
2147.1750 7.5857
2226.7000 7.4836
2306.2250 7.4577
2385.7500 7.5162
2465.2750 7.6475
2544.8000 7.5526
2624.3250 7.6555
2703.8500 7.4064
2783.3750 7.4654
2862.9000 7.6400
2942.4250 7.5117
3021.9500 7.5133
3101.4750 7.6166
3181.0000 7.6476
3260.5250 7.3821
3340.0500 7.7131
3419.5750 7.5466
3499.1000 7.5860
3578.6250 7.5436
3658.1500 7.3713
3737.6750 7.5151
3817.2000 7.6386
3896.7250 7.5270
