VARIABLES = "Lag Time" "MSD"
ZONE T = "MPC 198"
0.0000 0.0000
79.5250 69.7167
159.0500 77.2407
238.5750 78.4524
318.1000 80.3922
397.6250 79.0932
477.1500 79.5241
556.6750 80.2733
636.2000 80.9108
715.7250 79.3304
795.2500 79.1998
874.7750 82.1485
954.3000 81.3696
1033.8250 83.6095
1113.3500 83.6896
1192.8750 83.1548
1272.4000 84.3867
1351.9250 82.4219
1431.4500 84.4072
1510.9750 84.9070
1590.5000 87.3101
1670.0250 85.1958
1749.5500 86.3479
1829.0750 85.2735
1908.6000 86.1128
1988.1250 85.5341
2067.6500 86.9674
2147.1750 86.2149
2226.7000 87.9670
2306.2250 88.0806
2385.7500 86.9328
2465.2750 86.3651
2544.8000 88.2876
2624.3250 87.0352
2703.8500 87.6625
2783.3750 86.2955
2862.9000 88.6910
2942.4250 87.7414
3021.9500 87.9636
3101.4750 88.3623
3181.0000 88.8279
3260.5250 89.8510
3340.0500 90.1487
3419.5750 88.8335
3499.1000 91.2973
3578.6250 90.1143
3658.1500 90.0955
3737.6750 90.0401
3817.2000 88.5296
3896.7250 89.2517
