VARIABLES = "Lag Time" "MSD"
ZONE T = "MPC 1084"
0.0000 0.0000
79.5250 6.3638
159.0500 6.3818
238.5750 6.4225
318.1000 6.3317
397.6250 6.4547
477.1500 6.3327
556.6750 6.4673
636.2000 6.3702
715.7250 6.3525
795.2500 6.4908
874.7750 6.5359
954.3000 6.4648
1033.8250 6.2410
1113.3500 6.3619
1192.8750 6.3131
1272.4000 6.4437
1351.9250 6.3794
1431.4500 6.3803
1510.9750 6.1973
1590.5000 6.3958
1670.0250 6.4125
1749.5500 6.2836
1829.0750 6.3751
1908.6000 6.4072
1988.1250 6.4087
2067.6500 6.4050
2147.1750 6.4868
2226.7000 6.4438
2306.2250 6.4388
2385.7500 6.4508
2465.2750 6.2949
2544.8000 6.4258
2624.3250 6.3400
2703.8500 6.3020
2783.3750 6.4570
2862.9000 6.4444
2942.4250 6.4818
3021.9500 6.3589
3101.4750 6.3626
3181.0000 6.3218
3260.5250 6.3830
3340.0500 6.4412
3419.5750 6.4583
3499.1000 6.3972
3578.6250 6.4398
3658.1500 6.4415
3737.6750 6.3356
3817.2000 6.3375
3896.7250 6.3277
