VARIABLES = "Lag Time" "MSD"
ZONE T = "MPC 149"
0.0000 0.0000
79.5250 90.1325
159.0500 105.1828
238.5750 110.8707
318.1000 114.8913
397.6250 115.5835
477.1500 116.0269
556.6750 118.7505
636.2000 119.7348
715.7250 120.3717
795.2500 122.6269
874.7750 120.4707
954.3000 122.5625
1033.8250 124.2640
1113.3500 125.9804
1192.8750 125.5229
1272.4000 125.5674
1351.9250 125.5607
1431.4500 126.2066
1510.9750 127.3349
1590.5000 125.6152
1670.0250 124.1052
1749.5500 130.2346
1829.0750 126.2668
1908.6000 125.6766
1988.1250 127.1251
2067.6500 129.1442
2147.1750 128.9643
2226.7000 127.8841
2306.2250 130.7593
2385.7500 129.1761
2465.2750 130.9578
2544.8000 133.1096
2624.3250 134.3940
2703.8500 135.5926
2783.3750 132.9907
2862.9000 132.1810
2942.4250 132.4903
3021.9500 134.8541
3101.4750 135.9264
3181.0000 135.6639
3260.5250 138.6970
3340.0500 138.7922
3419.5750 139.7306
3499.1000 139.8789
3578.6250 140.0097
3658.1500 139.6113
3737.6750 140.8083
3817.2000 138.0720
3896.7250 140.1244
