VARIABLES = "Lag Time" "MSD"
ZONE T = "MPC 150"
0.0000 0.0000
79.5250 89.2071
159.0500 104.2888
238.5750 107.9346
318.1000 108.1559
397.6250 109.7996
477.1500 108.2216
556.6750 110.7784
636.2000 114.8376
715.7250 114.5759
795.2500 117.2128
874.7750 118.3067
954.3000 116.7703
1033.8250 116.0123
1113.3500 117.7092
1192.8750 119.4833
1272.4000 120.4356
1351.9250 120.1722
1431.4500 121.0225
1510.9750 120.6464
1590.5000 119.8138
1670.0250 123.7117
1749.5500 125.3956
1829.0750 123.1089
1908.6000 123.3806
1988.1250 126.6204
2067.6500 124.3344
2147.1750 127.4537
2226.7000 128.3508
2306.2250 127.8595
2385.7500 130.4902
2465.2750 130.4728
2544.8000 132.3090
2624.3250 131.6534
2703.8500 130.6295
2783.3750 131.2808
2862.9000 131.5359
2942.4250 129.4473
3021.9500 132.4145
3101.4750 130.9047
3181.0000 135.3685
3260.5250 134.4158
3340.0500 134.2824
3419.5750 132.7012
3499.1000 132.8433
3578.6250 131.3155
3658.1500 133.9648
3737.6750 133.1187
3817.2000 134.1005
3896.7250 134.0576
