VARIABLES = "Lag Time" "MSD"
ZONE T = "MPC 1024"
0.0000 0.0000
79.5250 7.0103
159.0500 7.0786
238.5750 7.1758
318.1000 7.3360
397.6250 7.3933
477.1500 7.1198
556.6750 7.3366
636.2000 7.1239
715.7250 7.2380
795.2500 7.1872
874.7750 7.2249
954.3000 7.2263
1033.8250 7.2130
1113.3500 7.3082
1192.8750 7.3692
1272.4000 7.2234
1351.9250 7.4298
1431.4500 7.2894
1510.9750 7.2705
1590.5000 7.3927
1670.0250 7.5047
1749.5500 7.3583
1829.0750 7.3936
1908.6000 7.1379
1988.1250 7.2064
2067.6500 7.4135
2147.1750 7.1348
2226.7000 7.4149
2306.2250 7.3265
2385.7500 7.2943
2465.2750 7.2354
2544.8000 7.1997
2624.3250 7.2609
2703.8500 7.2566
2783.3750 7.3045
2862.9000 7.2157
2942.4250 7.2013
3021.9500 7.1476
3101.4750 7.3762
3181.0000 7.3776
3260.5250 7.3332
3340.0500 7.1847
3419.5750 7.3926
3499.1000 7.4042
3578.6250 7.5041
3658.1500 7.4392
3737.6750 7.3789
3817.2000 7.2787
3896.7250 7.4049
