VARIABLES = "Lag Time" "MSD"
ZONE T = "MPC 1035"
0.0000 0.0000
79.5250 6.9895
159.0500 7.0010
238.5750 7.1904
318.1000 7.0530
397.6250 7.1579
477.1500 7.0992
556.6750 7.1189
636.2000 7.0041
715.7250 7.4288
795.2500 7.0646
874.7750 7.1941
954.3000 7.2321
1033.8250 7.3186
1113.3500 7.1997
1192.8750 7.1752
1272.4000 7.1813
1351.9250 7.0923
1431.4500 7.1180
1510.9750 7.2883
1590.5000 7.2399
1670.0250 7.0635
1749.5500 7.1670
1829.0750 7.3065
1908.6000 7.1751
1988.1250 7.3979
2067.6500 7.3130
2147.1750 7.3012
2226.7000 7.2306
2306.2250 7.3619
2385.7500 7.2276
2465.2750 7.2183
2544.8000 7.1221
2624.3250 7.4430
2703.8500 7.2891
2783.3750 7.1872
2862.9000 7.2465
2942.4250 7.3632
3021.9500 7.4096
3101.4750 7.1949
3181.0000 7.3010
3260.5250 7.3078
3340.0500 7.3201
3419.5750 7.2255
3499.1000 7.3689
3578.6250 7.3958
3658.1500 7.2085
3737.6750 7.2940
3817.2000 7.1597
3896.7250 7.1143
