VARIABLES = "Lag Time" "MSD"
ZONE T = "MPC 147"
0.0000 0.0000
79.5250 92.4561
159.0500 113.7956
238.5750 120.9542
318.1000 123.7328
397.6250 128.1435
477.1500 131.9504
556.6750 136.0715
636.2000 136.8272
715.7250 137.3461
795.2500 136.4759
874.7750 139.4078
954.3000 139.3267
1033.8250 141.1111
1113.3500 139.8544
1192.8750 140.4836
1272.4000 142.5254
1351.9250 140.9819
1431.4500 143.3095
1510.9750 143.4889
1590.5000 143.6413
1670.0250 144.0320
1749.5500 148.3102
1829.0750 148.0417
1908.6000 148.7659
1988.1250 149.8043
2067.6500 147.5432
2147.1750 148.1605
2226.7000 148.8609
2306.2250 148.4922
2385.7500 151.1733
2465.2750 153.8314
2544.8000 155.7640
2624.3250 154.7586
2703.8500 156.4065
2783.3750 154.3929
2862.9000 156.6478
2942.4250 159.1696
3021.9500 156.4333
3101.4750 156.9032
3181.0000 154.6048
3260.5250 157.9697
3340.0500 159.1457
3419.5750 160.3014
3499.1000 159.9030
3578.6250 163.3156
3658.1500 161.7224
3737.6750 164.5967
3817.2000 166.8487
3896.7250 162.6777
