VARIABLES = "Lag Time" "MSD"
ZONE T = "MPC 1048"
0.0000 0.0000
79.5250 6.7777
159.0500 6.9984
238.5750 7.0463
318.1000 6.9832
397.6250 7.1206
477.1500 6.8689
556.6750 7.0872
636.2000 7.0225
715.7250 6.8842
795.2500 7.0243
874.7750 6.9737
954.3000 6.8484
1033.8250 6.9964
1113.3500 6.8602
1192.8750 7.1234
1272.4000 7.0140
1351.9250 7.0773
1431.4500 6.8256
1510.9750 6.9557
1590.5000 6.9843
1670.0250 6.9567
1749.5500 7.1104
1829.0750 7.1403
1908.6000 7.0823
1988.1250 7.1761
2067.6500 6.9308
2147.1750 7.1331
2226.7000 7.0065
2306.2250 6.9279
2385.7500 7.1013
2465.2750 7.3064
2544.8000 7.1065
2624.3250 7.0475
2703.8500 7.0784
2783.3750 6.9995
2862.9000 7.1783
2942.4250 6.9711
3021.9500 6.9402
3101.4750 7.1282
3181.0000 7.2094
3260.5250 7.1811
3340.0500 7.2016
3419.5750 7.0840
3499.1000 6.9702
3578.6250 7.0731
3658.1500 7.0192
3737.6750 7.0421
3817.2000 7.0850
3896.7250 6.9270
