VARIABLES = "Lag Time" "MSD"
ZONE T = "MPC 1014"
0.0000 0.0000
79.5250 7.1111
159.0500 7.2736
238.5750 7.3333
318.1000 7.2578
397.6250 7.2219
477.1500 7.2711
556.6750 7.3405
636.2000 7.2976
715.7250 7.2863
795.2500 7.3169
874.7750 7.1696
954.3000 7.4109
1033.8250 7.4083
1113.3500 7.3102
1192.8750 7.3058
1272.4000 7.3965
1351.9250 7.2952
1431.4500 7.5685
1510.9750 7.2934
1590.5000 7.3504
1670.0250 7.3950
1749.5500 7.4045
1829.0750 7.4432
1908.6000 7.3669
1988.1250 7.4137
2067.6500 7.3791
2147.1750 7.5696
2226.7000 7.4583
2306.2250 7.4318
2385.7500 7.4832
2465.2750 7.5566
2544.8000 7.5652
2624.3250 7.5281
2703.8500 7.5133
2783.3750 7.3793
2862.9000 7.4258
2942.4250 7.4737
3021.9500 7.6368
3101.4750 7.3396
3181.0000 7.4273
3260.5250 7.3016
3340.0500 7.3472
3419.5750 7.4085
3499.1000 7.4344
3578.6250 7.5216
3658.1500 7.4983
3737.6750 7.4767
3817.2000 7.5180
3896.7250 7.4796
