VARIABLES = "Lag Time" "MSD"
ZONE T = "MPC 1063"
0.0000 0.0000
79.5250 6.8366
159.0500 6.8081
238.5750 6.8439
318.1000 6.8061
397.6250 6.7463
477.1500 6.7106
556.6750 6.5916
636.2000 6.8588
715.7250 6.8064
795.2500 6.6778
874.7750 6.7126
954.3000 6.7973
1033.8250 6.6732
1113.3500 6.6863
1192.8750 6.7608
1272.4000 6.6490
1351.9250 6.7685
1431.4500 6.8843
1510.9750 6.8160
1590.5000 6.8243
1670.0250 6.7745
1749.5500 6.8055
1829.0750 6.6417
1908.6000 6.8506
1988.1250 6.9448
2067.6500 6.7465
2147.1750 6.9768
2226.7000 6.9898
2306.2250 6.8238
2385.7500 7.0053
2465.2750 6.7234
2544.8000 6.7227
2624.3250 6.7720
2703.8500 6.8818
2783.3750 6.7156
2862.9000 6.8149
2942.4250 6.8361
3021.9500 6.9429
3101.4750 6.7444
3181.0000 6.8912
3260.5250 6.8829
3340.0500 6.7477
3419.5750 6.8609
3499.1000 6.8774
3578.6250 6.8713
3658.1500 6.7386
3737.6750 6.5765
3817.2000 6.7423
3896.7250 6.7199
