VARIABLES = "Lag Time" "MSD"
ZONE T = "MPC 111"
0.0000 0.0000
79.5250 113.3041
159.0500 148.4082
238.5750 164.3195
318.1000 171.4873
397.6250 175.6039
477.1500 178.0126
556.6750 178.1775
636.2000 179.0202
715.7250 178.5540
795.2500 180.9746
874.7750 182.6216
954.3000 184.7896
1033.8250 184.0637
1113.3500 187.2669
1192.8750 187.3134
1272.4000 183.1668
1351.9250 181.4158
1431.4500 181.9135
1510.9750 179.9751
1590.5000 181.1414
1670.0250 182.8957
1749.5500 187.0513
1829.0750 189.2846
1908.6000 188.1277
1988.1250 191.1206
2067.6500 192.8203
2147.1750 192.6515
2226.7000 194.4233
2306.2250 190.9901
2385.7500 188.5962
2465.2750 192.3786
2544.8000 193.9741
2624.3250 193.7119
2703.8500 190.8428
2783.3750 191.6851
2862.9000 191.3580
2942.4250 191.0094
3021.9500 187.5341
3101.4750 187.5246
3181.0000 187.0817
3260.5250 185.2226
3340.0500 186.7050
3419.5750 184.7509
3499.1000 185.9944
3578.6250 188.5412
3658.1500 191.2575
3737.6750 191.7221
3817.2000 194.2236
3896.7250 194.0560
