VARIABLES = "Lag Time" "MSD"
ZONE T = "MPC 1104"
0.0000 0.0000
79.5250 5.9600
159.0500 6.0009
238.5750 5.8859
318.1000 6.2003
397.6250 6.0641
477.1500 6.0362
556.6750 5.9568
636.2000 6.1450
715.7250 5.9903
795.2500 6.0199
874.7750 6.0254
954.3000 5.9131
1033.8250 6.1019
1113.3500 5.9568
1192.8750 6.1075
1272.4000 6.1373
1351.9250 6.1368
1431.4500 6.1535
1510.9750 6.1058
1590.5000 6.1031
1670.0250 5.9328
1749.5500 6.2305
1829.0750 6.0791
1908.6000 6.0337
1988.1250 6.0507
2067.6500 5.9878
2147.1750 5.9751
2226.7000 6.0624
2306.2250 5.9715
2385.7500 6.0615
2465.2750 6.2310
2544.8000 6.1822
2624.3250 6.0175
2703.8500 6.0576
2783.3750 5.9428
2862.9000 6.0267
2942.4250 5.9378
3021.9500 6.0192
3101.4750 6.0840
3181.0000 6.0476
3260.5250 6.0477
3340.0500 6.1332
3419.5750 5.9729
3499.1000 5.9742
3578.6250 6.0270
3658.1500 6.0147
3737.6750 6.0228
3817.2000 5.9640
3896.7250 6.0133
