VARIABLES = "Lag Time" "MSD"
ZONE T = "MPC 1059"
0.0000 0.0000
79.5250 6.5000
159.0500 6.5837
238.5750 6.6800
318.1000 6.5396
397.6250 6.5152
477.1500 6.5781
556.6750 6.5797
636.2000 6.4221
715.7250 6.4919
795.2500 6.4066
874.7750 6.6064
954.3000 6.6465
1033.8250 6.7449
1113.3500 6.6413
1192.8750 6.8137
1272.4000 6.6118
1351.9250 6.5431
1431.4500 6.4534
1510.9750 6.6782
1590.5000 6.5155
1670.0250 6.5906
1749.5500 6.5818
1829.0750 6.7324
1908.6000 6.5973
1988.1250 6.5358
2067.6500 6.4763
2147.1750 6.4433
2226.7000 6.6389
2306.2250 6.5606
2385.7500 6.5581
2465.2750 6.4909
2544.8000 6.5026
2624.3250 6.8058
2703.8500 6.6602
2783.3750 6.5688
2862.9000 6.4068
2942.4250 6.4580
3021.9500 6.7178
3101.4750 6.5433
3181.0000 6.5250
3260.5250 6.6066
3340.0500 6.7001
3419.5750 6.5602
3499.1000 6.6138
3578.6250 6.7073
3658.1500 6.5031
3737.6750 6.5360
3817.2000 6.4351
3896.7250 6.6072
