VARIABLES = "Lag Time" "MSD"
ZONE T = "MPC 1062"
0.0000 0.0000
79.5250 6.3879
159.0500 6.5924
238.5750 6.3532
318.1000 6.5343
397.6250 6.5585
477.1500 6.4412
556.6750 6.4729
636.2000 6.5206
715.7250 6.5407
795.2500 6.5784
874.7750 6.6734
954.3000 6.5671
1033.8250 6.5727
1113.3500 6.6669
1192.8750 6.4501
1272.4000 6.6375
1351.9250 6.5428
1431.4500 6.4795
1510.9750 6.5228
1590.5000 6.5410
1670.0250 6.5546
1749.5500 6.6068
1829.0750 6.7616
1908.6000 6.6948
1988.1250 6.4727
2067.6500 6.3885
2147.1750 6.4209
2226.7000 6.6500
2306.2250 6.6214
2385.7500 6.6565
2465.2750 6.5632
2544.8000 6.7196
2624.3250 6.7063
2703.8500 6.7076
2783.3750 6.7094
2862.9000 6.5401
2942.4250 6.5650
3021.9500 6.7333
3101.4750 6.6707
3181.0000 6.6278
3260.5250 6.6840
3340.0500 6.7601
3419.5750 6.6797
3499.1000 6.5775
3578.6250 6.6635
3658.1500 6.5733
3737.6750 6.7539
3817.2000 6.6401
3896.7250 6.7767
