VARIABLES = "Lag Time" "MSD"
ZONE T = "MPC 17"
0.0000 0.0000
79.5250 519.9874
159.0500 1028.9851
238.5750 1509.6733
318.1000 1954.5978
397.6250 2387.2204
477.1500 2822.4605
556.6750 3248.6308
636.2000 3658.5561
715.7250 4070.5968
795.2500 4466.0325
874.7750 4851.1234
954.3000 5229.0925
1033.8250 5606.8005
1113.3500 5975.5001
1192.8750 6328.0385
1272.4000 6660.8011
1351.9250 6993.3006
1431.4500 7315.4400
1510.9750 7643.1764
1590.5000 7974.7676
1670.0250 8296.4664
1749.5500 8614.7755
1829.0750 8923.9720
1908.6000 9218.5670
1988.1250 9478.8897
2067.6500 9740.1364
2147.1750 9987.7613
2226.7000 10206.9985
2306.2250 10422.3000
2385.7500 10631.1811
2465.2750 10836.6986
2544.8000 11020.9904
2624.3250 11168.9765
2703.8500 11329.0299
2783.3750 11504.1776
2862.9000 11675.9992
2942.4250 11829.8696
3021.9500 11966.8104
3101.4750 12091.4269
3181.0000 12215.5630
3260.5250 12346.8977
3340.0500 12462.4855
3419.5750 12589.2593
3499.1000 12718.6310
3578.6250 12830.5329
3658.1500 12926.7048
3737.6750 13035.5168
3817.2000 13150.5775
3896.7250 13250.0120
