VARIABLES = "Lag Time" "MSD"
ZONE T = "MPC 1022"
0.0000 0.0000
79.5250 7.2650
159.0500 7.4012
238.5750 7.0336
318.1000 7.4950
397.6250 7.4119
477.1500 7.2676
556.6750 7.2238
636.2000 7.4162
715.7250 7.2792
795.2500 7.3760
874.7750 7.3209
954.3000 7.3452
1033.8250 7.3035
1113.3500 7.3237
1192.8750 7.3076
1272.4000 7.2811
1351.9250 7.4094
1431.4500 7.4171
1510.9750 7.2434
1590.5000 7.2894
1670.0250 7.4278
1749.5500 7.2571
1829.0750 7.4313
1908.6000 7.3073
1988.1250 7.1534
2067.6500 7.3775
2147.1750 7.4313
2226.7000 7.2896
2306.2250 7.3365
2385.7500 7.4445
2465.2750 7.3953
2544.8000 7.3106
2624.3250 7.2840
2703.8500 7.5668
2783.3750 7.4282
2862.9000 7.3690
2942.4250 7.5277
3021.9500 7.3653
3101.4750 7.4164
3181.0000 7.5755
3260.5250 7.4906
3340.0500 7.3885
3419.5750 7.5784
3499.1000 7.5703
3578.6250 7.3257
3658.1500 7.4938
3737.6750 7.3648
3817.2000 7.4419
3896.7250 7.5424
