VARIABLES = "Lag Time" "MSD"
ZONE T = "MPC 1032"
0.0000 0.0000
79.5250 6.7229
159.0500 6.9488
238.5750 6.8933
318.1000 7.1025
397.6250 6.8146
477.1500 7.0576
556.6750 7.1039
636.2000 7.2336
715.7250 7.1005
795.2500 7.1501
874.7750 6.9800
954.3000 7.1212
1033.8250 7.0921
1113.3500 7.0470
1192.8750 7.1078
1272.4000 7.0869
1351.9250 7.1210
1431.4500 7.1005
1510.9750 7.0605
1590.5000 7.1449
1670.0250 7.1129
1749.5500 7.0811
1829.0750 7.1471
1908.6000 7.1513
1988.1250 7.0423
2067.6500 7.0394
2147.1750 7.1801
2226.7000 7.0774
2306.2250 7.1256
2385.7500 7.0766
2465.2750 7.0823
2544.8000 7.2855
2624.3250 7.1685
2703.8500 7.1180
2783.3750 7.1500
2862.9000 7.0735
2942.4250 7.1976
3021.9500 7.2975
3101.4750 7.2883
3181.0000 7.3592
3260.5250 7.1988
3340.0500 6.9901
3419.5750 7.1747
3499.1000 7.0250
3578.6250 7.0009
3658.1500 7.2239
3737.6750 7.0126
3817.2000 7.1558
3896.7250 7.0865
