VARIABLES = "Lag Time" "MSD"
ZONE T = "MPC 117"
0.0000 0.0000
79.5250 107.4991
159.0500 136.7167
238.5750 146.5733
318.1000 152.5387
397.6250 154.1869
477.1500 157.0380
556.6750 157.6463
636.2000 157.2184
715.7250 160.8596
795.2500 159.7598
874.7750 161.4450
954.3000 164.4369
1033.8250 164.1929
1113.3500 165.7377
1192.8750 165.4948
1272.4000 164.0474
1351.9250 161.8694
1431.4500 165.5214
1510.9750 168.8307
1590.5000 170.4978
1670.0250 172.0964
1749.5500 172.7975
1829.0750 173.7145
1908.6000 171.5482
1988.1250 172.3020
2067.6500 171.8281
2147.1750 167.8809
2226.7000 169.2080
2306.2250 170.2094
2385.7500 172.3965
2465.2750 175.7758
2544.8000 178.3152
2624.3250 176.1179
2703.8500 171.9060
2783.3750 169.4199
2862.9000 174.8564
2942.4250 175.7443
3021.9500 178.9790
3101.4750 182.2557
3181.0000 184.6239
3260.5250 180.3758
3340.0500 178.9066
3419.5750 181.1457
3499.1000 179.6119
3578.6250 181.6189
3658.1500 178.2238
3737.6750 179.4800
3817.2000 179.8283
3896.7250 180.8944
