VARIABLES = "Lag Time" "MSD"
ZONE T = "MPC 11"
0.0000 0.0000
79.5250 974.0730
159.0500 1897.1217
238.5750 2775.1037
318.1000 3636.4424
397.6250 4433.4416
477.1500 5225.0961
556.6750 5978.1698
636.2000 6716.6140
715.7250 7444.1192
795.2500 8195.6528
874.7750 8947.9576
954.3000 9659.3041
1033.8250 10390.4043
1113.3500 11047.1560
1192.8750 11665.8318
1272.4000 12269.0356
1351.9250 12837.0826
1431.4500 13396.4184
1510.9750 13935.4035
1590.5000 14452.4267
1670.0250 14993.5886
1749.5500 15555.4292
1829.0750 16142.3159
1908.6000 16726.0877
1988.1250 17294.7524
2067.6500 17826.3178
2147.1750 18350.3825
2226.7000 18867.1822
2306.2250 19425.8492
2385.7500 19978.8675
2465.2750 20519.4185
2544.8000 21046.8720
2624.3250 21570.0341
2703.8500 22091.4209
2783.3750 22586.0846
2862.9000 23085.8468
2942.4250 23576.2570
3021.9500 24059.3809
3101.4750 24518.5807
3181.0000 24903.8821
3260.5250 25265.5963
3340.0500 25609.8540
3419.5750 25967.3399
3499.1000 26371.9540
3578.6250 26785.9332
3658.1500 27192.9940
3737.6750 27609.2608
3817.2000 28017.9293
3896.7250 28411.9208
