VARIABLES = "Lag Time" "MSD"
ZONE T = "MPC 1064"
0.0000 0.0000
79.5250 6.6937
159.0500 6.5726
238.5750 6.7214
318.1000 6.5640
397.6250 6.5878
477.1500 6.8338
556.6750 6.6798
636.2000 6.6459
715.7250 6.7429
795.2500 6.8424
874.7750 6.7194
954.3000 6.6661
1033.8250 6.7702
1113.3500 6.7390
1192.8750 6.7902
1272.4000 6.5400
1351.9250 6.7510
1431.4500 6.6581
1510.9750 6.7084
1590.5000 6.7377
1670.0250 6.7625
1749.5500 6.7729
1829.0750 6.7220
1908.6000 6.9734
1988.1250 6.5756
2067.6500 6.6394
2147.1750 6.6969
2226.7000 6.7449
2306.2250 6.7653
2385.7500 6.7696
2465.2750 6.8844
2544.8000 6.8700
2624.3250 6.7189
2703.8500 6.7052
2783.3750 6.8929
2862.9000 6.7409
2942.4250 6.8787
3021.9500 6.7672
3101.4750 6.8635
3181.0000 6.9780
3260.5250 6.8967
3340.0500 6.7305
3419.5750 6.7624
3499.1000 6.7453
3578.6250 6.7260
3658.1500 6.7715
3737.6750 6.7991
3817.2000 6.7748
3896.7250 6.8478
