VARIABLES = "Lag Time" "MSD"
ZONE T = "MPC 1054"
0.0000 0.0000
79.5250 6.9650
159.0500 6.8899
238.5750 6.9568
318.1000 7.0550
397.6250 7.0713
477.1500 7.1611
556.6750 7.0839
636.2000 7.0826
715.7250 6.9816
795.2500 6.9776
874.7750 7.1978
954.3000 7.0897
1033.8250 6.8565
1113.3500 6.9335
1192.8750 6.9534
1272.4000 7.0047
1351.9250 7.0285
1431.4500 7.0795
1510.9750 7.0077
1590.5000 7.2267
1670.0250 7.0617
1749.5500 7.1115
1829.0750 6.9778
1908.6000 7.0864
1988.1250 7.3258
2067.6500 6.9673
2147.1750 7.0277
2226.7000 6.9957
2306.2250 6.8900
2385.7500 7.1194
2465.2750 7.0089
2544.8000 7.0698
2624.3250 7.1239
2703.8500 7.1059
2783.3750 7.1743
2862.9000 7.0538
2942.4250 7.0976
3021.9500 7.0815
3101.4750 7.0989
3181.0000 7.1596
3260.5250 7.1365
3340.0500 7.1649
3419.5750 7.1164
3499.1000 7.1185
3578.6250 6.9672
3658.1500 7.1338
3737.6750 7.0079
3817.2000 7.2671
3896.7250 7.3062
