VARIABLES = "Lag Time" "MSD"
ZONE T = "MPC 136"
0.0000 0.0000
79.5250 102.3545
159.0500 131.3429
238.5750 142.0298
318.1000 141.4903
397.6250 146.2672
477.1500 148.2420
556.6750 148.7128
636.2000 149.1769
715.7250 148.5546
795.2500 147.6102
874.7750 147.4821
954.3000 148.2420
1033.8250 151.9632
1113.3500 152.2643
1192.8750 154.4536
1272.4000 151.9263
1351.9250 152.4478
1431.4500 152.6119
1510.9750 151.7091
1590.5000 150.9609
1670.0250 151.8796
1749.5500 152.9422
1829.0750 152.9238
1908.6000 155.7102
1988.1250 159.4157
2067.6500 157.1669
2147.1750 157.3302
2226.7000 157.0682
2306.2250 160.5135
2385.7500 163.0495
2465.2750 160.8995
2544.8000 158.7322
2624.3250 160.3839
2703.8500 159.7649
2783.3750 161.4741
2862.9000 161.9620
2942.4250 160.6827
3021.9500 160.5449
3101.4750 164.3084
3181.0000 165.8630
3260.5250 166.8625
3340.0500 164.6548
3419.5750 165.3726
3499.1000 166.1391
3578.6250 163.9414
3658.1500 166.3945
3737.6750 169.8548
3817.2000 169.4054
3896.7250 167.2505
