VARIABLES = "Lag Time" "MSD"
ZONE T = "MPC 1091"
0.0000 0.0000
79.5250 6.0870
159.0500 6.0901
238.5750 6.2102
318.1000 6.0940
397.6250 6.2854
477.1500 6.3108
556.6750 6.2126
636.2000 6.1926
715.7250 6.1556
795.2500 6.1401
874.7750 6.0553
954.3000 6.0313
1033.8250 6.3645
1113.3500 6.3780
1192.8750 6.3188
1272.4000 6.3427
1351.9250 6.4685
1431.4500 6.3276
1510.9750 6.2103
1590.5000 6.2415
1670.0250 6.2941
1749.5500 6.1147
1829.0750 6.2490
1908.6000 6.2098
1988.1250 6.2617
2067.6500 6.2769
2147.1750 6.2844
2226.7000 6.2814
2306.2250 6.3115
2385.7500 6.2701
2465.2750 6.3203
2544.8000 6.3348
2624.3250 6.2676
2703.8500 6.3169
2783.3750 6.1372
2862.9000 6.3668
2942.4250 6.1975
3021.9500 6.4326
3101.4750 6.1079
3181.0000 6.2458
3260.5250 6.2156
3340.0500 6.2413
3419.5750 6.1793
3499.1000 6.2156
3578.6250 6.3247
3658.1500 6.2746
3737.6750 6.2409
3817.2000 6.2997
3896.7250 6.3550
