VARIABLES = "Lag Time" "MSD"
ZONE T = "MPC 1029"
0.0000 0.0000
79.5250 7.0135
159.0500 6.9700
238.5750 6.9941
318.1000 7.0267
397.6250 7.1514
477.1500 6.8673
556.6750 7.0233
636.2000 6.8964
715.7250 7.0239
795.2500 7.0834
874.7750 7.1031
954.3000 7.0651
1033.8250 7.0916
1113.3500 6.9857
1192.8750 7.0489
1272.4000 7.0929
1351.9250 7.1019
1431.4500 7.2128
1510.9750 7.0346
1590.5000 7.0534
1670.0250 6.9555
1749.5500 6.9711
1829.0750 7.0336
1908.6000 7.0183
1988.1250 7.0121
2067.6500 7.0361
2147.1750 7.2138
2226.7000 7.2050
2306.2250 7.1142
2385.7500 7.0434
2465.2750 7.2105
2544.8000 7.1432
2624.3250 7.1066
2703.8500 7.0675
2783.3750 7.2139
2862.9000 7.2662
2942.4250 7.1401
3021.9500 7.0755
3101.4750 6.9941
3181.0000 7.0496
3260.5250 6.9952
3340.0500 7.1137
3419.5750 7.1642
3499.1000 7.1624
3578.6250 7.0244
3658.1500 7.1701
3737.6750 7.0597
3817.2000 7.1086
3896.7250 7.1368
