VARIABLES = "Lag Time" "MSD"
ZONE T = "MPC 124"
0.0000 0.0000
79.5250 119.4173
159.0500 152.9402
238.5750 160.6407
318.1000 160.5409
397.6250 163.8062
477.1500 166.3966
556.6750 166.6277
636.2000 167.1930
715.7250 168.5499
795.2500 169.9204
874.7750 164.8697
954.3000 166.9861
1033.8250 168.5486
1113.3500 169.2814
1192.8750 164.6829
1272.4000 167.4769
1351.9250 168.9123
1431.4500 167.6124
1510.9750 170.0470
1590.5000 171.7609
1670.0250 173.4394
1749.5500 173.6338
1829.0750 170.3842
1908.6000 168.9236
1988.1250 171.5235
2067.6500 169.6519
2147.1750 171.9776
2226.7000 171.9605
2306.2250 170.7311
2385.7500 172.1849
2465.2750 168.6396
2544.8000 168.8474
2624.3250 170.1448
2703.8500 173.9117
2783.3750 172.6955
2862.9000 174.8731
2942.4250 175.8346
3021.9500 176.2984
3101.4750 177.2977
3181.0000 175.1872
3260.5250 173.1043
3340.0500 174.6952
3419.5750 177.8751
3499.1000 181.1491
3578.6250 177.9597
3658.1500 177.8479
3737.6750 175.5375
3817.2000 173.0271
3896.7250 172.1285
