VARIABLES = "Lag Time" "MSD"
ZONE T = "MPC 1025"
0.0000 0.0000
79.5250 7.0477
159.0500 6.9667
238.5750 7.1349
318.1000 7.1408
397.6250 7.2096
477.1500 7.1049
556.6750 7.2926
636.2000 7.0274
715.7250 7.0486
795.2500 7.1634
874.7750 7.1886
954.3000 7.0876
1033.8250 7.1720
1113.3500 7.1962
1192.8750 7.2216
1272.4000 7.1943
1351.9250 7.3797
1431.4500 7.3429
1510.9750 7.2863
1590.5000 7.3055
1670.0250 7.1892
1749.5500 7.5788
1829.0750 7.0459
1908.6000 7.2415
1988.1250 7.2797
2067.6500 7.2110
2147.1750 7.3774
2226.7000 7.4928
2306.2250 7.3351
2385.7500 7.3695
2465.2750 7.3655
2544.8000 7.2541
2624.3250 7.4863
2703.8500 7.1720
2783.3750 7.3227
2862.9000 7.3525
2942.4250 7.4014
3021.9500 7.4328
3101.4750 7.4167
3181.0000 7.3883
3260.5250 7.3033
3340.0500 7.5085
3419.5750 7.2352
3499.1000 7.3661
3578.6250 7.4211
3658.1500 7.3024
3737.6750 7.3152
3817.2000 7.3322
3896.7250 7.2181
