VARIABLES = "Lag Time" "MSD"
ZONE T = "MPC 159"
0.0000 0.0000
79.5250 95.7504
159.0500 108.7712
238.5750 114.4924
318.1000 117.2946
397.6250 119.9982
477.1500 118.7869
556.6750 119.9433
636.2000 117.3778
715.7250 118.5420
795.2500 119.6988
874.7750 120.5544
954.3000 122.2100
1033.8250 123.1046
1113.3500 125.2542
1192.8750 123.1134
1272.4000 122.4285
1351.9250 125.8260
1431.4500 128.7876
1510.9750 129.3308
1590.5000 130.2639
1670.0250 131.7759
1749.5500 132.7146
1829.0750 135.6543
1908.6000 135.2667
1988.1250 133.6765
2067.6500 134.5597
2147.1750 135.0467
2226.7000 136.3993
2306.2250 139.1309
2385.7500 141.9353
2465.2750 140.0929
2544.8000 140.6080
2624.3250 141.5186
2703.8500 141.0509
2783.3750 144.0759
2862.9000 143.1484
2942.4250 145.6386
3021.9500 144.9576
3101.4750 145.7588
3181.0000 146.6420
3260.5250 146.9595
3340.0500 147.2872
3419.5750 148.4273
3499.1000 148.3778
3578.6250 146.7720
3658.1500 147.2284
3737.6750 149.7261
3817.2000 149.0677
3896.7250 149.8210
