VARIABLES = "Lag Time" "MSD"
ZONE T = "MPC 123"
0.0000 0.0000
79.5250 123.0954
159.0500 151.0456
238.5750 159.4780
318.1000 162.5165
397.6250 162.8241
477.1500 162.9174
556.6750 165.5751
636.2000 168.9039
715.7250 166.8810
795.2500 171.2445
874.7750 168.2326
954.3000 165.8982
1033.8250 169.6974
1113.3500 168.2639
1192.8750 167.4937
1272.4000 171.8651
1351.9250 170.0424
1431.4500 169.7017
1510.9750 172.3992
1590.5000 174.4466
1670.0250 173.2519
1749.5500 169.4747
1829.0750 174.4126
1908.6000 173.8367
1988.1250 178.6391
2067.6500 176.8512
2147.1750 174.9438
2226.7000 177.5107
2306.2250 175.2505
2385.7500 177.4095
2465.2750 177.6041
2544.8000 178.3845
2624.3250 178.8728
2703.8500 177.9757
2783.3750 174.2645
2862.9000 177.0327
2942.4250 179.5276
3021.9500 183.2311
3101.4750 182.3821
3181.0000 180.3875
3260.5250 179.2936
3340.0500 179.5274
3419.5750 179.9548
3499.1000 181.8214
3578.6250 183.2773
3658.1500 183.0392
3737.6750 183.8061
3817.2000 183.4250
3896.7250 183.8600
