VARIABLES = "Lag Time" "MSD"
ZONE T = "MPC 1083"
0.0000 0.0000
79.5250 6.0076
159.0500 5.9687
238.5750 5.9464
318.1000 6.1434
397.6250 6.0667
477.1500 6.0165
556.6750 6.0399
636.2000 6.0952
715.7250 6.0385
795.2500 5.8774
874.7750 6.0161
954.3000 6.0482
1033.8250 5.9235
1113.3500 6.0846
1192.8750 6.1297
1272.4000 5.9991
1351.9250 6.1210
1431.4500 6.1416
1510.9750 6.1715
1590.5000 6.1765
1670.0250 6.0606
1749.5500 6.1437
1829.0750 6.1541
1908.6000 6.1441
1988.1250 5.9765
2067.6500 6.1182
2147.1750 6.0933
2226.7000 6.2108
2306.2250 6.1743
2385.7500 6.0050
2465.2750 6.0571
2544.8000 6.1508
2624.3250 6.0606
2703.8500 6.1384
2783.3750 6.2216
2862.9000 6.1617
2942.4250 6.1398
3021.9500 6.1922
3101.4750 6.2588
3181.0000 6.1389
3260.5250 6.1616
3340.0500 6.1617
3419.5750 6.0068
3499.1000 6.1008
3578.6250 6.0947
3658.1500 6.0814
3737.6750 6.1576
3817.2000 6.0633
3896.7250 6.1383
