VARIABLES = "Lag Time" "MSD"
ZONE T = "MPC 1019"
0.0000 0.0000
79.5250 7.0107
159.0500 7.1166
238.5750 7.2336
318.1000 7.1564
397.6250 7.1630
477.1500 7.2794
556.6750 7.2342
636.2000 7.1939
715.7250 7.2057
795.2500 7.1684
874.7750 7.2265
954.3000 7.3512
1033.8250 7.1174
1113.3500 7.3258
1192.8750 7.2517
1272.4000 7.1431
1351.9250 7.1630
1431.4500 7.3686
1510.9750 7.1706
1590.5000 7.1412
1670.0250 7.2017
1749.5500 7.1551
1829.0750 7.2682
1908.6000 7.1231
1988.1250 7.1867
2067.6500 7.2577
2147.1750 7.0976
2226.7000 7.1621
2306.2250 7.3737
2385.7500 7.0868
2465.2750 7.2214
2544.8000 7.1658
2624.3250 7.2069
2703.8500 7.1490
2783.3750 7.2252
2862.9000 7.2174
2942.4250 7.2441
3021.9500 7.3837
3101.4750 7.4921
3181.0000 7.2792
3260.5250 7.1820
3340.0500 7.3938
3419.5750 7.0887
3499.1000 7.1929
3578.6250 7.2291
3658.1500 7.1583
3737.6750 7.4459
3817.2000 7.1621
3896.7250 7.3130
