VARIABLES = "Lag Time" "MSD"
ZONE T = "MPC 1031"
0.0000 0.0000
79.5250 6.8967
159.0500 6.8542
238.5750 6.9451
318.1000 6.8128
397.6250 6.9925
477.1500 7.0079
556.6750 6.8309
636.2000 7.0082
715.7250 7.0834
795.2500 6.9696
874.7750 6.9466
954.3000 7.0464
1033.8250 7.0528
1113.3500 6.8895
1192.8750 7.0171
1272.4000 7.0310
1351.9250 6.9376
1431.4500 7.0054
1510.9750 7.0594
1590.5000 7.1318
1670.0250 7.0510
1749.5500 7.0218
1829.0750 6.8542
1908.6000 7.0471
1988.1250 6.9527
2067.6500 7.0952
2147.1750 6.9747
2226.7000 7.0518
2306.2250 6.8819
2385.7500 7.0307
2465.2750 7.0216
2544.8000 7.0568
2624.3250 6.9833
2703.8500 7.0489
2783.3750 6.8271
2862.9000 6.9784
2942.4250 7.0493
3021.9500 7.0698
3101.4750 7.0159
3181.0000 7.0133
3260.5250 7.0257
3340.0500 6.9012
3419.5750 7.0294
3499.1000 6.9567
3578.6250 7.1844
3658.1500 7.1106
3737.6750 7.0970
3817.2000 7.0255
3896.7250 7.1508
