VARIABLES = "Lag Time" "MSD"
ZONE T = "MPC 1070"
0.0000 0.0000
79.5250 6.7491
159.0500 6.6928
238.5750 6.8056
318.1000 6.8823
397.6250 6.7770
477.1500 6.8254
556.6750 6.8762
636.2000 6.7146
715.7250 6.9367
795.2500 6.8376
874.7750 6.8709
954.3000 6.7986
1033.8250 6.7531
1113.3500 6.7137
1192.8750 6.9060
1272.4000 6.9524
1351.9250 7.0241
1431.4500 6.8687
1510.9750 6.9082
1590.5000 6.7214
1670.0250 6.9585
1749.5500 6.8393
1829.0750 6.8056
1908.6000 6.8862
1988.1250 6.7711
2067.6500 6.9014
2147.1750 6.8570
2226.7000 6.8096
2306.2250 6.9944
2385.7500 7.0034
2465.2750 6.8739
2544.8000 6.7838
2624.3250 6.8192
2703.8500 6.9455
2783.3750 6.8347
2862.9000 6.9365
2942.4250 6.7012
3021.9500 6.7394
3101.4750 6.8831
3181.0000 6.8226
3260.5250 6.7740
3340.0500 6.7942
3419.5750 6.7915
3499.1000 6.7681
3578.6250 6.8000
3658.1500 6.8068
3737.6750 6.8372
3817.2000 6.8882
3896.7250 6.9840
