VARIABLES = "Lag Time" "MSD"
ZONE T = "MPC 1103"
0.0000 0.0000
79.5250 5.6601
159.0500 5.8702
238.5750 5.8839
318.1000 5.8189
397.6250 5.7267
477.1500 5.6927
556.6750 5.6531
636.2000 5.8510
715.7250 5.8597
795.2500 5.8029
874.7750 5.9098
954.3000 5.7433
1033.8250 5.7387
1113.3500 5.7615
1192.8750 5.7842
1272.4000 5.9167
1351.9250 5.9196
1431.4500 5.8851
1510.9750 5.7757
1590.5000 5.7863
1670.0250 5.9400
1749.5500 5.9188
1829.0750 5.7401
1908.6000 5.6935
1988.1250 5.9335
2067.6500 5.7922
2147.1750 5.7980
2226.7000 5.8569
2306.2250 5.7761
2385.7500 5.8279
2465.2750 5.8426
2544.8000 5.8257
2624.3250 5.7827
2703.8500 5.8093
2783.3750 5.7985
2862.9000 5.8288
2942.4250 5.7439
3021.9500 5.7358
3101.4750 5.8097
3181.0000 5.7251
3260.5250 5.8520
3340.0500 5.9667
3419.5750 5.8416
3499.1000 5.8101
3578.6250 5.8513
3658.1500 5.8534
3737.6750 5.7458
3817.2000 5.6484
3896.7250 5.8006
