VARIABLES = "Lag Time" "MSD"
ZONE T = "MPC 1107"
0.0000 0.0000
79.5250 5.7742
159.0500 5.7669
238.5750 5.7976
318.1000 5.7595
397.6250 5.7881
477.1500 5.7355
556.6750 5.7375
636.2000 5.8170
715.7250 5.7980
795.2500 5.8329
874.7750 5.8051
954.3000 5.7765
1033.8250 5.8760
1113.3500 5.9089
1192.8750 5.9574
1272.4000 5.7967
1351.9250 5.7682
1431.4500 5.6756
1510.9750 5.8252
1590.5000 5.8314
1670.0250 5.7457
1749.5500 5.8718
1829.0750 5.8556
1908.6000 5.8664
1988.1250 5.7808
2067.6500 5.7843
2147.1750 5.8618
2226.7000 5.7215
2306.2250 5.6911
2385.7500 5.8866
2465.2750 5.8637
2544.8000 5.8533
2624.3250 5.7838
2703.8500 5.7592
2783.3750 5.9557
2862.9000 5.6346
2942.4250 5.9246
3021.9500 5.8287
3101.4750 5.8344
3181.0000 5.9791
3260.5250 5.6727
3340.0500 5.9008
3419.5750 5.8527
3499.1000 5.7344
3578.6250 5.8644
3658.1500 5.6556
3737.6750 5.8941
3817.2000 5.7901
3896.7250 5.6964
