VARIABLES = "Lag Time" "MSD"
ZONE T = "MPC 163"
0.0000 0.0000
79.5250 81.9625
159.0500 96.0252
238.5750 104.1846
318.1000 102.5012
397.6250 105.9444
477.1500 105.0423
556.6750 107.6559
636.2000 109.0121
715.7250 111.5230
795.2500 111.6019
874.7750 116.0225
954.3000 116.2130
1033.8250 119.7469
1113.3500 116.5067
1192.8750 119.0851
1272.4000 118.1013
1351.9250 121.4077
1431.4500 120.9445
1510.9750 120.7484
1590.5000 121.6131
1670.0250 122.8518
1749.5500 125.3027
1829.0750 126.0263
1908.6000 126.1841
1988.1250 129.8534
2067.6500 130.9811
2147.1750 128.1481
2226.7000 129.6439
2306.2250 128.9915
2385.7500 131.8615
2465.2750 132.4040
2544.8000 134.1709
2624.3250 134.6702
2703.8500 133.9685
2783.3750 137.0227
2862.9000 135.1728
2942.4250 136.2644
3021.9500 134.4596
3101.4750 136.3170
3181.0000 137.1297
3260.5250 139.3448
3340.0500 142.6068
3419.5750 143.5564
3499.1000 142.6320
3578.6250 142.8706
3658.1500 143.8677
3737.6750 144.0765
3817.2000 143.8777
3896.7250 145.5214
