VARIABLES = "Lag Time" "MSD"
ZONE T = "MPC 105"
0.0000 0.0000
79.5250 116.1824
159.0500 151.5290
238.5750 167.9302
318.1000 173.6335
397.6250 175.1436
477.1500 174.8824
556.6750 179.8634
636.2000 180.7082
715.7250 182.5370
795.2500 185.8207
874.7750 181.1238
954.3000 183.2608
1033.8250 183.6239
1113.3500 187.3942
1192.8750 187.0901
1272.4000 188.2003
1351.9250 188.0874
1431.4500 193.2158
1510.9750 196.7975
1590.5000 196.2913
1670.0250 196.6684
1749.5500 196.8397
1829.0750 194.9101
1908.6000 195.7102
1988.1250 197.0148
2067.6500 200.9550
2147.1750 203.5095
2226.7000 205.5050
2306.2250 207.3228
2385.7500 210.0176
2465.2750 210.4572
2544.8000 211.9744
2624.3250 208.5947
2703.8500 211.3861
2783.3750 212.9035
2862.9000 216.6694
2942.4250 216.7348
3021.9500 219.6782
3101.4750 218.0825
3181.0000 217.7116
3260.5250 215.4428
3340.0500 217.4517
3419.5750 217.7506
3499.1000 219.1825
3578.6250 218.6565
3658.1500 219.5352
3737.6750 219.4666
3817.2000 221.8023
3896.7250 221.0184
