VARIABLES = "Lag Time" "MSD"
ZONE T = "MPC 1030"
0.0000 0.0000
79.5250 6.9940
159.0500 6.9985
238.5750 7.1450
318.1000 7.2624
397.6250 7.2369
477.1500 7.1053
556.6750 7.3801
636.2000 7.1812
715.7250 7.1709
795.2500 7.2632
874.7750 7.2351
954.3000 7.2726
1033.8250 7.1591
1113.3500 7.2720
1192.8750 7.1667
1272.4000 7.1495
1351.9250 7.2437
1431.4500 7.3082
1510.9750 7.1937
1590.5000 7.1943
1670.0250 7.2372
1749.5500 7.0017
1829.0750 7.3815
1908.6000 7.2284
1988.1250 7.4046
2067.6500 7.2175
2147.1750 7.3016
2226.7000 7.1936
2306.2250 7.2650
2385.7500 7.2804
2465.2750 7.4072
2544.8000 7.3992
2624.3250 7.3335
2703.8500 7.4831
2783.3750 7.2083
2862.9000 7.2453
2942.4250 7.3751
3021.9500 7.4271
3101.4750 7.3833
3181.0000 7.3475
3260.5250 7.0632
3340.0500 7.2836
3419.5750 7.1884
3499.1000 7.1238
3578.6250 7.1021
3658.1500 7.2185
3737.6750 7.3263
3817.2000 7.2942
3896.7250 7.3390
