VARIABLES = "Lag Time" "MSD"
ZONE T = "MPC 114"
0.0000 0.0000
79.5250 124.9621
159.0500 156.8145
238.5750 166.6315
318.1000 170.2223
397.6250 171.7649
477.1500 171.1361
556.6750 172.9129
636.2000 172.3709
715.7250 173.5637
795.2500 173.2764
874.7750 172.4798
954.3000 174.1602
1033.8250 177.8711
1113.3500 176.1431
1192.8750 180.5076
1272.4000 183.0714
1351.9250 179.5555
1431.4500 177.2468
1510.9750 179.1904
1590.5000 180.1094
1670.0250 178.6659
1749.5500 177.6443
1829.0750 176.7607
1908.6000 178.8097
1988.1250 182.7189
2067.6500 181.9878
2147.1750 181.8757
2226.7000 182.5187
2306.2250 184.5270
2385.7500 185.7630
2465.2750 187.9144
2544.8000 184.7114
2624.3250 186.7560
2703.8500 186.1075
2783.3750 188.6789
2862.9000 184.3639
2942.4250 184.8088
3021.9500 186.2727
3101.4750 186.8653
3181.0000 185.8117
3260.5250 189.2598
3340.0500 189.5218
3419.5750 188.4084
3499.1000 186.5302
3578.6250 189.3460
3658.1500 189.8701
3737.6750 191.0726
3817.2000 190.8424
3896.7250 188.5446
