VARIABLES = "Lag Time" "MSD"
ZONE T = "MPC 1102"
0.0000 0.0000
79.5250 5.7732
159.0500 5.7353
238.5750 5.6909
318.1000 5.6866
397.6250 5.6986
477.1500 5.8209
556.6750 5.7675
636.2000 5.5732
715.7250 5.6544
795.2500 5.7419
874.7750 5.8194
954.3000 5.6675
1033.8250 5.6996
1113.3500 5.7121
1192.8750 5.8577
1272.4000 5.8050
1351.9250 5.8327
1431.4500 5.7659
1510.9750 5.7227
1590.5000 5.7628
1670.0250 5.7523
1749.5500 5.8000
1829.0750 5.8420
1908.6000 5.8254
1988.1250 5.7796
2067.6500 5.8030
2147.1750 5.6973
2226.7000 5.7244
2306.2250 5.8603
2385.7500 5.7927
2465.2750 5.7417
2544.8000 5.8185
2624.3250 5.8589
2703.8500 5.7696
2783.3750 5.7782
2862.9000 5.7506
2942.4250 5.6943
3021.9500 5.7342
3101.4750 5.6782
3181.0000 5.7305
3260.5250 5.8051
3340.0500 5.8258
3419.5750 5.8140
3499.1000 5.7260
3578.6250 5.7761
3658.1500 5.9167
3737.6750 5.8879
3817.2000 5.6549
3896.7250 5.8150
