VARIABLES = "Lag Time" "MSD"
ZONE T = "MPC 189"
0.0000 0.0000
79.5250 73.2267
159.0500 79.0399
238.5750 79.0109
318.1000 82.2629
397.6250 81.7558
477.1500 82.6432
556.6750 81.2049
636.2000 81.2064
715.7250 81.7333
795.2500 81.9394
874.7750 84.4382
954.3000 83.1590
1033.8250 84.9377
1113.3500 84.3462
1192.8750 85.4062
1272.4000 85.3895
1351.9250 86.1862
1431.4500 85.4018
1510.9750 86.3129
1590.5000 87.4612
1670.0250 87.0472
1749.5500 86.5150
1829.0750 87.2743
1908.6000 88.1733
1988.1250 84.9156
2067.6500 85.5835
2147.1750 87.9831
2226.7000 86.0477
2306.2250 88.0184
2385.7500 87.9223
2465.2750 89.5306
2544.8000 89.3714
2624.3250 89.6307
2703.8500 90.7394
2783.3750 89.4027
2862.9000 88.7381
2942.4250 91.2626
3021.9500 89.5175
3101.4750 90.5849
3181.0000 89.8184
3260.5250 87.8164
3340.0500 88.1054
3419.5750 89.2345
3499.1000 89.6725
3578.6250 90.9635
3658.1500 90.6624
3737.6750 90.2797
3817.2000 91.4838
3896.7250 91.3989
