VARIABLES = "Lag Time" "MSD"
ZONE T = "MPC 1039"
0.0000 0.0000
79.5250 6.9406
159.0500 7.1274
238.5750 7.1448
318.1000 7.2593
397.6250 7.1813
477.1500 6.9839
556.6750 7.1655
636.2000 7.0311
715.7250 7.1430
795.2500 7.1558
874.7750 7.1683
954.3000 7.0920
1033.8250 7.2871
1113.3500 7.3522
1192.8750 7.2717
1272.4000 7.1710
1351.9250 7.2400
1431.4500 7.0614
1510.9750 7.2949
1590.5000 7.2980
1670.0250 7.3816
1749.5500 7.1410
1829.0750 7.1279
1908.6000 7.1164
1988.1250 7.2322
2067.6500 7.2958
2147.1750 7.2700
2226.7000 7.3039
2306.2250 7.2707
2385.7500 7.2204
2465.2750 7.1326
2544.8000 7.3759
2624.3250 7.2812
2703.8500 7.3838
2783.3750 7.3561
2862.9000 7.2685
2942.4250 7.1329
3021.9500 7.2007
3101.4750 7.3020
3181.0000 7.2080
3260.5250 7.5220
3340.0500 7.4919
3419.5750 7.5113
3499.1000 7.3569
3578.6250 7.3083
3658.1500 7.2525
3737.6750 7.4482
3817.2000 7.3715
3896.7250 7.5193
