VARIABLES = "Lag Time" "MSD"
ZONE T = "MPC 1096"
0.0000 0.0000
79.5250 5.8932
159.0500 5.8450
238.5750 5.9992
318.1000 5.8530
397.6250 5.9424
477.1500 5.9929
556.6750 6.0350
636.2000 5.8458
715.7250 5.7902
795.2500 5.9163
874.7750 6.0220
954.3000 5.9623
1033.8250 5.9188
1113.3500 5.9122
1192.8750 5.8416
1272.4000 5.9131
1351.9250 5.8941
1431.4500 5.9042
1510.9750 5.7943
1590.5000 5.9943
1670.0250 5.7648
1749.5500 5.9472
1829.0750 5.7555
1908.6000 5.8841
1988.1250 5.8109
2067.6500 5.9366
2147.1750 5.9360
2226.7000 5.8570
2306.2250 5.7856
2385.7500 5.9771
2465.2750 5.9067
2544.8000 5.9179
2624.3250 5.8473
2703.8500 5.8145
2783.3750 5.8740
2862.9000 5.8530
2942.4250 6.0132
3021.9500 5.9712
3101.4750 5.9172
3181.0000 5.6984
3260.5250 6.0414
3340.0500 5.8972
3419.5750 5.8338
3499.1000 5.8235
3578.6250 5.7976
3658.1500 6.0381
3737.6750 5.9387
3817.2000 6.0371
3896.7250 6.0283
