VARIABLES = "Lag Time" "MSD"
ZONE T = "MPC 1093"
0.0000 0.0000
79.5250 5.9190
159.0500 5.8344
238.5750 5.8579
318.1000 5.9559
397.6250 6.0561
477.1500 5.9812
556.6750 5.8933
636.2000 6.0388
715.7250 5.9382
795.2500 6.0027
874.7750 6.0088
954.3000 6.0344
1033.8250 5.9719
1113.3500 5.9511
1192.8750 6.0452
1272.4000 5.9537
1351.9250 5.9656
1431.4500 5.9957
1510.9750 6.0611
1590.5000 5.9773
1670.0250 6.0001
1749.5500 6.0314
1829.0750 5.8885
1908.6000 6.0434
1988.1250 6.1888
2067.6500 6.0710
2147.1750 5.9364
2226.7000 5.8317
2306.2250 5.9624
2385.7500 6.0393
2465.2750 6.0654
2544.8000 6.1799
2624.3250 6.0570
2703.8500 5.8942
2783.3750 5.8772
2862.9000 5.9407
2942.4250 5.8484
3021.9500 5.8958
3101.4750 5.9619
3181.0000 5.8289
3260.5250 6.0037
3340.0500 6.0440
3419.5750 5.9961
3499.1000 5.9915
3578.6250 5.9826
3658.1500 5.9512
3737.6750 5.9141
3817.2000 5.9386
3896.7250 6.0066
