VARIABLES = "Lag Time" "MSD"
ZONE T = "MPC 169"
0.0000 0.0000
79.5250 87.3058
159.0500 101.7281
238.5750 106.0671
318.1000 106.2328
397.6250 107.9494
477.1500 109.8093
556.6750 111.9894
636.2000 111.5782
715.7250 111.4669
795.2500 110.3312
874.7750 111.0649
954.3000 112.5174
1033.8250 112.5820
1113.3500 112.5074
1192.8750 113.6693
1272.4000 116.3204
1351.9250 116.1351
1431.4500 117.8084
1510.9750 117.6530
1590.5000 116.4222
1670.0250 115.6841
1749.5500 115.5882
1829.0750 119.7310
1908.6000 117.7469
1988.1250 118.9780
2067.6500 118.9714
2147.1750 118.6784
2226.7000 120.9160
2306.2250 120.3999
2385.7500 121.4822
2465.2750 122.5830
2544.8000 124.1081
2624.3250 125.6047
2703.8500 123.5723
2783.3750 126.0036
2862.9000 128.1304
2942.4250 125.7379
3021.9500 127.8895
3101.4750 126.5604
3181.0000 127.7688
3260.5250 128.9390
3340.0500 129.0466
3419.5750 128.9395
3499.1000 129.9999
3578.6250 129.0721
3658.1500 129.2115
3737.6750 131.4888
3817.2000 131.1527
3896.7250 133.3065
