VARIABLES = "Lag Time" "MSD"
ZONE T = "MPC 192"
0.0000 0.0000
79.5250 74.0981
159.0500 81.5861
238.5750 83.3727
318.1000 83.1269
397.6250 83.0371
477.1500 84.3974
556.6750 84.0742
636.2000 85.2679
715.7250 86.9352
795.2500 86.5943
874.7750 86.3666
954.3000 88.6770
1033.8250 87.3428
1113.3500 88.5026
1192.8750 87.3346
1272.4000 87.5547
1351.9250 88.1289
1431.4500 88.3761
1510.9750 88.9251
1590.5000 89.3068
1670.0250 89.5675
1749.5500 88.7405
1829.0750 88.8200
1908.6000 91.5875
1988.1250 90.3361
2067.6500 88.5849
2147.1750 90.4142
2226.7000 91.3388
2306.2250 91.3504
2385.7500 89.2477
2465.2750 89.8704
2544.8000 91.1896
2624.3250 89.8153
2703.8500 93.1664
2783.3750 94.2752
2862.9000 93.7322
2942.4250 92.3979
3021.9500 93.8471
3101.4750 92.6261
3181.0000 92.9102
3260.5250 94.0868
3340.0500 92.6700
3419.5750 93.0415
3499.1000 91.6670
3578.6250 92.9130
3658.1500 92.1482
3737.6750 91.8742
3817.2000 93.4216
3896.7250 95.1237
