VARIABLES = "Lag Time" "MSD"
ZONE T = "MPC 1101"
0.0000 0.0000
79.5250 6.0106
159.0500 5.9585
238.5750 5.9982
318.1000 6.0588
397.6250 6.0544
477.1500 6.0227
556.6750 6.0241
636.2000 6.0119
715.7250 6.0838
795.2500 6.0218
874.7750 6.1023
954.3000 5.9820
1033.8250 6.0028
1113.3500 6.0616
1192.8750 6.0387
1272.4000 6.0494
1351.9250 5.8489
1431.4500 6.0291
1510.9750 6.0606
1590.5000 6.0413
1670.0250 5.9853
1749.5500 6.1014
1829.0750 6.0315
1908.6000 5.9124
1988.1250 6.1432
2067.6500 6.0042
2147.1750 6.1265
2226.7000 6.0858
2306.2250 6.1195
2385.7500 5.9439
2465.2750 6.0387
2544.8000 6.0253
2624.3250 6.0207
2703.8500 5.9172
2783.3750 6.0642
2862.9000 5.9664
2942.4250 6.0579
3021.9500 6.1659
3101.4750 6.0259
3181.0000 6.0293
3260.5250 6.1880
3340.0500 5.9829
3419.5750 6.0653
3499.1000 6.0895
3578.6250 5.9973
3658.1500 6.0890
3737.6750 5.9462
3817.2000 6.0542
3896.7250 5.8720
