VARIABLES = "Lag Time" "MSD"
ZONE T = "MPC 151"
0.0000 0.0000
79.5250 82.6660
159.0500 96.6317
238.5750 104.5334
318.1000 107.1516
397.6250 113.4854
477.1500 113.4926
556.6750 117.5943
636.2000 119.8192
715.7250 123.6585
795.2500 126.3363
874.7750 127.7981
954.3000 132.9413
1033.8250 134.5604
1113.3500 136.2197
1192.8750 139.3952
1272.4000 140.7153
1351.9250 141.9943
1431.4500 143.3637
1510.9750 147.0321
1590.5000 148.8052
1670.0250 151.3091
1749.5500 153.3615
1829.0750 155.9681
1908.6000 156.0493
1988.1250 157.1211
2067.6500 159.5304
2147.1750 161.5484
2226.7000 161.9895
2306.2250 166.6375
2385.7500 165.2446
2465.2750 168.9122
2544.8000 167.3192
2624.3250 170.9420
2703.8500 171.5925
2783.3750 171.7950
2862.9000 173.0268
2942.4250 172.7178
3021.9500 175.2713
3101.4750 177.4823
3181.0000 179.3516
3260.5250 180.1852
3340.0500 180.6509
3419.5750 180.3208
3499.1000 182.7962
3578.6250 182.3468
3658.1500 183.4590
3737.6750 184.7209
3817.2000 185.8540
3896.7250 188.1834
