VARIABLES = "Lag Time" "MSD"
ZONE T = "MPC 178"
0.0000 0.0000
79.5250 75.4309
159.0500 86.0340
238.5750 87.6723
318.1000 91.1018
397.6250 92.7867
477.1500 94.4350
556.6750 93.7543
636.2000 95.5000
715.7250 95.8563
795.2500 96.8225
874.7750 99.5449
954.3000 99.7775
1033.8250 101.1169
1113.3500 101.2922
1192.8750 103.6106
1272.4000 104.6183
1351.9250 103.7880
1431.4500 106.2406
1510.9750 107.7090
1590.5000 110.6539
1670.0250 109.5482
1749.5500 110.0939
1829.0750 112.1633
1908.6000 112.4608
1988.1250 113.4277
2067.6500 112.5436
2147.1750 114.5016
2226.7000 114.5701
2306.2250 115.6886
2385.7500 116.7639
2465.2750 118.3904
2544.8000 117.5191
2624.3250 118.2450
2703.8500 121.0318
2783.3750 120.0793
2862.9000 120.1577
2942.4250 122.7100
3021.9500 123.6930
3101.4750 125.0619
3181.0000 124.7868
3260.5250 125.8851
3340.0500 124.5964
3419.5750 126.1363
3499.1000 128.0729
3578.6250 128.4266
3658.1500 127.5292
3737.6750 129.7074
3817.2000 129.1873
3896.7250 127.0894
