VARIABLES = "Lag Time" "MSD"
ZONE T = "MPC 18"
0.0000 0.0000
79.5250 522.9634
159.0500 1011.9072
238.5750 1463.4521
318.1000 1894.3259
397.6250 2328.3293
477.1500 2750.3674
556.6750 3160.0341
636.2000 3548.3979
715.7250 3922.3719
795.2500 4282.4109
874.7750 4626.2761
954.3000 4934.8257
1033.8250 5250.8951
1113.3500 5552.1413
1192.8750 5856.1128
1272.4000 6137.7201
1351.9250 6394.8339
1431.4500 6628.3029
1510.9750 6866.6411
1590.5000 7090.1242
1670.0250 7319.2551
1749.5500 7546.9139
1829.0750 7768.5443
1908.6000 7993.5189
1988.1250 8236.2697
2067.6500 8488.6543
2147.1750 8749.6021
2226.7000 9018.7211
2306.2250 9299.5799
2385.7500 9594.6702
2465.2750 9861.0521
2544.8000 10114.8158
2624.3250 10379.6020
2703.8500 10650.0588
2783.3750 10922.2714
2862.9000 11182.6134
2942.4250 11419.8931
3021.9500 11687.0845
3101.4750 11916.8976
3181.0000 12127.8483
3260.5250 12332.6680
3340.0500 12532.2881
3419.5750 12696.5108
3499.1000 12855.6747
3578.6250 13007.7492
3658.1500 13140.4323
3737.6750 13279.1495
3817.2000 13424.2245
3896.7250 13548.4335
