VARIABLES = "Lag Time" "MSD"
ZONE T = "MPC 190"
0.0000 0.0000
79.5250 63.5181
159.0500 71.3765
238.5750 75.7974
318.1000 78.4523
397.6250 80.6611
477.1500 83.7661
556.6750 86.5503
636.2000 90.4687
715.7250 91.6763
795.2500 91.9464
874.7750 96.3682
954.3000 97.6600
1033.8250 100.1133
1113.3500 102.8907
1192.8750 105.2028
1272.4000 106.7075
1351.9250 109.6071
1431.4500 111.5241
1510.9750 114.0161
1590.5000 114.8629
1670.0250 115.9245
1749.5500 117.3848
1829.0750 120.5648
1908.6000 122.7061
1988.1250 124.5348
2067.6500 125.4642
2147.1750 127.6015
2226.7000 126.6390
2306.2250 126.2542
2385.7500 127.9060
2465.2750 129.1074
2544.8000 129.7437
2624.3250 132.3328
2703.8500 132.3671
2783.3750 133.8793
2862.9000 136.2310
2942.4250 135.9598
3021.9500 135.3393
3101.4750 137.5784
3181.0000 139.2992
3260.5250 139.5670
3340.0500 140.0584
3419.5750 141.2486
3499.1000 143.2592
3578.6250 144.3865
3658.1500 145.2752
3737.6750 145.2242
3817.2000 146.0649
3896.7250 145.8316
