VARIABLES = "Lag Time" "MSD"
ZONE T = "MPC 101"
0.0000 0.0000
79.5250 109.5393
159.0500 134.2696
238.5750 145.2507
318.1000 148.6116
397.6250 152.1453
477.1500 154.4382
556.6750 159.0457
636.2000 162.4405
715.7250 168.1677
795.2500 172.8438
874.7750 175.8292
954.3000 179.7835
1033.8250 182.5129
1113.3500 188.9635
1192.8750 188.0545
1272.4000 190.6541
1351.9250 192.6372
1431.4500 195.2031
1510.9750 199.6941
1590.5000 201.3444
1670.0250 204.2362
1749.5500 205.1348
1829.0750 205.9775
1908.6000 209.9636
1988.1250 210.6673
2067.6500 211.8260
2147.1750 212.2866
2226.7000 213.6869
2306.2250 217.7378
2385.7500 219.5834
2465.2750 221.2609
2544.8000 225.8559
2624.3250 226.0846
2703.8500 224.0208
2783.3750 228.9353
2862.9000 228.4348
2942.4250 230.4462
3021.9500 231.6348
3101.4750 234.1933
3181.0000 236.8157
3260.5250 235.9663
3340.0500 235.6057
3419.5750 236.0304
3499.1000 240.5378
3578.6250 240.5167
3658.1500 241.1616
3737.6750 247.7984
3817.2000 246.4009
3896.7250 246.5295
