VARIABLES = "Lag Time" "MSD"
ZONE T = "MPC 108"
0.0000 0.0000
79.5250 128.2534
159.0500 158.7278
238.5750 166.1460
318.1000 172.4895
397.6250 173.9975
477.1500 174.2889
556.6750 173.1965
636.2000 173.7115
715.7250 176.8191
795.2500 178.6208
874.7750 178.6560
954.3000 177.7201
1033.8250 180.6529
1113.3500 178.8794
1192.8750 173.8614
1272.4000 178.8033
1351.9250 182.0403
1431.4500 182.0864
1510.9750 183.5701
1590.5000 180.9448
1670.0250 183.5126
1749.5500 180.1033
1829.0750 184.1202
1908.6000 184.5493
1988.1250 180.3487
2067.6500 187.0918
2147.1750 184.7143
2226.7000 186.1932
2306.2250 183.5977
2385.7500 179.9454
2465.2750 184.2671
2544.8000 183.0948
2624.3250 183.5998
2703.8500 182.8442
2783.3750 178.8430
2862.9000 183.9179
2942.4250 182.9044
3021.9500 186.0064
3101.4750 182.4561
3181.0000 181.0390
3260.5250 186.5167
3340.0500 186.5249
3419.5750 187.4838
3499.1000 189.3181
3578.6250 188.9941
3658.1500 188.8362
3737.6750 188.4595
3817.2000 192.2841
3896.7250 191.4430
