VARIABLES = "Lag Time" "MSD"
ZONE T = "MPC 1057"
0.0000 0.0000
79.5250 6.7317
159.0500 6.8488
238.5750 6.9858
318.1000 6.9684
397.6250 6.8298
477.1500 6.8636
556.6750 6.8446
636.2000 6.7766
715.7250 6.8310
795.2500 6.7533
874.7750 6.6862
954.3000 6.8086
1033.8250 6.8550
1113.3500 6.9032
1192.8750 6.8094
1272.4000 6.8706
1351.9250 6.9148
1431.4500 6.8924
1510.9750 6.8136
1590.5000 6.7841
1670.0250 6.8534
1749.5500 6.8823
1829.0750 6.7810
1908.6000 6.8338
1988.1250 6.8432
2067.6500 6.9287
2147.1750 6.9580
2226.7000 7.0072
2306.2250 7.1006
2385.7500 6.8390
2465.2750 6.9903
2544.8000 6.8853
2624.3250 6.8449
2703.8500 6.7225
2783.3750 6.8564
2862.9000 6.9133
2942.4250 6.8049
3021.9500 6.8326
3101.4750 6.8628
3181.0000 7.0161
3260.5250 7.0199
3340.0500 6.8790
3419.5750 6.9257
3499.1000 6.9998
3578.6250 6.7520
3658.1500 6.8177
3737.6750 6.6311
3817.2000 6.7550
3896.7250 6.9753
