VARIABLES = "Lag Time" "MSD"
ZONE T = "MPC 188"
0.0000 0.0000
79.5250 62.0638
159.0500 69.5880
238.5750 71.2503
318.1000 73.3185
397.6250 76.7666
477.1500 77.2298
556.6750 77.5694
636.2000 78.6985
715.7250 79.9576
795.2500 79.5153
874.7750 82.5416
954.3000 82.6240
1033.8250 84.1034
1113.3500 84.4182
1192.8750 86.4828
1272.4000 86.3601
1351.9250 88.3830
1431.4500 89.5928
1510.9750 89.8557
1590.5000 89.2005
1670.0250 91.1423
1749.5500 91.5353
1829.0750 92.1053
1908.6000 91.5397
1988.1250 91.0410
2067.6500 93.8047
2147.1750 94.5763
2226.7000 93.5602
2306.2250 94.6905
2385.7500 96.7224
2465.2750 96.7744
2544.8000 96.2238
2624.3250 98.6521
2703.8500 96.9141
2783.3750 97.7946
2862.9000 100.6554
2942.4250 100.1911
3021.9500 101.9817
3101.4750 101.0724
3181.0000 102.7853
3260.5250 102.9457
3340.0500 103.8291
3419.5750 103.8097
3499.1000 103.7070
3578.6250 104.9100
3658.1500 104.2225
3737.6750 105.2739
3817.2000 107.4587
3896.7250 105.6282
