VARIABLES = "Lag Time" "MSD"
ZONE T = "MPC 1090"
0.0000 0.0000
79.5250 6.0809
159.0500 6.0540
238.5750 6.0362
318.1000 6.0701
397.6250 6.0809
477.1500 6.0878
556.6750 5.9908
636.2000 6.1065
715.7250 6.0242
795.2500 6.0383
874.7750 6.0257
954.3000 5.9960
1033.8250 5.9244
1113.3500 6.0248
1192.8750 6.1323
1272.4000 6.0688
1351.9250 6.1196
1431.4500 6.0348
1510.9750 6.1508
1590.5000 6.1063
1670.0250 6.0264
1749.5500 5.9731
1829.0750 6.0133
1908.6000 6.1823
1988.1250 6.0325
2067.6500 5.9575
2147.1750 6.1411
2226.7000 6.0245
2306.2250 6.0005
2385.7500 6.0981
2465.2750 6.0691
2544.8000 5.9892
2624.3250 6.0497
2703.8500 6.0313
2783.3750 5.9860
2862.9000 6.0381
2942.4250 6.1181
3021.9500 6.1070
3101.4750 6.1932
3181.0000 6.0758
3260.5250 6.1240
3340.0500 6.0524
3419.5750 6.0582
3499.1000 6.0980
3578.6250 6.1238
3658.1500 6.1374
3737.6750 6.0612
3817.2000 6.1215
3896.7250 5.9633
