VARIABLES = "Lag Time" "MSD"
ZONE T = "MPC 132"
0.0000 0.0000
79.5250 101.9185
159.0500 133.9332
238.5750 146.0770
318.1000 149.6925
397.6250 151.4113
477.1500 153.6401
556.6750 151.4339
636.2000 154.3926
715.7250 157.6538
795.2500 158.2343
874.7750 161.2106
954.3000 161.4104
1033.8250 160.8118
1113.3500 161.2626
1192.8750 164.9693
1272.4000 169.0373
1351.9250 169.3272
1431.4500 175.4200
1510.9750 178.3367
1590.5000 175.9430
1670.0250 175.1393
1749.5500 175.2058
1829.0750 178.3516
1908.6000 178.5878
1988.1250 178.4280
2067.6500 178.9489
2147.1750 180.6433
2226.7000 176.9109
2306.2250 176.8805
2385.7500 177.8556
2465.2750 177.6304
2544.8000 179.0682
2624.3250 181.9672
2703.8500 179.3816
2783.3750 178.5515
2862.9000 178.9798
2942.4250 182.9804
3021.9500 184.4254
3101.4750 184.5718
3181.0000 184.7669
3260.5250 186.5521
3340.0500 184.3646
3419.5750 184.3076
3499.1000 188.2318
3578.6250 188.7486
3658.1500 186.8090
3737.6750 191.8285
3817.2000 188.0937
3896.7250 187.5241
