VARIABLES = "Lag Time" "MSD"
ZONE T = "MPC 104"
0.0000 0.0000
79.5250 129.2662
159.0500 164.5174
238.5750 182.2415
318.1000 189.0911
397.6250 194.3944
477.1500 198.0485
556.6750 199.8568
636.2000 202.4112
715.7250 204.0588
795.2500 202.1488
874.7750 203.6405
954.3000 203.3112
1033.8250 199.9892
1113.3500 203.1285
1192.8750 206.7112
1272.4000 210.3608
1351.9250 208.6467
1431.4500 207.7074
1510.9750 209.2456
1590.5000 209.6285
1670.0250 211.8338
1749.5500 212.5570
1829.0750 213.3462
1908.6000 209.2108
1988.1250 211.1419
2067.6500 212.4080
2147.1750 213.0108
2226.7000 217.5782
2306.2250 216.4166
2385.7500 221.4120
2465.2750 219.2719
2544.8000 218.5692
2624.3250 217.2995
2703.8500 220.4591
2783.3750 220.4835
2862.9000 226.3646
2942.4250 224.7037
3021.9500 222.7855
3101.4750 221.5520
3181.0000 221.2397
3260.5250 223.2422
3340.0500 225.1487
3419.5750 228.0419
3499.1000 227.9709
3578.6250 227.9828
3658.1500 228.1367
3737.6750 230.6388
3817.2000 227.4757
3896.7250 227.2872
