VARIABLES = "Lag Time" "MSD"
ZONE T = "MPC 12"
0.0000 0.0000
79.5250 897.1367
159.0500 1792.4283
238.5750 2647.1085
318.1000 3490.0093
397.6250 4267.6525
477.1500 5027.4868
556.6750 5795.7462
636.2000 6533.6220
715.7250 7260.9892
795.2500 7966.6004
874.7750 8627.6847
954.3000 9273.6885
1033.8250 9881.5130
1113.3500 10459.2037
1192.8750 10988.2482
1272.4000 11500.8838
1351.9250 12025.0912
1431.4500 12541.1502
1510.9750 13025.7859
1590.5000 13461.4329
1670.0250 13884.5089
1749.5500 14334.4891
1829.0750 14760.6987
1908.6000 15135.8440
1988.1250 15542.6997
2067.6500 15929.9154
2147.1750 16343.9974
2226.7000 16716.5293
2306.2250 17110.9989
2385.7500 17530.9644
2465.2750 17956.2722
2544.8000 18384.5367
2624.3250 18832.5630
2703.8500 19260.6863
2783.3750 19727.5208
2862.9000 20181.6116
2942.4250 20604.9154
3021.9500 21017.2190
3101.4750 21424.5789
3181.0000 21819.6410
3260.5250 22198.6541
3340.0500 22580.1872
3419.5750 22959.9875
3499.1000 23329.7526
3578.6250 23689.6624
3658.1500 24016.9602
3737.6750 24341.8821
3817.2000 24641.5278
3896.7250 24954.2349
