VARIABLES = "Lag Time" "MSD"
ZONE T = "MPC 145"
0.0000 0.0000
79.5250 91.6526
159.0500 120.0576
238.5750 129.1976
318.1000 134.2674
397.6250 135.4914
477.1500 138.3379
556.6750 140.4511
636.2000 138.4007
715.7250 137.3509
795.2500 138.4677
874.7750 137.8683
954.3000 141.6378
1033.8250 141.4713
1113.3500 139.2340
1192.8750 138.5798
1272.4000 141.8155
1351.9250 141.5663
1431.4500 142.2552
1510.9750 145.9588
1590.5000 145.0312
1670.0250 143.6493
1749.5500 145.6714
1829.0750 147.2372
1908.6000 147.0166
1988.1250 144.5314
2067.6500 143.5279
2147.1750 143.4824
2226.7000 145.2083
2306.2250 146.9578
2385.7500 150.0933
2465.2750 148.9644
2544.8000 150.6778
2624.3250 150.9711
2703.8500 149.4187
2783.3750 149.2737
2862.9000 149.9976
2942.4250 149.5645
3021.9500 151.4185
3101.4750 151.5271
3181.0000 149.2970
3260.5250 149.8082
3340.0500 149.0783
3419.5750 151.0396
3499.1000 150.0752
3578.6250 152.0547
3658.1500 153.3382
3737.6750 154.9481
3817.2000 156.5430
3896.7250 155.5766
