VARIABLES = "Lag Time" "MSD"
ZONE T = "MPC 156"
0.0000 0.0000
79.5250 86.6736
159.0500 104.9013
238.5750 112.4074
318.1000 114.9921
397.6250 119.9470
477.1500 121.8798
556.6750 119.4133
636.2000 123.4220
715.7250 124.9562
795.2500 127.7119
874.7750 128.9506
954.3000 131.3440
1033.8250 132.2227
1113.3500 133.9934
1192.8750 136.9824
1272.4000 140.5563
1351.9250 140.9518
1431.4500 144.2440
1510.9750 145.0779
1590.5000 147.2055
1670.0250 151.9406
1749.5500 153.3917
1829.0750 154.9815
1908.6000 158.7396
1988.1250 158.7575
2067.6500 158.9112
2147.1750 161.1855
2226.7000 162.8812
2306.2250 165.0604
2385.7500 167.2539
2465.2750 172.1908
2544.8000 176.3591
2624.3250 176.8149
2703.8500 178.7795
2783.3750 181.0346
2862.9000 180.7534
2942.4250 178.2367
3021.9500 181.8020
3101.4750 184.9890
3181.0000 187.1244
3260.5250 190.1338
3340.0500 190.2788
3419.5750 194.7068
3499.1000 194.7294
3578.6250 197.1166
3658.1500 199.0873
3737.6750 202.7399
3817.2000 201.0882
3896.7250 200.9166
