VARIABLES = "Lag Time" "MSD"
ZONE T = "MPC 1089"
0.0000 0.0000
79.5250 5.9934
159.0500 6.0254
238.5750 5.9513
318.1000 5.9845
397.6250 6.0713
477.1500 5.9635
556.6750 6.0280
636.2000 5.9082
715.7250 6.0800
795.2500 5.9319
874.7750 6.0572
954.3000 5.9831
1033.8250 5.8953
1113.3500 6.0332
1192.8750 5.9597
1272.4000 5.9968
1351.9250 5.8831
1431.4500 5.9979
1510.9750 6.1259
1590.5000 6.0637
1670.0250 6.0576
1749.5500 6.0431
1829.0750 6.0750
1908.6000 5.9678
1988.1250 6.1272
2067.6500 5.9988
2147.1750 6.1004
2226.7000 6.0688
2306.2250 6.0322
2385.7500 6.0815
2465.2750 6.0783
2544.8000 6.0294
2624.3250 6.0519
2703.8500 5.8497
2783.3750 6.0777
2862.9000 6.0700
2942.4250 6.0043
3021.9500 6.1219
3101.4750 6.0832
3181.0000 6.0411
3260.5250 6.0407
3340.0500 6.1703
3419.5750 6.0539
3499.1000 6.1221
3578.6250 6.0805
3658.1500 5.9504
3737.6750 6.0232
3817.2000 6.0657
3896.7250 6.0304
