VARIABLES = "Lag Time" "MSD"
ZONE T = "MPC 121"
0.0000 0.0000
79.5250 120.3860
159.0500 154.0820
238.5750 164.7919
318.1000 166.1073
397.6250 172.2821
477.1500 176.4787
556.6750 176.9597
636.2000 175.2088
715.7250 175.9684
795.2500 174.8371
874.7750 176.3237
954.3000 174.1878
1033.8250 172.9223
1113.3500 174.5776
1192.8750 173.2683
1272.4000 173.0250
1351.9250 173.9895
1431.4500 176.2705
1510.9750 179.6201
1590.5000 183.1291
1670.0250 181.4430
1749.5500 177.8538
1829.0750 176.1097
1908.6000 178.0861
1988.1250 175.9394
2067.6500 177.0325
2147.1750 178.5844
2226.7000 180.6839
2306.2250 180.9040
2385.7500 176.5312
2465.2750 179.9421
2544.8000 179.6599
2624.3250 180.9297
2703.8500 183.2163
2783.3750 180.9779
2862.9000 179.6610
2942.4250 182.4027
3021.9500 184.6606
3101.4750 183.2659
3181.0000 182.7131
3260.5250 183.6863
3340.0500 183.9448
3419.5750 188.3176
3499.1000 184.1191
3578.6250 182.9835
3658.1500 183.6076
3737.6750 183.4116
3817.2000 184.4430
3896.7250 185.8733
