VARIABLES = "Lag Time" "MSD"
ZONE T = "MPC 162"
0.0000 0.0000
79.5250 87.3827
159.0500 108.4964
238.5750 111.9313
318.1000 112.6202
397.6250 115.6035
477.1500 114.9131
556.6750 118.3773
636.2000 116.1114
715.7250 118.0374
795.2500 119.2200
874.7750 119.3968
954.3000 119.4835
1033.8250 117.2762
1113.3500 120.1319
1192.8750 119.8709
1272.4000 118.8694
1351.9250 117.8174
1431.4500 121.1891
1510.9750 121.6126
1590.5000 123.9566
1670.0250 121.7390
1749.5500 123.4818
1829.0750 126.8019
1908.6000 129.2558
1988.1250 131.4397
2067.6500 128.5607
2147.1750 127.6334
2226.7000 129.1815
2306.2250 126.4919
2385.7500 124.0627
2465.2750 123.9121
2544.8000 126.5404
2624.3250 127.1544
2703.8500 128.8948
2783.3750 128.2604
2862.9000 130.5837
2942.4250 133.9334
3021.9500 132.7345
3101.4750 129.0417
3181.0000 132.4204
3260.5250 132.9717
3340.0500 132.8530
3419.5750 132.9820
3499.1000 134.2562
3578.6250 133.7208
3658.1500 134.1256
3737.6750 134.3675
3817.2000 135.6125
3896.7250 133.1326
