VARIABLES = "Lag Time" "MSD"
ZONE T = "MPC 1079"
0.0000 0.0000
79.5250 6.3571
159.0500 6.2364
238.5750 6.2779
318.1000 6.2621
397.6250 6.2861
477.1500 6.4807
556.6750 6.2523
636.2000 6.2528
715.7250 6.2485
795.2500 6.3004
874.7750 6.4564
954.3000 6.2982
1033.8250 6.4269
1113.3500 6.3801
1192.8750 6.3519
1272.4000 6.3067
1351.9250 6.3978
1431.4500 6.4766
1510.9750 6.3655
1590.5000 6.4014
1670.0250 6.4267
1749.5500 6.4833
1829.0750 6.4793
1908.6000 6.3230
1988.1250 6.4987
2067.6500 6.3944
2147.1750 6.2789
2226.7000 6.2807
2306.2250 6.4448
2385.7500 6.3931
2465.2750 6.3705
2544.8000 6.4348
2624.3250 6.3949
2703.8500 6.2405
2783.3750 6.4280
2862.9000 6.4287
2942.4250 6.4193
3021.9500 6.4972
3101.4750 6.3719
3181.0000 6.5562
3260.5250 6.2398
3340.0500 6.5157
3419.5750 6.3871
3499.1000 6.4991
3578.6250 6.3179
3658.1500 6.5052
3737.6750 6.4588
3817.2000 6.2847
3896.7250 6.3826
