VARIABLES = "Lag Time" "MSD"
ZONE T = "MPC 106"
0.0000 0.0000
79.5250 110.8179
159.0500 135.5210
238.5750 146.2980
318.1000 153.6717
397.6250 158.5628
477.1500 161.3783
556.6750 166.6230
636.2000 166.6942
715.7250 170.4573
795.2500 172.4813
874.7750 173.4426
954.3000 177.8801
1033.8250 177.0393
1113.3500 179.4897
1192.8750 180.0404
1272.4000 179.1015
1351.9250 183.1800
1431.4500 185.5197
1510.9750 189.7497
1590.5000 191.8345
1670.0250 194.1626
1749.5500 192.6108
1829.0750 194.7262
1908.6000 194.3625
1988.1250 195.1691
2067.6500 198.8779
2147.1750 200.9384
2226.7000 200.2702
2306.2250 202.3900
2385.7500 201.1243
2465.2750 205.7902
2544.8000 209.3328
2624.3250 205.6121
2703.8500 209.6918
2783.3750 210.1075
2862.9000 210.3566
2942.4250 215.1421
3021.9500 214.0177
3101.4750 216.3620
3181.0000 219.9311
3260.5250 219.3777
3340.0500 221.2094
3419.5750 225.0615
3499.1000 227.0879
3578.6250 228.0740
3658.1500 226.4122
3737.6750 227.7671
3817.2000 226.3232
3896.7250 228.9611
