VARIABLES = "Lag Time" "MSD"
ZONE T = "MPC 1105"
0.0000 0.0000
79.5250 5.8306
159.0500 5.8549
238.5750 5.8685
318.1000 5.7947
397.6250 5.7083
477.1500 5.7932
556.6750 5.7384
636.2000 5.9187
715.7250 5.8236
795.2500 5.9433
874.7750 5.9438
954.3000 5.9090
1033.8250 5.8987
1113.3500 5.9433
1192.8750 5.9039
1272.4000 5.9631
1351.9250 5.7354
1431.4500 5.8930
1510.9750 5.7397
1590.5000 6.0197
1670.0250 5.8696
1749.5500 5.7677
1829.0750 5.9220
1908.6000 5.7958
1988.1250 5.9994
2067.6500 5.8004
2147.1750 5.8689
2226.7000 5.8980
2306.2250 5.8682
2385.7500 6.0279
2465.2750 5.7872
2544.8000 5.8606
2624.3250 5.7842
2703.8500 5.9368
2783.3750 5.7992
2862.9000 5.9167
2942.4250 5.9175
3021.9500 5.7777
3101.4750 5.8377
3181.0000 5.8295
3260.5250 5.8408
3340.0500 5.9924
3419.5750 5.8236
3499.1000 5.8965
3578.6250 5.8860
3658.1500 5.8683
3737.6750 5.9890
3817.2000 5.9055
3896.7250 5.8821
