VARIABLES = "Lag Time" "MSD"
ZONE T = "MPC 134"
0.0000 0.0000
79.5250 96.2496
159.0500 126.6585
238.5750 136.4612
318.1000 140.8692
397.6250 144.6890
477.1500 145.3491
556.6750 143.4812
636.2000 145.4960
715.7250 146.2851
795.2500 143.2824
874.7750 143.2337
954.3000 143.8013
1033.8250 144.0702
1113.3500 145.6531
1192.8750 145.4571
1272.4000 145.5042
1351.9250 147.2401
1431.4500 147.3539
1510.9750 149.7462
1590.5000 149.5057
1670.0250 153.9003
1749.5500 155.2482
1829.0750 151.4718
1908.6000 150.7862
1988.1250 151.6375
2067.6500 153.2224
2147.1750 153.1976
2226.7000 153.6152
2306.2250 152.4449
2385.7500 152.0538
2465.2750 152.4796
2544.8000 155.1648
2624.3250 153.6669
2703.8500 151.5976
2783.3750 150.9230
2862.9000 151.3921
2942.4250 154.7198
3021.9500 154.5527
3101.4750 155.6847
3181.0000 154.1097
3260.5250 154.8514
3340.0500 157.0562
3419.5750 156.9069
3499.1000 156.7329
3578.6250 156.3782
3658.1500 153.9493
3737.6750 154.6020
3817.2000 154.9921
3896.7250 156.3133
