VARIABLES = "Lag Time" "MSD"
ZONE T = "MPC 1055"
0.0000 0.0000
79.5250 6.6625
159.0500 6.6036
238.5750 6.6946
318.1000 6.7769
397.6250 6.7838
477.1500 6.5810
556.6750 6.8459
636.2000 6.5726
715.7250 6.6616
795.2500 6.6953
874.7750 6.7202
954.3000 6.7777
1033.8250 6.7107
1113.3500 6.7054
1192.8750 6.7919
1272.4000 6.8102
1351.9250 6.7374
1431.4500 6.7313
1510.9750 6.6500
1590.5000 6.8069
1670.0250 6.6486
1749.5500 6.8882
1829.0750 6.8112
1908.6000 6.7178
1988.1250 6.6789
2067.6500 6.8054
2147.1750 6.6727
2226.7000 6.7190
2306.2250 6.7736
2385.7500 6.7954
2465.2750 6.5772
2544.8000 6.7282
2624.3250 6.8161
2703.8500 6.8016
2783.3750 6.7814
2862.9000 6.8542
2942.4250 6.8555
3021.9500 6.7617
3101.4750 6.7233
3181.0000 6.7466
3260.5250 6.8921
3340.0500 6.7981
3419.5750 6.7757
3499.1000 6.8834
3578.6250 6.7541
3658.1500 6.7906
3737.6750 6.8585
3817.2000 6.6875
3896.7250 6.8220
