VARIABLES = "Lag Time" "MSD"
ZONE T = "MPC 19"
0.0000 0.0000
79.5250 487.3802
159.0500 936.0560
238.5750 1365.9338
318.1000 1788.8925
397.6250 2201.6589
477.1500 2617.4988
556.6750 3022.8677
636.2000 3420.4052
715.7250 3807.0563
795.2500 4180.0072
874.7750 4550.2948
954.3000 4883.5640
1033.8250 5239.9458
1113.3500 5588.5397
1192.8750 5942.1581
1272.4000 6283.8292
1351.9250 6616.6743
1431.4500 6933.4291
1510.9750 7247.2739
1590.5000 7549.0183
1670.0250 7832.9106
1749.5500 8089.8160
1829.0750 8350.3344
1908.6000 8598.7321
1988.1250 8841.0068
2067.6500 9085.0379
2147.1750 9331.1466
2226.7000 9556.6485
2306.2250 9757.7831
2385.7500 9951.5288
2465.2750 10124.0365
2544.8000 10309.2087
2624.3250 10497.5209
2703.8500 10686.4544
2783.3750 10883.2140
2862.9000 11082.4294
2942.4250 11290.4806
3021.9500 11501.7722
3101.4750 11718.3984
3181.0000 11929.0653
3260.5250 12148.8606
3340.0500 12372.8717
3419.5750 12596.6682
3499.1000 12831.3165
3578.6250 13049.3160
3658.1500 13251.1180
3737.6750 13461.4091
3817.2000 13692.4466
3896.7250 13947.1498
