VARIABLES = "Lag Time" "MSD"
ZONE T = "MPC 251"
0.0000 0.0000
79.5250 47.8128
159.0500 51.7037
238.5750 54.0153
318.1000 55.6768
397.6250 56.8371
477.1500 58.3643
556.6750 60.0951
636.2000 62.3327
715.7250 62.8144
795.2500 64.6103
874.7750 65.8210
954.3000 67.0805
1033.8250 67.3646
1113.3500 68.6971
1192.8750 70.2520
1272.4000 70.6752
1351.9250 72.9131
1431.4500 71.7821
1510.9750 73.1347
1590.5000 73.9545
1670.0250 74.0948
1749.5500 76.4252
1829.0750 75.1222
1908.6000 76.4124
1988.1250 75.5450
2067.6500 76.6809
2147.1750 77.0519
2226.7000 79.0927
2306.2250 79.7367
2385.7500 78.7466
2465.2750 79.3315
2544.8000 80.3979
2624.3250 78.7332
2703.8500 80.3005
2783.3750 79.8511
2862.9000 80.4116
2942.4250 79.8828
3021.9500 80.3615
3101.4750 79.1531
3181.0000 81.5945
3260.5250 79.8213
3340.0500 82.4429
3419.5750 81.6642
3499.1000 81.2908
3578.6250 82.0571
3658.1500 83.4469
3737.6750 83.8882
3817.2000 83.6830
3896.7250 84.7539
