VARIABLES = "Lag Time" "MSD"
ZONE T = "MPC 269"
0.0000 0.0000
79.5250 50.2163
159.0500 54.5868
238.5750 54.2251
318.1000 55.2453
397.6250 55.7372
477.1500 55.2220
556.6750 56.0760
636.2000 56.4746
715.7250 56.4291
795.2500 57.9917
874.7750 57.3428
954.3000 56.1748
1033.8250 57.4882
1113.3500 56.6920
1192.8750 57.6041
1272.4000 56.2192
1351.9250 57.2923
1431.4500 57.7498
1510.9750 59.8021
1590.5000 59.5137
1670.0250 59.4216
1749.5500 58.9652
1829.0750 58.8961
1908.6000 59.8725
1988.1250 60.5758
2067.6500 60.6531
2147.1750 60.3068
2226.7000 60.4940
2306.2250 61.0159
2385.7500 61.6642
2465.2750 61.9448
2544.8000 60.7230
2624.3250 61.7759
2703.8500 62.9145
2783.3750 61.6496
2862.9000 61.9661
2942.4250 62.5248
3021.9500 63.9328
3101.4750 62.9677
3181.0000 61.5394
3260.5250 62.2777
3340.0500 63.3273
3419.5750 62.6682
3499.1000 62.7594
3578.6250 63.8882
3658.1500 63.4286
3737.6750 63.8632
3817.2000 63.8953
3896.7250 62.2380
