VARIABLES = "Lag Time" "MSD"
ZONE T = "MPC 219"
0.0000 0.0000
79.5250 60.4410
159.0500 66.6685
238.5750 67.7604
318.1000 67.1636
397.6250 67.7520
477.1500 68.1637
556.6750 69.0633
636.2000 71.7128
715.7250 69.7603
795.2500 71.5850
874.7750 72.6484
954.3000 73.1220
1033.8250 73.2341
1113.3500 74.2765
1192.8750 72.9695
1272.4000 74.0607
1351.9250 76.2865
1431.4500 74.5030
1510.9750 75.9291
1590.5000 76.4725
1670.0250 78.5740
1749.5500 77.7085
1829.0750 79.8523
1908.6000 78.9613
1988.1250 80.2296
2067.6500 79.2611
2147.1750 80.3506
2226.7000 81.9784
2306.2250 82.9457
2385.7500 83.1933
2465.2750 84.1092
2544.8000 83.1301
2624.3250 83.4376
2703.8500 85.4242
2783.3750 85.0915
2862.9000 85.5032
2942.4250 85.7273
3021.9500 86.9631
3101.4750 85.6022
3181.0000 85.8209
3260.5250 86.3708
3340.0500 88.0825
3419.5750 88.2420
3499.1000 89.5058
3578.6250 88.3293
3658.1500 87.8112
3737.6750 89.3331
3817.2000 89.2356
3896.7250 90.0080
