VARIABLES = "Lag Time" "MSD"
ZONE T = "MPC 257"
0.0000 0.0000
79.5250 47.5833
159.0500 51.5283
238.5750 52.4515
318.1000 54.9373
397.6250 57.5890
477.1500 57.6433
556.6750 59.1788
636.2000 59.6944
715.7250 59.5329
795.2500 61.0191
874.7750 61.9844
954.3000 62.5129
1033.8250 64.4568
1113.3500 65.0171
1192.8750 65.8776
1272.4000 65.5693
1351.9250 67.3909
1431.4500 68.8047
1510.9750 67.6810
1590.5000 69.1481
1670.0250 69.6527
1749.5500 71.2400
1829.0750 71.4705
1908.6000 72.4622
1988.1250 72.9387
2067.6500 74.0641
2147.1750 74.7663
2226.7000 74.7389
2306.2250 75.1063
2385.7500 76.5654
2465.2750 75.1610
2544.8000 76.4592
2624.3250 76.9270
2703.8500 77.1504
2783.3750 78.9287
2862.9000 78.4349
2942.4250 78.5739
3021.9500 80.0291
3101.4750 80.5911
3181.0000 79.3058
3260.5250 81.5201
3340.0500 82.5620
3419.5750 82.7562
3499.1000 83.1126
3578.6250 82.7327
3658.1500 82.4128
3737.6750 84.2527
3817.2000 84.6809
3896.7250 85.7737
