VARIABLES = "Lag Time" "MSD"
ZONE T = "MPC 247"
0.0000 0.0000
79.5250 52.4158
159.0500 56.6722
238.5750 59.1103
318.1000 59.0376
397.6250 58.7894
477.1500 59.5265
556.6750 61.7327
636.2000 61.3623
715.7250 63.0581
795.2500 62.3688
874.7750 63.5517
954.3000 63.9034
1033.8250 62.9352
1113.3500 65.0923
1192.8750 63.8986
1272.4000 65.3124
1351.9250 66.8380
1431.4500 65.3445
1510.9750 66.7625
1590.5000 66.7943
1670.0250 67.1259
1749.5500 68.9907
1829.0750 67.5230
1908.6000 69.3315
1988.1250 69.6195
2067.6500 70.0454
2147.1750 71.5817
2226.7000 71.0683
2306.2250 72.5026
2385.7500 71.5784
2465.2750 72.2095
2544.8000 73.7940
2624.3250 70.9088
2703.8500 74.3406
2783.3750 74.1288
2862.9000 73.5242
2942.4250 73.5781
3021.9500 75.4998
3101.4750 75.0787
3181.0000 77.2901
3260.5250 75.8129
3340.0500 76.3825
3419.5750 77.5496
3499.1000 77.5879
3578.6250 77.5416
3658.1500 79.1968
3737.6750 78.7262
3817.2000 78.7689
3896.7250 78.2094
