VARIABLES = "Lag Time" "MSD"
ZONE T = "MPC 273"
0.0000 0.0000
79.5250 46.3834
159.0500 49.3553
238.5750 51.2362
318.1000 54.0434
397.6250 54.0584
477.1500 54.8893
556.6750 56.4396
636.2000 57.7960
715.7250 58.1956
795.2500 60.3217
874.7750 59.3444
954.3000 61.0398
1033.8250 60.9256
1113.3500 63.8991
1192.8750 63.4703
1272.4000 63.4774
1351.9250 64.1095
1431.4500 65.1696
1510.9750 65.8672
1590.5000 65.3409
1670.0250 67.8174
1749.5500 68.8066
1829.0750 68.9105
1908.6000 69.6196
1988.1250 70.5454
2067.6500 71.0433
2147.1750 72.3206
2226.7000 73.0830
2306.2250 73.2300
2385.7500 74.3378
2465.2750 75.7988
2544.8000 75.0487
2624.3250 76.4496
2703.8500 77.3747
2783.3750 77.3202
2862.9000 78.3069
2942.4250 78.9883
3021.9500 80.0858
3101.4750 80.6260
3181.0000 81.8252
3260.5250 82.7902
3340.0500 83.2857
3419.5750 83.6654
3499.1000 83.9644
3578.6250 84.8414
3658.1500 85.8523
3737.6750 85.8626
3817.2000 86.2631
3896.7250 87.3081
