VARIABLES = "Lag Time" "MSD"
ZONE T = "MPC 245"
0.0000 0.0000
79.5250 48.5285
159.0500 50.4224
238.5750 53.7889
318.1000 54.1176
397.6250 56.1620
477.1500 57.6890
556.6750 59.2177
636.2000 60.3801
715.7250 61.4993
795.2500 63.5188
874.7750 63.7777
954.3000 66.2007
1033.8250 67.0512
1113.3500 68.1384
1192.8750 67.6575
1272.4000 69.6710
1351.9250 71.6006
1431.4500 71.9029
1510.9750 72.7680
1590.5000 73.6434
1670.0250 74.1017
1749.5500 76.7147
1829.0750 77.1570
1908.6000 78.0337
1988.1250 78.8675
2067.6500 78.4084
2147.1750 81.4391
2226.7000 81.3762
2306.2250 81.7744
2385.7500 82.3814
2465.2750 84.0481
2544.8000 82.4539
2624.3250 85.2330
2703.8500 86.3792
2783.3750 86.5898
2862.9000 87.5272
2942.4250 88.2886
3021.9500 89.4989
3101.4750 89.6923
3181.0000 89.2831
3260.5250 89.4359
3340.0500 90.2509
3419.5750 90.4180
3499.1000 90.9159
3578.6250 91.1032
3658.1500 92.1396
3737.6750 93.4489
3817.2000 93.1421
3896.7250 93.0224
