VARIABLES = "Lag Time" "MSD"
ZONE T = "MPC 286"
0.0000 0.0000
79.5250 46.1528
159.0500 48.9046
238.5750 51.2421
318.1000 51.1294
397.6250 50.6884
477.1500 52.7759
556.6750 52.2670
636.2000 52.9365
715.7250 54.2684
795.2500 54.5998
874.7750 55.2513
954.3000 54.1206
1033.8250 55.4060
1113.3500 55.1260
1192.8750 55.1234
1272.4000 54.9523
1351.9250 56.6886
1431.4500 56.2343
1510.9750 56.7572
1590.5000 57.2297
1670.0250 57.9898
1749.5500 58.9073
1829.0750 59.5753
1908.6000 58.5130
1988.1250 59.2155
2067.6500 59.4879
2147.1750 60.6142
2226.7000 60.7166
2306.2250 61.1689
2385.7500 60.7395
2465.2750 61.6611
2544.8000 61.8114
2624.3250 61.8613
2703.8500 62.1103
2783.3750 62.7188
2862.9000 63.1597
2942.4250 63.5542
3021.9500 63.7532
3101.4750 64.0936
3181.0000 64.2298
3260.5250 65.6341
3340.0500 63.8215
3419.5750 65.0615
3499.1000 64.6415
3578.6250 65.4916
3658.1500 65.4431
3737.6750 66.9398
3817.2000 65.9191
3896.7250 66.2283
