VARIABLES = "Lag Time" "MSD"
ZONE T = "MPC 229"
0.0000 0.0000
79.5250 61.9516
159.0500 65.8338
238.5750 67.5229
318.1000 66.8834
397.6250 68.6745
477.1500 67.5581
556.6750 68.9819
636.2000 68.6419
715.7250 68.9480
795.2500 69.5616
874.7750 72.4908
954.3000 69.6906
1033.8250 71.1659
1113.3500 71.9452
1192.8750 69.6254
1272.4000 72.0224
1351.9250 72.2896
1431.4500 71.3379
1510.9750 72.2929
1590.5000 73.6688
1670.0250 72.6082
1749.5500 72.8968
1829.0750 72.5202
1908.6000 72.2826
1988.1250 73.9270
2067.6500 74.2341
2147.1750 73.0175
2226.7000 75.2904
2306.2250 73.3977
2385.7500 74.4057
2465.2750 74.5455
2544.8000 76.8548
2624.3250 73.9160
2703.8500 76.7951
2783.3750 76.7709
2862.9000 76.1569
2942.4250 75.5992
3021.9500 75.7512
3101.4750 76.4290
3181.0000 76.5420
3260.5250 76.8304
3340.0500 76.6578
3419.5750 76.6293
3499.1000 79.1190
3578.6250 76.7323
3658.1500 79.2988
3737.6750 80.4227
3817.2000 79.2399
3896.7250 79.3253
