VARIABLES = "Lag Time" "MSD"
ZONE T = "MPC 262"
0.0000 0.0000
79.5250 48.5132
159.0500 50.6789
238.5750 52.3994
318.1000 55.9973
397.6250 56.0805
477.1500 56.8551
556.6750 60.4595
636.2000 59.0608
715.7250 61.0030
795.2500 62.1782
874.7750 62.1365
954.3000 65.4866
1033.8250 64.0724
1113.3500 65.1765
1192.8750 67.4330
1272.4000 67.9005
1351.9250 67.4729
1431.4500 69.6339
1510.9750 70.6414
1590.5000 71.7978
1670.0250 71.1412
1749.5500 73.1268
1829.0750 74.7172
1908.6000 75.7726
1988.1250 76.6064
2067.6500 75.6033
2147.1750 76.5718
2226.7000 78.1639
2306.2250 78.9382
2385.7500 79.2340
2465.2750 79.2799
2544.8000 81.2147
2624.3250 81.0724
2703.8500 82.8748
2783.3750 83.0095
2862.9000 84.1699
2942.4250 83.1389
3021.9500 84.5035
3101.4750 83.4302
3181.0000 86.0027
3260.5250 86.5093
3340.0500 86.3265
3419.5750 86.3434
3499.1000 87.0661
3578.6250 87.6871
3658.1500 87.2631
3737.6750 88.0302
3817.2000 89.6283
3896.7250 91.5226
