VARIABLES = "Lag Time" "MSD"
ZONE T = "MPC 270"
0.0000 0.0000
79.5250 47.5295
159.0500 51.1645
238.5750 53.2930
318.1000 53.7919
397.6250 53.8274
477.1500 53.3138
556.6750 52.4861
636.2000 54.7555
715.7250 55.1263
795.2500 54.9892
874.7750 55.6610
954.3000 56.0012
1033.8250 55.3500
1113.3500 55.5861
1192.8750 54.4448
1272.4000 55.9015
1351.9250 56.2059
1431.4500 56.3909
1510.9750 57.0152
1590.5000 56.4180
1670.0250 57.0753
1749.5500 57.7093
1829.0750 56.7053
1908.6000 58.2590
1988.1250 59.2907
2067.6500 57.6755
2147.1750 58.6070
2226.7000 57.5880
2306.2250 57.7672
2385.7500 58.3237
2465.2750 57.5549
2544.8000 58.8695
2624.3250 58.3603
2703.8500 58.9194
2783.3750 58.5110
2862.9000 58.5065
2942.4250 60.8257
3021.9500 59.8753
3101.4750 59.5511
3181.0000 59.8679
3260.5250 59.0193
3340.0500 58.9567
3419.5750 60.2702
3499.1000 59.7038
3578.6250 60.7351
3658.1500 60.7147
3737.6750 59.9808
3817.2000 60.4130
3896.7250 59.9850
