VARIABLES = "Lag Time" "MSD"
ZONE T = "MPC 218"
0.0000 0.0000
79.5250 58.6613
159.0500 64.5591
238.5750 65.7952
318.1000 67.6597
397.6250 67.8114
477.1500 67.5575
556.6750 69.9722
636.2000 70.2855
715.7250 72.0314
795.2500 71.9883
874.7750 73.0955
954.3000 73.0432
1033.8250 74.3138
1113.3500 76.8573
1192.8750 77.2592
1272.4000 77.0563
1351.9250 76.8840
1431.4500 80.2016
1510.9750 80.4516
1590.5000 80.9174
1670.0250 82.2044
1749.5500 81.8507
1829.0750 82.7103
1908.6000 84.3359
1988.1250 85.3234
2067.6500 85.6087
2147.1750 85.7776
2226.7000 86.8107
2306.2250 87.5136
2385.7500 88.5361
2465.2750 88.8739
2544.8000 90.2961
2624.3250 90.8865
2703.8500 91.3107
2783.3750 91.4461
2862.9000 92.8691
2942.4250 93.3517
3021.9500 93.6880
3101.4750 94.0521
3181.0000 92.8586
3260.5250 95.9380
3340.0500 96.9110
3419.5750 96.0665
3499.1000 96.0978
3578.6250 97.7982
3658.1500 96.4424
3737.6750 98.9488
3817.2000 98.3906
3896.7250 99.8420
