VARIABLES = "Lag Time" "MSD"
ZONE T = "MPC 20"
0.0000 0.0000
79.5250 485.9264
159.0500 962.1823
238.5750 1432.3269
318.1000 1876.9304
397.6250 2320.2870
477.1500 2755.5836
556.6750 3169.9232
636.2000 3593.4661
715.7250 3985.9117
795.2500 4368.7736
874.7750 4744.3169
954.3000 5116.0514
1033.8250 5484.4325
1113.3500 5826.3059
1192.8750 6164.5124
1272.4000 6490.4804
1351.9250 6801.9471
1431.4500 7105.2434
1510.9750 7398.1762
1590.5000 7690.7010
1670.0250 7966.4160
1749.5500 8225.4843
1829.0750 8493.2231
1908.6000 8753.9419
1988.1250 9023.0327
2067.6500 9294.2008
2147.1750 9561.8800
2226.7000 9820.3189
2306.2250 10068.6532
2385.7500 10305.7823
2465.2750 10547.1406
2544.8000 10778.6548
2624.3250 11003.0120
2703.8500 11230.0752
2783.3750 11459.8352
2862.9000 11700.0437
2942.4250 11935.7400
3021.9500 12164.6981
3101.4750 12392.0504
3181.0000 12612.7166
3260.5250 12834.8337
3340.0500 13090.3960
3419.5750 13335.4643
3499.1000 13596.6585
3578.6250 13852.5020
3658.1500 14095.3759
3737.6750 14324.2781
3817.2000 14577.5265
3896.7250 14826.9808
