VARIABLES = "Lag Time" "MSD"
ZONE T = "MPC 233"
0.0000 0.0000
79.5250 59.3438
159.0500 62.5188
238.5750 63.5415
318.1000 64.8916
397.6250 64.3276
477.1500 66.8869
556.6750 65.6278
636.2000 68.1403
715.7250 70.5645
795.2500 69.8356
874.7750 70.0569
954.3000 70.6144
1033.8250 70.9216
1113.3500 71.2627
1192.8750 71.5282
1272.4000 73.1406
1351.9250 74.6876
1431.4500 75.7272
1510.9750 73.7554
1590.5000 74.6424
1670.0250 76.7894
1749.5500 76.3579
1829.0750 75.5537
1908.6000 77.0958
1988.1250 77.8368
2067.6500 77.7427
2147.1750 80.3214
2226.7000 79.2897
2306.2250 79.4394
2385.7500 77.8498
2465.2750 79.3442
2544.8000 78.9593
2624.3250 79.5900
2703.8500 80.1921
2783.3750 80.3532
2862.9000 82.1721
2942.4250 81.5497
3021.9500 82.7097
3101.4750 80.7233
3181.0000 82.9457
3260.5250 83.7593
3340.0500 85.0859
3419.5750 85.7285
3499.1000 85.0966
3578.6250 83.8326
3658.1500 86.1163
3737.6750 86.1792
3817.2000 85.6132
3896.7250 86.9784
