VARIABLES = "Lag Time" "MSD"
ZONE T = "MPC 27"
0.0000 0.0000
79.5250 244.7379
159.0500 470.2232
238.5750 685.4737
318.1000 891.3229
397.6250 1076.3680
477.1500 1255.4964
556.6750 1431.6553
636.2000 1615.5964
715.7250 1807.7360
795.2500 2004.9789
874.7750 2195.6782
954.3000 2388.8614
1033.8250 2567.6231
1113.3500 2735.4628
1192.8750 2902.6943
1272.4000 3053.9658
1351.9250 3205.6509
1431.4500 3356.1388
1510.9750 3511.2358
1590.5000 3654.9359
1670.0250 3797.6065
1749.5500 3956.7854
1829.0750 4105.1955
1908.6000 4244.8544
1988.1250 4386.6365
2067.6500 4520.0762
2147.1750 4648.8193
2226.7000 4792.6777
2306.2250 4933.4556
2385.7500 5066.3186
2465.2750 5201.3725
2544.8000 5344.5520
2624.3250 5484.7713
2703.8500 5632.7881
2783.3750 5774.2921
2862.9000 5906.7977
2942.4250 6027.8303
3021.9500 6146.1405
3101.4750 6260.7206
3181.0000 6371.5995
3260.5250 6474.1402
3340.0500 6590.4395
3419.5750 6698.1983
3499.1000 6796.1523
3578.6250 6893.6374
3658.1500 7003.8375
3737.6750 7107.1712
3817.2000 7208.9098
3896.7250 7310.1965
