VARIABLES = "Lag Time" "MSD"
ZONE T = "MPC 284"
0.0000 0.0000
79.5250 45.4365
159.0500 48.7403
238.5750 48.7176
318.1000 48.9652
397.6250 49.4069
477.1500 50.5438
556.6750 49.7109
636.2000 51.0359
715.7250 51.4763
795.2500 50.8901
874.7750 52.1155
954.3000 51.4365
1033.8250 52.1412
1113.3500 52.7971
1192.8750 53.5348
1272.4000 53.6342
1351.9250 53.1438
1431.4500 53.7871
1510.9750 54.5221
1590.5000 53.7700
1670.0250 55.9154
1749.5500 56.3689
1829.0750 55.2259
1908.6000 55.2487
1988.1250 55.0291
2067.6500 55.7396
2147.1750 56.6045
2226.7000 54.8302
2306.2250 55.5078
2385.7500 55.9957
2465.2750 56.5255
2544.8000 55.9836
2624.3250 56.8974
2703.8500 56.7282
2783.3750 57.2672
2862.9000 57.3326
2942.4250 57.7074
3021.9500 57.8361
3101.4750 56.9531
3181.0000 57.9781
3260.5250 58.5486
3340.0500 58.3287
3419.5750 59.1404
3499.1000 59.1290
3578.6250 59.8442
3658.1500 60.0572
3737.6750 59.5222
3817.2000 58.3871
3896.7250 60.4277
