VARIABLES = "Lag Time" "MSD"
ZONE T = "MPC 249"
0.0000 0.0000
79.5250 50.9595
159.0500 55.2557
238.5750 56.9416
318.1000 56.8808
397.6250 57.1971
477.1500 57.8880
556.6750 58.7408
636.2000 59.6815
715.7250 60.2741
795.2500 60.3388
874.7750 60.9629
954.3000 62.0190
1033.8250 61.1052
1113.3500 62.2191
1192.8750 63.0500
1272.4000 62.4525
1351.9250 62.6328
1431.4500 63.1630
1510.9750 64.1581
1590.5000 62.7987
1670.0250 65.2036
1749.5500 65.7714
1829.0750 64.8965
1908.6000 65.5452
1988.1250 65.4557
2067.6500 65.1958
2147.1750 65.7249
2226.7000 64.8630
2306.2250 64.9507
2385.7500 65.4874
2465.2750 66.6090
2544.8000 66.7142
2624.3250 66.9684
2703.8500 66.5153
2783.3750 66.8349
2862.9000 66.5485
2942.4250 66.2167
3021.9500 66.1519
3101.4750 67.1272
3181.0000 67.2508
3260.5250 68.7459
3340.0500 68.0726
3419.5750 67.9957
3499.1000 67.7903
3578.6250 66.2000
3658.1500 66.7691
3737.6750 65.9825
3817.2000 66.6501
3896.7250 68.1429
