VARIABLES = "Lag Time" "MSD"
ZONE T = "MPC 256"
0.0000 0.0000
79.5250 50.1276
159.0500 55.6150
238.5750 56.6503
318.1000 56.9720
397.6250 57.4375
477.1500 58.0712
556.6750 59.2500
636.2000 60.6705
715.7250 60.2622
795.2500 59.5001
874.7750 60.1677
954.3000 59.2677
1033.8250 59.9482
1113.3500 60.7039
1192.8750 60.9741
1272.4000 61.0138
1351.9250 61.0132
1431.4500 63.3191
1510.9750 62.7049
1590.5000 62.9013
1670.0250 62.9035
1749.5500 63.0027
1829.0750 63.8698
1908.6000 63.2647
1988.1250 63.2266
2067.6500 65.0104
2147.1750 64.3153
2226.7000 65.5638
2306.2250 64.5341
2385.7500 66.5660
2465.2750 66.0770
2544.8000 64.7691
2624.3250 65.6131
2703.8500 65.0413
2783.3750 64.5724
2862.9000 64.9511
2942.4250 65.5217
3021.9500 67.2919
3101.4750 67.5397
3181.0000 68.2570
3260.5250 68.1053
3340.0500 68.7254
3419.5750 69.4679
3499.1000 69.3456
3578.6250 68.4222
3658.1500 67.8214
3737.6750 68.1271
3817.2000 70.0769
3896.7250 68.8741
