VARIABLES = "Lag Time" "MSD"
ZONE T = "MPC 250"
0.0000 0.0000
79.5250 50.2346
159.0500 52.9852
238.5750 55.4592
318.1000 55.5073
397.6250 56.6760
477.1500 56.7819
556.6750 57.4211
636.2000 57.5906
715.7250 58.1123
795.2500 58.2129
874.7750 57.2374
954.3000 59.8232
1033.8250 59.9870
1113.3500 60.4610
1192.8750 61.6749
1272.4000 61.4243
1351.9250 62.2325
1431.4500 62.9130
1510.9750 62.6515
1590.5000 63.9965
1670.0250 64.7002
1749.5500 64.1755
1829.0750 66.4828
1908.6000 64.9097
1988.1250 67.3096
2067.6500 67.3184
2147.1750 67.1591
2226.7000 66.6391
2306.2250 69.3843
2385.7500 70.7880
2465.2750 69.3367
2544.8000 69.3281
2624.3250 69.7337
2703.8500 68.8039
2783.3750 70.4524
2862.9000 71.6796
2942.4250 70.9092
3021.9500 70.8845
3101.4750 71.8213
3181.0000 72.5471
3260.5250 72.8775
3340.0500 71.9601
3419.5750 72.4873
3499.1000 72.3210
3578.6250 72.5350
3658.1500 70.6665
3737.6750 72.6457
3817.2000 73.4696
3896.7250 73.8100
