VARIABLES = "Lag Time" "MSD"
ZONE T = "MPC 210"
0.0000 0.0000
79.5250 64.5633
159.0500 70.1168
238.5750 71.7847
318.1000 71.3145
397.6250 73.8659
477.1500 71.8413
556.6750 72.7425
636.2000 72.8175
715.7250 73.3374
795.2500 72.9005
874.7750 73.0951
954.3000 72.6519
1033.8250 73.8328
1113.3500 74.7719
1192.8750 74.9619
1272.4000 74.1774
1351.9250 75.4752
1431.4500 75.1003
1510.9750 73.6731
1590.5000 75.1967
1670.0250 75.2887
1749.5500 76.4730
1829.0750 75.1026
1908.6000 74.1371
1988.1250 74.5193
2067.6500 75.7088
2147.1750 77.4271
2226.7000 76.7386
2306.2250 76.5829
2385.7500 77.5934
2465.2750 78.3929
2544.8000 77.9179
2624.3250 77.4285
2703.8500 77.5964
2783.3750 78.3445
2862.9000 77.5223
2942.4250 78.8666
3021.9500 79.2206
3101.4750 78.4605
3181.0000 79.2230
3260.5250 78.8885
3340.0500 79.6170
3419.5750 78.3623
3499.1000 79.2918
3578.6250 79.2757
3658.1500 80.3565
3737.6750 79.5794
3817.2000 79.7077
3896.7250 81.2015
