VARIABLES = "Lag Time" "MSD"
ZONE T = "MPC 263"
0.0000 0.0000
79.5250 48.7358
159.0500 54.1216
238.5750 53.7208
318.1000 53.6022
397.6250 54.7318
477.1500 55.6351
556.6750 55.9070
636.2000 56.3598
715.7250 56.6791
795.2500 56.9326
874.7750 57.8432
954.3000 58.4030
1033.8250 59.6363
1113.3500 61.0809
1192.8750 59.4404
1272.4000 62.6285
1351.9250 62.7541
1431.4500 62.1341
1510.9750 61.9858
1590.5000 63.1963
1670.0250 64.2431
1749.5500 63.6691
1829.0750 64.5452
1908.6000 64.6810
1988.1250 65.1289
2067.6500 64.3234
2147.1750 64.7378
2226.7000 64.5003
2306.2250 65.7652
2385.7500 66.3468
2465.2750 66.0010
2544.8000 66.3076
2624.3250 66.4465
2703.8500 66.1765
2783.3750 67.6430
2862.9000 65.6136
2942.4250 67.0682
3021.9500 66.0241
3101.4750 65.2339
3181.0000 66.3459
3260.5250 67.0628
3340.0500 68.0244
3419.5750 67.8535
3499.1000 67.2193
3578.6250 68.0177
3658.1500 67.5173
3737.6750 68.2220
3817.2000 67.9180
3896.7250 67.8215
