VARIABLES = "Lag Time" "MSD"
ZONE T = "MPC 217"
0.0000 0.0000
79.5250 60.4334
159.0500 64.1372
238.5750 65.1231
318.1000 66.8370
397.6250 67.9694
477.1500 68.7032
556.6750 70.4730
636.2000 71.7928
715.7250 70.2517
795.2500 69.5966
874.7750 70.3612
954.3000 72.9437
1033.8250 72.3195
1113.3500 72.2935
1192.8750 74.3067
1272.4000 73.3586
1351.9250 75.6655
1431.4500 73.3319
1510.9750 74.9918
1590.5000 74.4990
1670.0250 74.3931
1749.5500 76.7019
1829.0750 76.6399
1908.6000 78.3566
1988.1250 76.8558
2067.6500 77.5540
2147.1750 76.9234
2226.7000 79.1683
2306.2250 78.8499
2385.7500 77.8206
2465.2750 78.4686
2544.8000 78.4036
2624.3250 77.1386
2703.8500 79.7472
2783.3750 81.6771
2862.9000 78.8673
2942.4250 82.0598
3021.9500 80.9631
3101.4750 80.3281
3181.0000 80.4658
3260.5250 81.5216
3340.0500 82.6120
3419.5750 82.9906
3499.1000 81.4375
3578.6250 82.6368
3658.1500 82.3504
3737.6750 80.8601
3817.2000 83.9827
3896.7250 81.5946
