VARIABLES = "Lag Time" "MSD"
ZONE T = "MPC 29"
0.0000 0.0000
79.5250 249.7937
159.0500 495.2295
238.5750 737.0978
318.1000 979.5073
397.6250 1219.8091
477.1500 1460.9090
556.6750 1690.7432
636.2000 1904.5732
715.7250 2103.5150
795.2500 2301.0440
874.7750 2488.9165
954.3000 2670.2198
1033.8250 2844.0649
1113.3500 3008.7664
1192.8750 3172.5052
1272.4000 3341.7338
1351.9250 3516.0868
1431.4500 3693.9674
1510.9750 3863.5598
1590.5000 4025.8463
1670.0250 4182.6162
1749.5500 4344.6282
1829.0750 4502.3848
1908.6000 4658.1653
1988.1250 4813.6999
2067.6500 4966.4797
2147.1750 5114.2115
2226.7000 5253.4893
2306.2250 5392.9587
2385.7500 5521.9512
2465.2750 5658.8567
2544.8000 5795.8224
2624.3250 5917.7247
2703.8500 6041.0661
2783.3750 6169.8827
2862.9000 6301.7784
2942.4250 6441.1239
3021.9500 6574.2995
3101.4750 6707.3719
3181.0000 6836.3838
3260.5250 6963.9232
3340.0500 7076.9496
3419.5750 7188.4718
3499.1000 7301.6528
3578.6250 7399.9103
3658.1500 7498.3820
3737.6750 7589.5008
3817.2000 7691.8445
3896.7250 7789.8658
