VARIABLES = "Lag Time" "MSD"
ZONE T = "MPC 253"
0.0000 0.0000
79.5250 52.5477
159.0500 55.8291
238.5750 56.7517
318.1000 58.2072
397.6250 59.7154
477.1500 59.8756
556.6750 59.8402
636.2000 62.4509
715.7250 61.6688
795.2500 60.7931
874.7750 63.0738
954.3000 64.5218
1033.8250 64.0470
1113.3500 63.8628
1192.8750 63.7406
1272.4000 66.1133
1351.9250 67.5634
1431.4500 67.1074
1510.9750 68.6254
1590.5000 68.3081
1670.0250 68.8781
1749.5500 71.0263
1829.0750 69.8233
1908.6000 71.1498
1988.1250 71.1385
2067.6500 71.0129
2147.1750 72.3679
2226.7000 72.1788
2306.2250 72.3021
2385.7500 72.8769
2465.2750 73.7407
2544.8000 75.8013
2624.3250 73.9921
2703.8500 75.8366
2783.3750 75.8301
2862.9000 76.0068
2942.4250 76.4841
3021.9500 76.6750
3101.4750 76.1869
3181.0000 76.8063
3260.5250 77.0283
3340.0500 77.6245
3419.5750 78.4482
3499.1000 78.3860
3578.6250 78.6210
3658.1500 78.1731
3737.6750 80.1485
3817.2000 78.5334
3896.7250 78.7981
