VARIABLES = "Lag Time" "MSD"
ZONE T = "MPC 225"
0.0000 0.0000
79.5250 59.8045
159.0500 64.2713
238.5750 64.9333
318.1000 64.9017
397.6250 65.2134
477.1500 67.0418
556.6750 66.7104
636.2000 65.9225
715.7250 66.9169
795.2500 67.5712
874.7750 67.6685
954.3000 65.9682
1033.8250 67.6268
1113.3500 67.7145
1192.8750 68.5601
1272.4000 68.8210
1351.9250 67.4414
1431.4500 68.4292
1510.9750 68.3858
1590.5000 68.6094
1670.0250 69.8562
1749.5500 70.4807
1829.0750 71.2225
1908.6000 71.3049
1988.1250 70.4091
2067.6500 69.0882
2147.1750 70.8270
2226.7000 71.4938
2306.2250 73.7856
2385.7500 71.3912
2465.2750 69.9857
2544.8000 70.5672
2624.3250 71.8715
2703.8500 71.6907
2783.3750 72.8434
2862.9000 71.9316
2942.4250 73.5175
3021.9500 72.1043
3101.4750 72.0102
3181.0000 72.2800
3260.5250 72.9894
3340.0500 73.7084
3419.5750 71.7376
3499.1000 73.4030
3578.6250 72.6397
3658.1500 72.2915
3737.6750 72.4889
3817.2000 73.3601
3896.7250 73.7535
