VARIABLES = "Lag Time" "MSD"
ZONE T = "MPC 259"
0.0000 0.0000
79.5250 51.9762
159.0500 55.2688
238.5750 56.6472
318.1000 57.6403
397.6250 57.6607
477.1500 57.9960
556.6750 59.5308
636.2000 60.3882
715.7250 59.9860
795.2500 61.3640
874.7750 61.3287
954.3000 61.0841
1033.8250 61.6969
1113.3500 61.6529
1192.8750 62.6665
1272.4000 61.9277
1351.9250 61.6648
1431.4500 63.7611
1510.9750 63.7143
1590.5000 63.1261
1670.0250 63.0412
1749.5500 63.4868
1829.0750 64.1185
1908.6000 64.8512
1988.1250 65.7163
2067.6500 65.4471
2147.1750 66.0691
2226.7000 66.2685
2306.2250 66.4341
2385.7500 66.7869
2465.2750 67.0849
2544.8000 67.5408
2624.3250 68.0921
2703.8500 68.4960
2783.3750 68.0621
2862.9000 68.0416
2942.4250 67.5295
3021.9500 69.8796
3101.4750 69.6718
3181.0000 67.2869
3260.5250 68.7295
3340.0500 69.5675
3419.5750 69.3093
3499.1000 70.8386
3578.6250 70.6510
3658.1500 70.4431
3737.6750 70.5804
3817.2000 71.2817
3896.7250 70.3194
