VARIABLES = "Lag Time" "MSD"
ZONE T = "MPC 24"
0.0000 0.0000
79.5250 346.8231
159.0500 671.7121
238.5750 978.5025
318.1000 1295.4139
397.6250 1611.2280
477.1500 1920.3025
556.6750 2222.0980
636.2000 2533.9678
715.7250 2828.2940
795.2500 3124.5367
874.7750 3393.0568
954.3000 3661.6779
1033.8250 3912.4381
1113.3500 4135.9103
1192.8750 4347.7489
1272.4000 4552.8077
1351.9250 4757.5337
1431.4500 4964.9323
1510.9750 5180.4449
1590.5000 5384.9270
1670.0250 5597.9039
1749.5500 5796.9230
1829.0750 5998.0664
1908.6000 6196.1240
1988.1250 6394.1458
2067.6500 6581.3712
2147.1750 6771.6712
2226.7000 6981.4549
2306.2250 7192.7760
2385.7500 7407.9423
2465.2750 7608.1386
2544.8000 7818.0379
2624.3250 8031.4125
2703.8500 8239.7420
2783.3750 8450.9946
2862.9000 8660.9133
2942.4250 8871.8792
3021.9500 9072.8717
3101.4750 9276.9174
3181.0000 9462.6744
3260.5250 9627.7097
3340.0500 9781.3620
3419.5750 9923.1466
3499.1000 10070.4449
3578.6250 10213.9822
3658.1500 10339.1695
3737.6750 10456.0616
3817.2000 10566.3525
3896.7250 10676.0351
