VARIABLES = "Lag Time" "MSD"
ZONE T = "MPC 223"
0.0000 0.0000
79.5250 66.3911
159.0500 68.7619
238.5750 69.7205
318.1000 68.9176
397.6250 68.8549
477.1500 70.8396
556.6750 70.1344
636.2000 69.5881
715.7250 70.9777
795.2500 69.7245
874.7750 70.8466
954.3000 70.6610
1033.8250 71.4116
1113.3500 71.5895
1192.8750 71.2653
1272.4000 72.8829
1351.9250 72.2966
1431.4500 72.8205
1510.9750 73.1477
1590.5000 72.5922
1670.0250 73.0684
1749.5500 69.7534
1829.0750 71.7922
1908.6000 74.0298
1988.1250 74.0037
2067.6500 73.5774
2147.1750 73.5696
2226.7000 74.8990
2306.2250 74.1201
2385.7500 75.0967
2465.2750 74.9029
2544.8000 73.3155
2624.3250 75.3400
2703.8500 74.7600
2783.3750 75.1645
2862.9000 75.3961
2942.4250 75.4903
3021.9500 75.2866
3101.4750 75.6349
3181.0000 76.1778
3260.5250 76.3107
3340.0500 76.8659
3419.5750 75.8667
3499.1000 73.5472
3578.6250 75.9871
3658.1500 78.2354
3737.6750 77.1886
3817.2000 75.3571
3896.7250 75.8902
