VARIABLES = "Lag Time" "MSD"
ZONE T = "MPC 278"
0.0000 0.0000
79.5250 46.6718
159.0500 50.5467
238.5750 51.4110
318.1000 53.1533
397.6250 55.8610
477.1500 57.2295
556.6750 60.6545
636.2000 61.7566
715.7250 62.4214
795.2500 63.0084
874.7750 64.1989
954.3000 63.9904
1033.8250 66.3629
1113.3500 66.6728
1192.8750 67.1817
1272.4000 68.7139
1351.9250 68.7004
1431.4500 69.4961
1510.9750 70.3908
1590.5000 71.1910
1670.0250 71.6334
1749.5500 72.7480
1829.0750 75.0193
1908.6000 76.3914
1988.1250 76.6542
2067.6500 78.0662
2147.1750 79.5605
2226.7000 80.5281
2306.2250 81.1205
2385.7500 80.4597
2465.2750 82.3095
2544.8000 82.2795
2624.3250 83.9278
2703.8500 84.0206
2783.3750 84.3685
2862.9000 84.2144
2942.4250 85.3780
3021.9500 86.0652
3101.4750 87.6913
3181.0000 87.6934
3260.5250 90.0767
3340.0500 89.5585
3419.5750 91.6584
3499.1000 92.0185
3578.6250 92.9670
3658.1500 93.7264
3737.6750 94.1147
3817.2000 96.5088
3896.7250 97.8058
