VARIABLES = "Lag Time" "MSD"
ZONE T = "MPC 266"
0.0000 0.0000
79.5250 49.2982
159.0500 51.5177
238.5750 54.8623
318.1000 53.0648
397.6250 54.0589
477.1500 55.1478
556.6750 54.6428
636.2000 55.9015
715.7250 56.4393
795.2500 56.5561
874.7750 56.5785
954.3000 58.1294
1033.8250 58.0601
1113.3500 58.0618
1192.8750 57.5805
1272.4000 57.8973
1351.9250 58.7496
1431.4500 58.9201
1510.9750 59.6173
1590.5000 60.8854
1670.0250 60.2887
1749.5500 61.0309
1829.0750 60.6997
1908.6000 61.8768
1988.1250 61.8649
2067.6500 62.3981
2147.1750 60.9630
2226.7000 61.7733
2306.2250 62.5963
2385.7500 61.7970
2465.2750 62.3125
2544.8000 63.8157
2624.3250 64.0504
2703.8500 63.7836
2783.3750 63.1785
2862.9000 64.7534
2942.4250 63.9341
3021.9500 65.2773
3101.4750 65.1486
3181.0000 65.9544
3260.5250 64.5694
3340.0500 64.9200
3419.5750 67.0624
3499.1000 65.6845
3578.6250 67.2266
3658.1500 66.6091
3737.6750 66.6849
3817.2000 67.4695
3896.7250 67.0614
