VARIABLES = "Lag Time" "MSD"
ZONE T = "MPC 265"
0.0000 0.0000
79.5250 49.7104
159.0500 52.9637
238.5750 54.0717
318.1000 55.1064
397.6250 55.3694
477.1500 58.2891
556.6750 59.3982
636.2000 59.4928
715.7250 61.6259
795.2500 62.1525
874.7750 62.3404
954.3000 63.8821
1033.8250 64.4696
1113.3500 65.5646
1192.8750 65.5275
1272.4000 67.8892
1351.9250 68.4423
1431.4500 69.3429
1510.9750 68.6093
1590.5000 70.5330
1670.0250 71.2190
1749.5500 72.6737
1829.0750 71.6681
1908.6000 72.5135
1988.1250 73.7772
2067.6500 74.4149
2147.1750 74.6769
2226.7000 74.3355
2306.2250 75.9958
2385.7500 76.3563
2465.2750 76.5465
2544.8000 77.2270
2624.3250 77.4574
2703.8500 78.1299
2783.3750 78.5985
2862.9000 80.4893
2942.4250 79.9615
3021.9500 81.0465
3101.4750 80.9840
3181.0000 81.3183
3260.5250 81.2892
3340.0500 84.1490
3419.5750 84.2344
3499.1000 84.2432
3578.6250 85.6172
3658.1500 84.8703
3737.6750 84.3258
3817.2000 85.6421
3896.7250 85.8491
