VARIABLES = "Lag Time" "MSD"
ZONE T = "MPC 232"
0.0000 0.0000
79.5250 51.8592
159.0500 57.3394
238.5750 58.6954
318.1000 59.6550
397.6250 61.6607
477.1500 62.6132
556.6750 63.6282
636.2000 65.4455
715.7250 65.3241
795.2500 65.9353
874.7750 68.4920
954.3000 67.8723
1033.8250 69.4541
1113.3500 68.7679
1192.8750 70.9501
1272.4000 70.7639
1351.9250 71.9456
1431.4500 72.2593
1510.9750 73.8623
1590.5000 74.6998
1670.0250 74.6669
1749.5500 75.9930
1829.0750 78.1932
1908.6000 77.7603
1988.1250 79.2395
2067.6500 79.8873
2147.1750 81.5366
2226.7000 81.3501
2306.2250 82.1879
2385.7500 82.1662
2465.2750 83.0598
2544.8000 84.3555
2624.3250 84.6494
2703.8500 84.8799
2783.3750 85.3958
2862.9000 87.2000
2942.4250 87.0645
3021.9500 87.2844
3101.4750 89.1503
3181.0000 87.9385
3260.5250 90.3292
3340.0500 92.0802
3419.5750 92.6245
3499.1000 92.5724
3578.6250 91.4234
3658.1500 91.6942
3737.6750 92.7765
3817.2000 93.4084
3896.7250 92.9310
