VARIABLES = "Lag Time" "MSD"
ZONE T = "MPC 212"
0.0000 0.0000
79.5250 64.7407
159.0500 72.0069
238.5750 73.7230
318.1000 73.6046
397.6250 74.3014
477.1500 75.8774
556.6750 75.3360
636.2000 74.7813
715.7250 75.4362
795.2500 76.3433
874.7750 77.2235
954.3000 78.1783
1033.8250 78.5783
1113.3500 79.4456
1192.8750 77.6219
1272.4000 77.7793
1351.9250 78.8403
1431.4500 81.0850
1510.9750 79.4748
1590.5000 80.5478
1670.0250 79.5265
1749.5500 77.9260
1829.0750 80.1170
1908.6000 78.2784
1988.1250 80.8682
2067.6500 80.3491
2147.1750 82.8432
2226.7000 82.1463
2306.2250 82.4760
2385.7500 82.5107
2465.2750 81.8157
2544.8000 82.5502
2624.3250 83.0465
2703.8500 83.4684
2783.3750 84.2724
2862.9000 83.6921
2942.4250 84.2130
3021.9500 83.9009
3101.4750 82.1694
3181.0000 83.7550
3260.5250 84.1839
3340.0500 85.1257
3419.5750 84.0217
3499.1000 84.6338
3578.6250 87.3835
3658.1500 84.4840
3737.6750 84.0378
3817.2000 85.4766
3896.7250 84.6380
