VARIABLES = "Lag Time" "MSD"
ZONE T = "MPC 234"
0.0000 0.0000
79.5250 56.6268
159.0500 61.2607
238.5750 63.3512
318.1000 63.4403
397.6250 66.8582
477.1500 63.5384
556.6750 64.0497
636.2000 65.7645
715.7250 67.4325
795.2500 65.6175
874.7750 65.8481
954.3000 67.0379
1033.8250 68.0483
1113.3500 67.1277
1192.8750 67.6244
1272.4000 69.5172
1351.9250 67.7689
1431.4500 68.3887
1510.9750 69.5014
1590.5000 70.0957
1670.0250 70.0326
1749.5500 69.5552
1829.0750 71.6177
1908.6000 72.0768
1988.1250 71.1580
2067.6500 71.1569
2147.1750 70.9400
2226.7000 71.2344
2306.2250 72.9243
2385.7500 74.7376
2465.2750 73.1950
2544.8000 73.8838
2624.3250 73.6982
2703.8500 72.4050
2783.3750 73.4266
2862.9000 73.5493
2942.4250 74.1998
3021.9500 72.8250
3101.4750 75.2607
3181.0000 74.3896
3260.5250 72.8324
3340.0500 73.9288
3419.5750 74.9019
3499.1000 74.3965
3578.6250 74.6707
3658.1500 74.4730
3737.6750 74.2516
3817.2000 74.8708
3896.7250 75.4344
