VARIABLES = "Lag Time" "MSD"
ZONE T = "MPC 22"
0.0000 0.0000
79.5250 349.1443
159.0500 675.2510
238.5750 1007.2342
318.1000 1336.2685
397.6250 1650.5481
477.1500 1953.6655
556.6750 2252.6824
636.2000 2548.7496
715.7250 2826.7918
795.2500 3100.4237
874.7750 3350.0520
954.3000 3596.4735
1033.8250 3844.6244
1113.3500 4088.1690
1192.8750 4336.1077
1272.4000 4571.8864
1351.9250 4812.6751
1431.4500 5045.3487
1510.9750 5274.0508
1590.5000 5501.6343
1670.0250 5726.8290
1749.5500 5934.9659
1829.0750 6144.1357
1908.6000 6354.1612
1988.1250 6550.9958
2067.6500 6749.9325
2147.1750 6942.4725
2226.7000 7132.4832
2306.2250 7318.2395
2385.7500 7509.7049
2465.2750 7712.5662
2544.8000 7909.8826
2624.3250 8108.0508
2703.8500 8306.0499
2783.3750 8507.0296
2862.9000 8716.9391
2942.4250 8927.3094
3021.9500 9146.0378
3101.4750 9344.3736
3181.0000 9519.6773
3260.5250 9696.1931
3340.0500 9857.1784
3419.5750 10036.1400
3499.1000 10210.4380
3578.6250 10396.5083
3658.1500 10584.7441
3737.6750 10775.5774
3817.2000 10974.2234
3896.7250 11156.1329
