VARIABLES = "Lag Time" "MSD"
ZONE T = "MPC 222"
0.0000 0.0000
79.5250 60.0693
159.0500 65.2149
238.5750 68.3454
318.1000 69.1661
397.6250 68.5107
477.1500 69.2298
556.6750 68.8501
636.2000 69.3669
715.7250 70.5324
795.2500 71.8461
874.7750 71.4439
954.3000 72.7057
1033.8250 72.0099
1113.3500 73.6684
1192.8750 74.3822
1272.4000 72.8302
1351.9250 74.2640
1431.4500 74.7370
1510.9750 75.1079
1590.5000 76.3651
1670.0250 75.5029
1749.5500 76.4969
1829.0750 76.4249
1908.6000 76.5063
1988.1250 78.3944
2067.6500 76.2466
2147.1750 77.7239
2226.7000 78.5731
2306.2250 77.8027
2385.7500 78.8707
2465.2750 78.8304
2544.8000 78.6822
2624.3250 79.0789
2703.8500 79.5699
2783.3750 81.1452
2862.9000 80.9770
2942.4250 80.1691
3021.9500 82.0720
3101.4750 81.7850
3181.0000 81.5024
3260.5250 82.3516
3340.0500 80.5376
3419.5750 81.7678
3499.1000 82.4466
3578.6250 82.6251
3658.1500 82.2618
3737.6750 82.8478
3817.2000 83.1636
3896.7250 83.8454
