VARIABLES = "Lag Time" "MSD"
ZONE T = "MPC 244"
0.0000 0.0000
79.5250 55.3243
159.0500 58.5624
238.5750 61.5643
318.1000 61.2326
397.6250 62.0796
477.1500 62.6829
556.6750 62.6160
636.2000 63.8122
715.7250 64.2057
795.2500 65.8777
874.7750 67.2776
954.3000 67.0818
1033.8250 67.9189
1113.3500 68.7463
1192.8750 70.7979
1272.4000 70.7365
1351.9250 72.0343
1431.4500 73.1715
1510.9750 72.9087
1590.5000 71.9276
1670.0250 74.6440
1749.5500 75.3408
1829.0750 75.1073
1908.6000 76.4862
1988.1250 74.3782
2067.6500 75.2451
2147.1750 75.9357
2226.7000 77.6555
2306.2250 77.3797
2385.7500 79.4912
2465.2750 78.7440
2544.8000 78.5657
2624.3250 79.6188
2703.8500 79.3365
2783.3750 80.2191
2862.9000 80.3130
2942.4250 79.3115
3021.9500 81.7050
3101.4750 81.2649
3181.0000 80.8718
3260.5250 79.6637
3340.0500 80.6324
3419.5750 82.5221
3499.1000 81.3503
3578.6250 80.9000
3658.1500 79.3992
3737.6750 82.1586
3817.2000 80.6149
3896.7250 82.1832
