VARIABLES = "Lag Time" "MSD"
ZONE T = "MPC 261"
0.0000 0.0000
79.5250 51.7134
159.0500 55.4951
238.5750 55.2145
318.1000 57.3533
397.6250 57.3882
477.1500 59.1505
556.6750 59.0025
636.2000 60.4733
715.7250 59.9626
795.2500 61.1823
874.7750 61.3018
954.3000 62.1307
1033.8250 63.5553
1113.3500 64.0223
1192.8750 64.3610
1272.4000 64.7955
1351.9250 62.6257
1431.4500 63.5678
1510.9750 65.2591
1590.5000 64.5684
1670.0250 64.7761
1749.5500 66.2045
1829.0750 65.1450
1908.6000 65.2352
1988.1250 66.1902
2067.6500 66.1703
2147.1750 64.5038
2226.7000 66.3194
2306.2250 68.4591
2385.7500 67.3727
2465.2750 68.9711
2544.8000 68.9579
2624.3250 69.8687
2703.8500 69.5891
2783.3750 70.4982
2862.9000 71.3910
2942.4250 71.3385
3021.9500 72.3106
3101.4750 72.7824
3181.0000 73.1538
3260.5250 72.6565
3340.0500 73.9468
3419.5750 73.9425
3499.1000 74.3068
3578.6250 74.4048
3658.1500 74.5235
3737.6750 74.7087
3817.2000 74.0554
3896.7250 74.8841
