VARIABLES = "Lag Time" "MSD"
ZONE T = "MPC 281"
0.0000 0.0000
79.5250 44.7256
159.0500 48.3407
238.5750 49.0205
318.1000 49.7120
397.6250 50.7785
477.1500 50.0687
556.6750 50.5770
636.2000 50.9437
715.7250 50.8069
795.2500 52.6114
874.7750 51.6879
954.3000 53.0452
1033.8250 53.4785
1113.3500 53.1127
1192.8750 54.7191
1272.4000 54.8660
1351.9250 55.3808
1431.4500 56.4060
1510.9750 56.0364
1590.5000 55.9967
1670.0250 56.4887
1749.5500 56.5233
1829.0750 57.6328
1908.6000 58.7521
1988.1250 60.1592
2067.6500 59.1616
2147.1750 58.9205
2226.7000 59.4074
2306.2250 60.1356
2385.7500 58.9432
2465.2750 60.3712
2544.8000 62.1359
2624.3250 61.3061
2703.8500 62.6579
2783.3750 61.7334
2862.9000 61.7509
2942.4250 62.4324
3021.9500 62.4655
3101.4750 62.0949
3181.0000 63.1065
3260.5250 63.0579
3340.0500 63.7045
3419.5750 64.5989
3499.1000 64.2669
3578.6250 64.7969
3658.1500 66.3023
3737.6750 67.2144
3817.2000 65.3785
3896.7250 65.2018
