VARIABLES = "Lag Time" "MSD"
ZONE T = "MPC 272"
0.0000 0.0000
79.5250 47.0233
159.0500 49.8534
238.5750 50.4948
318.1000 53.2718
397.6250 53.8650
477.1500 54.4482
556.6750 56.2151
636.2000 55.7485
715.7250 56.8940
795.2500 57.5961
874.7750 58.4011
954.3000 60.6103
1033.8250 60.0436
1113.3500 61.4154
1192.8750 61.4622
1272.4000 63.9572
1351.9250 63.6127
1431.4500 64.5299
1510.9750 65.5089
1590.5000 66.1840
1670.0250 67.5434
1749.5500 67.8989
1829.0750 68.0966
1908.6000 69.9255
1988.1250 69.3912
2067.6500 71.3498
2147.1750 71.2048
2226.7000 70.8095
2306.2250 72.3649
2385.7500 73.0974
2465.2750 73.4863
2544.8000 73.8062
2624.3250 74.7751
2703.8500 74.5172
2783.3750 75.3069
2862.9000 77.5000
2942.4250 76.1739
3021.9500 78.4858
3101.4750 79.8336
3181.0000 79.1098
3260.5250 80.1188
3340.0500 79.5843
3419.5750 81.1969
3499.1000 82.4480
3578.6250 83.2328
3658.1500 81.7861
3737.6750 83.8576
3817.2000 82.8510
3896.7250 83.8892
