VARIABLES = "Lag Time" "MSD"
ZONE T = "MPC 275"
0.0000 0.0000
79.5250 46.1604
159.0500 50.1679
238.5750 51.0380
318.1000 51.0135
397.6250 51.6193
477.1500 53.3472
556.6750 53.9562
636.2000 54.9104
715.7250 55.4630
795.2500 56.5036
874.7750 56.0171
954.3000 57.2366
1033.8250 57.7351
1113.3500 59.2963
1192.8750 59.2634
1272.4000 59.3223
1351.9250 60.7302
1431.4500 62.1818
1510.9750 61.3389
1590.5000 61.6981
1670.0250 61.1463
1749.5500 62.0817
1829.0750 62.4570
1908.6000 62.9754
1988.1250 63.0270
2067.6500 63.9246
2147.1750 64.7898
2226.7000 64.1019
2306.2250 64.7761
2385.7500 66.1100
2465.2750 66.9531
2544.8000 65.6667
2624.3250 66.2975
2703.8500 66.0238
2783.3750 67.1139
2862.9000 67.1622
2942.4250 68.7870
3021.9500 68.7521
3101.4750 69.1219
3181.0000 70.9789
3260.5250 69.7272
3340.0500 69.6838
3419.5750 69.8773
3499.1000 70.9533
3578.6250 69.6856
3658.1500 70.9933
3737.6750 71.4434
3817.2000 71.1968
3896.7250 71.4080
