VARIABLES = "Lag Time" "MSD"
ZONE T = "MPC 298"
0.0000 0.0000
79.5250 41.5122
159.0500 44.3645
238.5750 46.0757
318.1000 47.4838
397.6250 47.7328
477.1500 48.2142
556.6750 50.1297
636.2000 52.1521
715.7250 52.0577
795.2500 53.4113
874.7750 54.1048
954.3000 55.3421
1033.8250 55.7758
1113.3500 56.7801
1192.8750 57.1069
1272.4000 58.4434
1351.9250 59.7110
1431.4500 61.1236
1510.9750 60.7824
1590.5000 62.0088
1670.0250 62.7501
1749.5500 63.7510
1829.0750 64.2781
1908.6000 64.8501
1988.1250 64.8601
2067.6500 66.4229
2147.1750 67.6949
2226.7000 67.9022
2306.2250 67.9206
2385.7500 69.0144
2465.2750 69.2878
2544.8000 69.7610
2624.3250 70.9775
2703.8500 71.0200
2783.3750 72.5778
2862.9000 72.9099
2942.4250 73.8816
3021.9500 74.5527
3101.4750 75.3839
3181.0000 76.1613
3260.5250 77.4797
3340.0500 78.3873
3419.5750 78.3990
3499.1000 78.7261
3578.6250 80.8510
3658.1500 80.0262
3737.6750 80.5468
3817.2000 81.1514
3896.7250 82.8973
