VARIABLES = "Lag Time" "MSD"
ZONE T = "MPC 209"
0.0000 0.0000
79.5250 63.4742
159.0500 68.1393
238.5750 71.5607
318.1000 71.6410
397.6250 73.9208
477.1500 74.7300
556.6750 75.8329
636.2000 73.3984
715.7250 74.9947
795.2500 74.5573
874.7750 74.9504
954.3000 74.4075
1033.8250 75.6102
1113.3500 76.1468
1192.8750 75.9796
1272.4000 74.7619
1351.9250 77.4669
1431.4500 76.2975
1510.9750 78.4378
1590.5000 76.7444
1670.0250 78.7599
1749.5500 77.0294
1829.0750 77.6684
1908.6000 78.7892
1988.1250 78.9623
2067.6500 78.7191
2147.1750 79.8219
2226.7000 81.2440
2306.2250 80.1378
2385.7500 82.4072
2465.2750 81.6594
2544.8000 81.7911
2624.3250 79.7570
2703.8500 80.5322
2783.3750 81.1224
2862.9000 82.8430
2942.4250 82.3570
3021.9500 80.4468
3101.4750 81.3374
3181.0000 82.9510
3260.5250 83.8679
3340.0500 82.0765
3419.5750 84.5118
3499.1000 85.3331
3578.6250 86.1011
3658.1500 84.9479
3737.6750 84.2308
3817.2000 86.1881
3896.7250 85.1696
