VARIABLES = "Lag Time" "MSD"
ZONE T = "MPC 393"
0.0000 0.0000
79.5250 27.1871
159.0500 27.3354
238.5750 27.6243
318.1000 27.8530
397.6250 28.2112
477.1500 28.3996
556.6750 29.1625
636.2000 29.0412
715.7250 30.3983
795.2500 30.0417
874.7750 29.9633
954.3000 30.3362
1033.8250 30.7416
1113.3500 30.9902
1192.8750 31.3310
1272.4000 31.2518
1351.9250 32.2356
1431.4500 32.0285
1510.9750 31.8396
1590.5000 32.1287
1670.0250 32.6170
1749.5500 32.6899
1829.0750 33.3504
1908.6000 33.5531
1988.1250 33.9987
2067.6500 33.3793
2147.1750 34.0926
2226.7000 33.4845
2306.2250 33.8978
2385.7500 34.0559
2465.2750 34.1025
2544.8000 34.3146
2624.3250 34.5285
2703.8500 34.6918
2783.3750 35.1508
2862.9000 34.6602
2942.4250 34.8309
3021.9500 34.8342
3101.4750 34.3136
3181.0000 35.2878
3260.5250 35.8384
3340.0500 36.2851
3419.5750 35.8775
3499.1000 35.5724
3578.6250 36.0923
3658.1500 36.2220
3737.6750 36.1282
3817.2000 36.5734
3896.7250 36.8106
