VARIABLES = "Lag Time" "MSD"
ZONE T = "MPC 364"
0.0000 0.0000
79.5250 30.3633
159.0500 32.6022
238.5750 33.2590
318.1000 34.8563
397.6250 35.6596
477.1500 36.9517
556.6750 38.3169
636.2000 38.4479
715.7250 39.1213
795.2500 40.2354
874.7750 41.3639
954.3000 41.6613
1033.8250 42.4556
1113.3500 43.1676
1192.8750 43.8411
1272.4000 44.4610
1351.9250 44.9197
1431.4500 45.8283
1510.9750 46.3677
1590.5000 48.3853
1670.0250 48.7157
1749.5500 48.8616
1829.0750 48.9414
1908.6000 50.1070
1988.1250 50.2988
2067.6500 51.4640
2147.1750 51.5282
2226.7000 51.4360
2306.2250 51.9928
2385.7500 51.9785
2465.2750 52.2327
2544.8000 52.8362
2624.3250 53.9499
2703.8500 53.7363
2783.3750 54.5162
2862.9000 54.9105
2942.4250 55.4837
3021.9500 55.6343
3101.4750 57.4471
3181.0000 56.9120
3260.5250 57.2290
3340.0500 57.3008
3419.5750 57.6860
3499.1000 58.4484
3578.6250 58.6362
3658.1500 58.8350
3737.6750 60.0941
3817.2000 60.2061
3896.7250 59.7156
