VARIABLES = "Lag Time" "MSD"
ZONE T = "MPC 384"
0.0000 0.0000
79.5250 27.8018
159.0500 29.7300
238.5750 29.7645
318.1000 30.2873
397.6250 30.4749
477.1500 31.0498
556.6750 31.2013
636.2000 31.2006
715.7250 32.0751
795.2500 32.4227
874.7750 33.1360
954.3000 32.5264
1033.8250 33.4182
1113.3500 33.7556
1192.8750 33.9298
1272.4000 33.4864
1351.9250 34.8067
1431.4500 35.1252
1510.9750 35.0815
1590.5000 35.0713
1670.0250 35.5289
1749.5500 36.1111
1829.0750 35.4113
1908.6000 36.5134
1988.1250 36.4168
2067.6500 36.9180
2147.1750 37.3768
2226.7000 37.6442
2306.2250 37.9306
2385.7500 38.3589
2465.2750 38.1654
2544.8000 37.7220
2624.3250 38.1703
2703.8500 39.2631
2783.3750 38.7079
2862.9000 39.5957
2942.4250 39.8388
3021.9500 39.1662
3101.4750 39.7858
3181.0000 40.0515
3260.5250 40.3957
3340.0500 40.0755
3419.5750 40.4765
3499.1000 40.7146
3578.6250 40.0895
3658.1500 40.7347
3737.6750 40.6998
3817.2000 41.5903
3896.7250 41.8506
