VARIABLES = "Lag Time" "MSD"
ZONE T = "MPC 399"
0.0000 0.0000
79.5250 27.5248
159.0500 28.3976
238.5750 29.0503
318.1000 29.1868
397.6250 29.7762
477.1500 30.1957
556.6750 30.6574
636.2000 30.6932
715.7250 32.3290
795.2500 31.8923
874.7750 32.7318
954.3000 33.4051
1033.8250 33.4643
1113.3500 32.7709
1192.8750 33.8595
1272.4000 34.7943
1351.9250 35.1598
1431.4500 34.9604
1510.9750 34.9717
1590.5000 35.2292
1670.0250 35.6889
1749.5500 36.2013
1829.0750 36.4169
1908.6000 36.7626
1988.1250 37.3058
2067.6500 37.1535
2147.1750 36.8389
2226.7000 37.5138
2306.2250 36.9929
2385.7500 37.9721
2465.2750 38.7111
2544.8000 38.3644
2624.3250 39.1133
2703.8500 39.2727
2783.3750 39.5829
2862.9000 39.5026
2942.4250 40.1550
3021.9500 40.1131
3101.4750 40.5974
3181.0000 39.6772
3260.5250 40.5796
3340.0500 40.1811
3419.5750 40.9068
3499.1000 41.4124
3578.6250 40.4220
3658.1500 40.8447
3737.6750 40.9917
3817.2000 41.1825
3896.7250 41.8299
