VARIABLES = "Lag Time" "MSD"
ZONE T = "MPC 365"
0.0000 0.0000
79.5250 28.1925
159.0500 29.5496
238.5750 31.7567
318.1000 32.2301
397.6250 32.3462
477.1500 33.6956
556.6750 33.6727
636.2000 34.1080
715.7250 34.2766
795.2500 34.5413
874.7750 36.1742
954.3000 36.2116
1033.8250 36.3500
1113.3500 36.8426
1192.8750 36.8733
1272.4000 37.9307
1351.9250 38.3098
1431.4500 38.2162
1510.9750 38.3700
1590.5000 38.7465
1670.0250 38.3874
1749.5500 39.2013
1829.0750 39.7846
1908.6000 39.8782
1988.1250 40.1434
2067.6500 40.0734
2147.1750 41.0987
2226.7000 40.0577
2306.2250 40.6943
2385.7500 41.5812
2465.2750 42.3436
2544.8000 41.4287
2624.3250 42.0102
2703.8500 41.6397
2783.3750 41.3612
2862.9000 42.2789
2942.4250 43.1216
3021.9500 43.2780
3101.4750 43.2146
3181.0000 43.6153
3260.5250 42.7947
3340.0500 43.1142
3419.5750 43.9093
3499.1000 44.3539
3578.6250 43.3264
3658.1500 44.3030
3737.6750 45.0403
3817.2000 44.6466
3896.7250 44.0862
