VARIABLES = "Lag Time" "MSD"
ZONE T = "MPC 343"
0.0000 0.0000
79.5250 36.0884
159.0500 37.1543
238.5750 38.1954
318.1000 38.2180
397.6250 38.9769
477.1500 38.6824
556.6750 39.4345
636.2000 39.9050
715.7250 39.7673
795.2500 39.3159
874.7750 40.7081
954.3000 39.9942
1033.8250 40.3901
1113.3500 40.2878
1192.8750 41.3914
1272.4000 40.1795
1351.9250 40.3507
1431.4500 41.4402
1510.9750 41.9071
1590.5000 42.0152
1670.0250 41.6090
1749.5500 41.9410
1829.0750 42.0962
1908.6000 41.0450
1988.1250 42.0536
2067.6500 42.2458
2147.1750 43.1107
2226.7000 42.4520
2306.2250 42.9122
2385.7500 43.2413
2465.2750 42.6607
2544.8000 43.1601
2624.3250 43.3005
2703.8500 43.4648
2783.3750 43.4251
2862.9000 43.4552
2942.4250 43.5174
3021.9500 44.0535
3101.4750 43.7646
3181.0000 44.4779
3260.5250 43.6701
3340.0500 44.1935
3419.5750 42.8998
3499.1000 44.4346
3578.6250 44.1876
3658.1500 44.3280
3737.6750 45.5000
3817.2000 44.5431
3896.7250 44.4733
