VARIABLES = "Lag Time" "MSD"
ZONE T = "MPC 316"
0.0000 0.0000
79.5250 40.9743
159.0500 43.0958
238.5750 45.0454
318.1000 45.9007
397.6250 46.2418
477.1500 45.5358
556.6750 47.3762
636.2000 47.0848
715.7250 47.9567
795.2500 49.3085
874.7750 49.8101
954.3000 49.9108
1033.8250 50.5466
1113.3500 51.6528
1192.8750 51.4476
1272.4000 51.4322
1351.9250 52.8800
1431.4500 52.9216
1510.9750 53.5932
1590.5000 53.4193
1670.0250 54.3847
1749.5500 55.0172
1829.0750 55.5931
1908.6000 55.9498
1988.1250 55.7784
2067.6500 56.4123
2147.1750 57.0499
2226.7000 55.9396
2306.2250 56.6711
2385.7500 57.4791
2465.2750 56.6050
2544.8000 58.3490
2624.3250 57.4308
2703.8500 58.2933
2783.3750 58.7434
2862.9000 58.1967
2942.4250 59.8522
3021.9500 60.6985
3101.4750 60.0951
3181.0000 60.7326
3260.5250 60.2725
3340.0500 61.2914
3419.5750 61.2229
3499.1000 61.0481
3578.6250 61.4868
3658.1500 61.5816
3737.6750 61.6718
3817.2000 62.0618
3896.7250 61.3649
