VARIABLES = "Lag Time" "MSD"
ZONE T = "MPC 361"
0.0000 0.0000
79.5250 33.6536
159.0500 34.5549
238.5750 34.8061
318.1000 35.8726
397.6250 36.4090
477.1500 36.6894
556.6750 36.8271
636.2000 37.5745
715.7250 37.1132
795.2500 37.6216
874.7750 37.4492
954.3000 37.8817
1033.8250 37.6076
1113.3500 38.5367
1192.8750 37.6500
1272.4000 39.3304
1351.9250 39.2196
1431.4500 39.7297
1510.9750 40.4252
1590.5000 39.9209
1670.0250 41.1792
1749.5500 41.6643
1829.0750 41.3851
1908.6000 41.1374
1988.1250 42.5496
2067.6500 41.9664
2147.1750 42.6668
2226.7000 43.7661
2306.2250 43.4107
2385.7500 43.7023
2465.2750 43.1172
2544.8000 44.3675
2624.3250 44.2328
2703.8500 44.4748
2783.3750 44.4396
2862.9000 45.2880
2942.4250 44.6805
3021.9500 45.5188
3101.4750 45.9284
3181.0000 46.1106
3260.5250 45.3846
3340.0500 45.7962
3419.5750 46.4103
3499.1000 46.1186
3578.6250 47.6357
3658.1500 47.0502
3737.6750 46.2369
3817.2000 46.7667
3896.7250 47.1744
