VARIABLES = "Lag Time" "MSD"
ZONE T = "MPC 387"
0.0000 0.0000
79.5250 28.1464
159.0500 28.4013
238.5750 29.2001
318.1000 29.7502
397.6250 30.2936
477.1500 30.0975
556.6750 31.1363
636.2000 31.0903
715.7250 31.2395
795.2500 31.2182
874.7750 31.4024
954.3000 31.9400
1033.8250 32.3269
1113.3500 32.0734
1192.8750 32.4717
1272.4000 32.6660
1351.9250 32.8306
1431.4500 33.1729
1510.9750 34.2558
1590.5000 33.6340
1670.0250 34.3223
1749.5500 33.6717
1829.0750 34.6401
1908.6000 34.5383
1988.1250 34.3968
2067.6500 34.9975
2147.1750 35.1875
2226.7000 35.3533
2306.2250 36.4472
2385.7500 36.1475
2465.2750 36.1959
2544.8000 35.9738
2624.3250 37.1561
2703.8500 36.7876
2783.3750 36.5007
2862.9000 37.3505
2942.4250 36.4915
3021.9500 37.2472
3101.4750 37.8838
3181.0000 36.7361
3260.5250 37.4697
3340.0500 38.4378
3419.5750 37.7246
3499.1000 37.8151
3578.6250 37.9551
3658.1500 38.3209
3737.6750 37.6197
3817.2000 38.2364
3896.7250 38.8765
