VARIABLES = "Lag Time" "MSD"
ZONE T = "MPC 350"
0.0000 0.0000
79.5250 32.2400
159.0500 34.2715
238.5750 34.9786
318.1000 36.4669
397.6250 37.5774
477.1500 38.5089
556.6750 37.7441
636.2000 40.6118
715.7250 39.9408
795.2500 40.9449
874.7750 41.3755
954.3000 42.0855
1033.8250 42.3819
1113.3500 42.8889
1192.8750 43.6677
1272.4000 44.1033
1351.9250 44.1895
1431.4500 45.3103
1510.9750 44.7008
1590.5000 45.4147
1670.0250 46.9045
1749.5500 47.3921
1829.0750 48.3134
1908.6000 48.6220
1988.1250 49.0359
2067.6500 49.0659
2147.1750 48.9782
2226.7000 49.3878
2306.2250 50.0057
2385.7500 50.3811
2465.2750 51.7000
2544.8000 51.2082
2624.3250 52.0480
2703.8500 51.5165
2783.3750 51.2779
2862.9000 52.7117
2942.4250 53.2868
3021.9500 54.1513
3101.4750 53.8048
3181.0000 54.4422
3260.5250 54.2302
3340.0500 55.1942
3419.5750 54.8957
3499.1000 55.9920
3578.6250 56.2546
3658.1500 55.9063
3737.6750 56.2999
3817.2000 56.5300
3896.7250 57.1502
