VARIABLES = "Lag Time" "MSD"
ZONE T = "MPC 347"
0.0000 0.0000
79.5250 31.1271
159.0500 33.7351
238.5750 35.7000
318.1000 37.1967
397.6250 39.5156
477.1500 40.9701
556.6750 42.0840
636.2000 43.8753
715.7250 46.0690
795.2500 47.5803
874.7750 49.2439
954.3000 49.8173
1033.8250 50.4388
1113.3500 52.6597
1192.8750 54.1936
1272.4000 55.2604
1351.9250 56.0021
1431.4500 57.0723
1510.9750 58.0018
1590.5000 58.8571
1670.0250 59.1046
1749.5500 61.0048
1829.0750 63.0249
1908.6000 63.6316
1988.1250 64.0266
2067.6500 64.9217
2147.1750 65.8009
2226.7000 67.1591
2306.2250 67.9351
2385.7500 68.5054
2465.2750 69.3219
2544.8000 69.7170
2624.3250 70.5787
2703.8500 70.4870
2783.3750 71.8579
2862.9000 71.7717
2942.4250 72.5065
3021.9500 74.2650
3101.4750 74.0865
3181.0000 74.8992
3260.5250 75.4925
3340.0500 76.2043
3419.5750 75.9392
3499.1000 77.9173
3578.6250 78.0295
3658.1500 78.5841
3737.6750 78.5543
3817.2000 79.6926
3896.7250 79.4852
