VARIABLES = "Lag Time" "MSD"
ZONE T = "MPC 379"
0.0000 0.0000
79.5250 30.3254
159.0500 32.0680
238.5750 32.7007
318.1000 32.9203
397.6250 33.4592
477.1500 33.6480
556.6750 34.7439
636.2000 35.4588
715.7250 36.3968
795.2500 36.1073
874.7750 36.9027
954.3000 37.0805
1033.8250 37.6967
1113.3500 37.9815
1192.8750 37.7649
1272.4000 38.8280
1351.9250 38.8189
1431.4500 39.7964
1510.9750 39.6710
1590.5000 39.1434
1670.0250 39.9987
1749.5500 40.1228
1829.0750 41.2145
1908.6000 41.1208
1988.1250 40.8675
2067.6500 41.1668
2147.1750 42.1587
2226.7000 42.7723
2306.2250 42.5078
2385.7500 42.6931
2465.2750 43.4991
2544.8000 44.0265
2624.3250 43.5837
2703.8500 43.8925
2783.3750 43.5394
2862.9000 43.9439
2942.4250 44.2415
3021.9500 44.5543
3101.4750 44.1790
3181.0000 44.7043
3260.5250 45.3895
3340.0500 45.5955
3419.5750 45.0826
3499.1000 45.9740
3578.6250 46.5242
3658.1500 46.9409
3737.6750 46.7588
3817.2000 47.1228
3896.7250 48.4611
