VARIABLES = "Lag Time" "MSD"
ZONE T = "MPC 325"
0.0000 0.0000
79.5250 35.7680
159.0500 38.5155
238.5750 38.6572
318.1000 39.3922
397.6250 40.1976
477.1500 40.9378
556.6750 41.1657
636.2000 42.3029
715.7250 43.9743
795.2500 43.3187
874.7750 43.6737
954.3000 44.5625
1033.8250 45.2242
1113.3500 45.9411
1192.8750 46.2849
1272.4000 46.7136
1351.9250 48.2835
1431.4500 48.5607
1510.9750 48.7888
1590.5000 49.0377
1670.0250 49.2347
1749.5500 49.5729
1829.0750 50.0080
1908.6000 50.5311
1988.1250 50.9040
2067.6500 51.2984
2147.1750 51.4105
2226.7000 50.8607
2306.2250 52.0128
2385.7500 52.2216
2465.2750 51.9250
2544.8000 51.7410
2624.3250 52.9782
2703.8500 53.7395
2783.3750 53.7391
2862.9000 53.8691
2942.4250 54.0701
3021.9500 54.1441
3101.4750 54.7917
3181.0000 55.1998
3260.5250 56.0604
3340.0500 55.7227
3419.5750 55.1114
3499.1000 55.5338
3578.6250 56.3445
3658.1500 56.5490
3737.6750 56.4292
3817.2000 56.9587
3896.7250 57.0569
