VARIABLES = "Lag Time" "MSD"
ZONE T = "MPC 332"
0.0000 0.0000
79.5250 37.9590
159.0500 40.5241
238.5750 39.9711
318.1000 40.9579
397.6250 41.5593
477.1500 40.8952
556.6750 42.1641
636.2000 41.8015
715.7250 42.0071
795.2500 43.5111
874.7750 43.4789
954.3000 42.5178
1033.8250 43.7521
1113.3500 44.3018
1192.8750 43.7213
1272.4000 43.7278
1351.9250 44.6843
1431.4500 44.4423
1510.9750 44.9618
1590.5000 45.8521
1670.0250 45.2126
1749.5500 45.9466
1829.0750 46.5857
1908.6000 47.1600
1988.1250 46.5123
2067.6500 46.3639
2147.1750 45.8747
2226.7000 47.9417
2306.2250 47.2757
2385.7500 47.5226
2465.2750 48.2021
2544.8000 48.5987
2624.3250 48.3408
2703.8500 49.1679
2783.3750 48.1537
2862.9000 49.4530
2942.4250 49.3169
3021.9500 49.1700
3101.4750 48.4141
3181.0000 49.4220
3260.5250 50.0296
3340.0500 50.6391
3419.5750 50.6955
3499.1000 51.3567
3578.6250 51.0902
3658.1500 51.4895
3737.6750 50.8526
3817.2000 51.1917
3896.7250 51.7853
