VARIABLES = "Lag Time" "MSD"
ZONE T = "MPC 302"
0.0000 0.0000
79.5250 40.6696
159.0500 43.3495
238.5750 44.3462
318.1000 44.7464
397.6250 44.9813
477.1500 45.5840
556.6750 46.7620
636.2000 47.4753
715.7250 46.6486
795.2500 47.2768
874.7750 47.9807
954.3000 46.8532
1033.8250 47.6572
1113.3500 48.1346
1192.8750 49.0743
1272.4000 48.9785
1351.9250 50.1597
1431.4500 49.4389
1510.9750 49.8149
1590.5000 51.3626
1670.0250 49.5799
1749.5500 50.8526
1829.0750 50.6798
1908.6000 52.3937
1988.1250 51.7659
2067.6500 51.5954
2147.1750 52.8657
2226.7000 52.4834
2306.2250 53.0164
2385.7500 53.4025
2465.2750 53.6353
2544.8000 53.5912
2624.3250 55.0093
2703.8500 54.7828
2783.3750 55.1405
2862.9000 55.5611
2942.4250 56.1554
3021.9500 55.6153
3101.4750 54.4652
3181.0000 56.1770
3260.5250 56.0245
3340.0500 55.3524
3419.5750 55.5538
3499.1000 54.8780
3578.6250 55.8675
3658.1500 57.1482
3737.6750 56.7038
3817.2000 56.4510
3896.7250 57.4932
