VARIABLES = "Lag Time" "MSD"
ZONE T = "MPC 359"
0.0000 0.0000
79.5250 34.5132
159.0500 35.6904
238.5750 36.0716
318.1000 37.1504
397.6250 37.4922
477.1500 38.9507
556.6750 38.7603
636.2000 38.5831
715.7250 39.4700
795.2500 40.2386
874.7750 41.1560
954.3000 40.9972
1033.8250 42.2456
1113.3500 41.9832
1192.8750 42.5691
1272.4000 42.8961
1351.9250 43.4618
1431.4500 43.2077
1510.9750 43.4021
1590.5000 44.2125
1670.0250 45.3979
1749.5500 44.9947
1829.0750 44.4446
1908.6000 45.6514
1988.1250 45.9865
2067.6500 45.9602
2147.1750 46.4374
2226.7000 46.7383
2306.2250 47.3271
2385.7500 47.4473
2465.2750 47.5213
2544.8000 48.3214
2624.3250 48.4684
2703.8500 48.8932
2783.3750 49.4535
2862.9000 48.2853
2942.4250 49.8333
3021.9500 48.9544
3101.4750 50.3636
3181.0000 50.9751
3260.5250 50.0768
3340.0500 50.4796
3419.5750 50.5104
3499.1000 51.5977
3578.6250 51.3154
3658.1500 51.8390
3737.6750 51.6700
3817.2000 51.7231
3896.7250 51.4616
