VARIABLES = "Lag Time" "MSD"
ZONE T = "MPC 307"
0.0000 0.0000
79.5250 40.7022
159.0500 44.6806
238.5750 45.2677
318.1000 45.7589
397.6250 45.2999
477.1500 45.3662
556.6750 45.5228
636.2000 45.7701
715.7250 45.9223
795.2500 47.3349
874.7750 47.3941
954.3000 47.5608
1033.8250 47.2334
1113.3500 47.8967
1192.8750 47.1644
1272.4000 47.9066
1351.9250 48.4185
1431.4500 47.9318
1510.9750 48.0349
1590.5000 47.3279
1670.0250 48.6743
1749.5500 48.1066
1829.0750 48.7547
1908.6000 48.9398
1988.1250 48.3286
2067.6500 49.4059
2147.1750 47.5978
2226.7000 48.1850
2306.2250 47.4923
2385.7500 50.2581
2465.2750 49.5818
2544.8000 49.3120
2624.3250 50.2645
2703.8500 50.5479
2783.3750 49.1857
2862.9000 50.5583
2942.4250 50.5372
3021.9500 50.5675
3101.4750 50.1174
3181.0000 50.0815
3260.5250 50.6260
3340.0500 50.7985
3419.5750 52.0093
3499.1000 51.3238
3578.6250 52.7757
3658.1500 51.8625
3737.6750 50.6028
3817.2000 51.4699
3896.7250 52.8783
