VARIABLES = "Lag Time" "MSD"
ZONE T = "MPC 391"
0.0000 0.0000
79.5250 25.6047
159.0500 26.3582
238.5750 26.5309
318.1000 28.0843
397.6250 28.0708
477.1500 28.3420
556.6750 29.6249
636.2000 30.4536
715.7250 30.9820
795.2500 31.1155
874.7750 31.1374
954.3000 31.6740
1033.8250 32.7548
1113.3500 32.7101
1192.8750 32.8054
1272.4000 33.2689
1351.9250 33.1359
1431.4500 34.4501
1510.9750 33.8811
1590.5000 34.2785
1670.0250 34.5553
1749.5500 35.1035
1829.0750 34.8700
1908.6000 35.8467
1988.1250 35.3502
2067.6500 35.6063
2147.1750 36.2729
2226.7000 36.2883
2306.2250 36.2268
2385.7500 36.5223
2465.2750 36.6275
2544.8000 36.6546
2624.3250 37.1369
2703.8500 37.2382
2783.3750 37.1324
2862.9000 36.9783
2942.4250 37.0189
3021.9500 36.9090
3101.4750 37.4660
3181.0000 37.4156
3260.5250 37.6751
3340.0500 36.5600
3419.5750 38.4657
3499.1000 38.0445
3578.6250 38.5267
3658.1500 37.9534
3737.6750 38.5984
3817.2000 38.3576
3896.7250 38.7757
