VARIABLES = "Lag Time" "MSD"
ZONE T = "MPC 340"
0.0000 0.0000
79.5250 35.0875
159.0500 37.5691
238.5750 37.4755
318.1000 38.8479
397.6250 39.1681
477.1500 39.7028
556.6750 40.5969
636.2000 39.9110
715.7250 40.2344
795.2500 41.1586
874.7750 41.9614
954.3000 42.5879
1033.8250 41.9887
1113.3500 43.4568
1192.8750 43.4441
1272.4000 43.4743
1351.9250 43.4841
1431.4500 43.9325
1510.9750 43.8359
1590.5000 45.4133
1670.0250 45.8712
1749.5500 45.9446
1829.0750 45.8969
1908.6000 47.1931
1988.1250 47.9587
2067.6500 47.1785
2147.1750 47.7051
2226.7000 47.8387
2306.2250 47.5272
2385.7500 48.8533
2465.2750 49.0302
2544.8000 50.6299
2624.3250 50.0466
2703.8500 50.2421
2783.3750 50.7223
2862.9000 49.9747
2942.4250 51.6414
3021.9500 51.3828
3101.4750 51.9112
3181.0000 52.2443
3260.5250 51.2762
3340.0500 51.9119
3419.5750 52.0192
3499.1000 51.4173
3578.6250 53.3736
3658.1500 53.2844
3737.6750 53.3535
3817.2000 53.6220
3896.7250 54.1930
