VARIABLES = "Lag Time" "MSD"
ZONE T = "MPC 329"
0.0000 0.0000
79.5250 41.3387
159.0500 44.6978
238.5750 44.3715
318.1000 44.8780
397.6250 45.9186
477.1500 46.0859
556.6750 46.2653
636.2000 46.8134
715.7250 46.7007
795.2500 47.0949
874.7750 47.3185
954.3000 47.1071
1033.8250 48.6372
1113.3500 49.5074
1192.8750 48.3860
1272.4000 48.7813
1351.9250 49.7619
1431.4500 50.2097
1510.9750 49.8635
1590.5000 50.4658
1670.0250 51.7959
1749.5500 52.4043
1829.0750 51.0651
1908.6000 51.5302
1988.1250 51.6065
2067.6500 52.3758
2147.1750 52.6816
2226.7000 52.5072
2306.2250 53.6844
2385.7500 52.3193
2465.2750 53.5929
2544.8000 54.6157
2624.3250 54.6716
2703.8500 54.9358
2783.3750 53.7446
2862.9000 54.5240
2942.4250 54.6143
3021.9500 55.0808
3101.4750 54.8761
3181.0000 56.2654
3260.5250 56.3082
3340.0500 54.6786
3419.5750 54.7374
3499.1000 56.2346
3578.6250 57.2158
3658.1500 56.3959
3737.6750 56.9430
3817.2000 57.7457
3896.7250 57.6115
