VARIABLES = "Lag Time" "MSD"
ZONE T = "MPC 37"
0.0000 0.0000
79.5250 183.1875
159.0500 357.7722
238.5750 526.2378
318.1000 687.8739
397.6250 847.5851
477.1500 1007.4317
556.6750 1157.2269
636.2000 1302.7307
715.7250 1436.9546
795.2500 1565.4027
874.7750 1695.2419
954.3000 1821.5025
1033.8250 1948.0023
1113.3500 2072.7181
1192.8750 2195.0805
1272.4000 2321.1582
1351.9250 2444.1450
1431.4500 2570.0889
1510.9750 2690.3239
1590.5000 2811.0453
1670.0250 2931.0622
1749.5500 3050.6171
1829.0750 3158.0397
1908.6000 3264.1701
1988.1250 3362.5639
2067.6500 3461.8372
2147.1750 3556.9751
2226.7000 3650.8739
2306.2250 3740.5455
2385.7500 3832.0637
2465.2750 3922.8762
2544.8000 4010.1311
2624.3250 4097.5921
2703.8500 4180.4843
2783.3750 4256.8623
2862.9000 4332.7571
2942.4250 4408.9745
3021.9500 4482.9890
3101.4750 4555.6241
3181.0000 4623.2900
3260.5250 4687.2250
3340.0500 4736.2083
3419.5750 4788.6822
3499.1000 4851.6249
3578.6250 4913.7671
3658.1500 4970.6296
3737.6750 5031.5137
3817.2000 5084.5758
3896.7250 5140.8681
