VARIABLES = "Lag Time" "MSD"
ZONE T = "MPC 322"
0.0000 0.0000
79.5250 38.6593
159.0500 41.0591
238.5750 42.9015
318.1000 42.0163
397.6250 42.5138
477.1500 42.7307
556.6750 42.7912
636.2000 43.6052
715.7250 44.6277
795.2500 45.0482
874.7750 45.4503
954.3000 45.2756
1033.8250 45.9674
1113.3500 46.9129
1192.8750 46.5445
1272.4000 47.9210
1351.9250 48.3570
1431.4500 48.5687
1510.9750 48.6623
1590.5000 48.1967
1670.0250 48.3282
1749.5500 48.7934
1829.0750 48.4740
1908.6000 48.8555
1988.1250 47.8695
2067.6500 49.6971
2147.1750 49.7848
2226.7000 49.5595
2306.2250 50.8564
2385.7500 50.8274
2465.2750 51.5195
2544.8000 50.8561
2624.3250 50.4205
2703.8500 52.2566
2783.3750 52.0370
2862.9000 52.4654
2942.4250 51.6590
3021.9500 52.7941
3101.4750 52.7780
3181.0000 53.6459
3260.5250 53.2394
3340.0500 54.2655
3419.5750 53.1924
3499.1000 53.6657
3578.6250 55.0082
3658.1500 56.4530
3737.6750 55.1177
3817.2000 54.4645
3896.7250 54.9849
