VARIABLES = "Lag Time" "MSD"
ZONE T = "MPC 351"
0.0000 0.0000
79.5250 33.4517
159.0500 36.5577
238.5750 35.9673
318.1000 37.6819
397.6250 38.1202
477.1500 38.1857
556.6750 38.5678
636.2000 38.9147
715.7250 38.8804
795.2500 40.4923
874.7750 40.2467
954.3000 40.7896
1033.8250 40.4387
1113.3500 42.2407
1192.8750 41.0747
1272.4000 42.1937
1351.9250 41.7246
1431.4500 41.9606
1510.9750 42.8318
1590.5000 43.1391
1670.0250 42.6530
1749.5500 43.2130
1829.0750 43.2766
1908.6000 44.0542
1988.1250 44.6856
2067.6500 45.1692
2147.1750 44.3252
2226.7000 45.4673
2306.2250 45.4899
2385.7500 44.9200
2465.2750 46.2679
2544.8000 46.1596
2624.3250 46.5622
2703.8500 46.7540
2783.3750 47.0551
2862.9000 46.2438
2942.4250 46.1112
3021.9500 46.7828
3101.4750 48.0594
3181.0000 47.7808
3260.5250 48.4342
3340.0500 48.5560
3419.5750 49.3998
3499.1000 48.3136
3578.6250 48.4407
3658.1500 49.6110
3737.6750 49.0107
3817.2000 49.6532
3896.7250 50.1297
