VARIABLES = "Lag Time" "MSD"
ZONE T = "MPC 392"
0.0000 0.0000
79.5250 29.2270
159.0500 29.7208
238.5750 30.1317
318.1000 30.7176
397.6250 31.0202
477.1500 31.2205
556.6750 31.9149
636.2000 32.3725
715.7250 32.6393
795.2500 33.4904
874.7750 34.1596
954.3000 34.1046
1033.8250 35.1060
1113.3500 34.9958
1192.8750 35.3944
1272.4000 35.5077
1351.9250 35.9261
1431.4500 36.4498
1510.9750 36.1547
1590.5000 38.0577
1670.0250 37.6069
1749.5500 38.7456
1829.0750 38.3386
1908.6000 39.1655
1988.1250 40.0429
2067.6500 40.2214
2147.1750 40.3649
2226.7000 40.4414
2306.2250 41.4393
2385.7500 42.4802
2465.2750 42.2746
2544.8000 41.7960
2624.3250 42.7155
2703.8500 43.3519
2783.3750 43.8489
2862.9000 44.0723
2942.4250 43.7801
3021.9500 44.2014
3101.4750 45.2331
3181.0000 45.6108
3260.5250 45.6762
3340.0500 46.4985
3419.5750 46.2158
3499.1000 45.9641
3578.6250 46.7354
3658.1500 46.1491
3737.6750 46.8588
3817.2000 47.4066
3896.7250 47.9175
