VARIABLES = "Lag Time" "MSD"
ZONE T = "MPC 357"
0.0000 0.0000
79.5250 31.8042
159.0500 33.0629
238.5750 33.1463
318.1000 33.9571
397.6250 34.4698
477.1500 35.1373
556.6750 35.1537
636.2000 35.5638
715.7250 35.7911
795.2500 36.6354
874.7750 37.0351
954.3000 37.3192
1033.8250 38.3690
1113.3500 37.8081
1192.8750 38.6243
1272.4000 39.1010
1351.9250 38.9728
1431.4500 39.3390
1510.9750 40.3952
1590.5000 40.4121
1670.0250 41.0069
1749.5500 40.6665
1829.0750 41.4571
1908.6000 41.6820
1988.1250 41.2512
2067.6500 41.2279
2147.1750 42.1473
2226.7000 42.3137
2306.2250 42.4117
2385.7500 42.1856
2465.2750 43.0637
2544.8000 42.8003
2624.3250 43.8758
2703.8500 43.6299
2783.3750 44.2523
2862.9000 44.6818
2942.4250 44.0683
3021.9500 45.0695
3101.4750 45.5536
3181.0000 44.8369
3260.5250 45.8339
3340.0500 45.4048
3419.5750 46.2554
3499.1000 45.6530
3578.6250 47.0538
3658.1500 46.5076
3737.6750 46.6799
3817.2000 47.2202
3896.7250 47.3355
