VARIABLES = "Lag Time" "MSD"
ZONE T = "MPC 33"
0.0000 0.0000
79.5250 194.1338
159.0500 375.4923
238.5750 551.1836
318.1000 725.1826
397.6250 893.7811
477.1500 1063.8604
556.6750 1227.6864
636.2000 1394.1918
715.7250 1563.5726
795.2500 1727.3097
874.7750 1892.3556
954.3000 2045.8990
1033.8250 2189.8690
1113.3500 2329.8653
1192.8750 2471.9601
1272.4000 2612.3569
1351.9250 2743.4518
1431.4500 2870.0227
1510.9750 2991.7567
1590.5000 3111.4177
1670.0250 3234.0149
1749.5500 3354.9457
1829.0750 3483.8522
1908.6000 3616.0309
1988.1250 3750.7181
2067.6500 3884.3169
2147.1750 4018.2421
2226.7000 4151.4670
2306.2250 4295.3902
2385.7500 4440.8470
2465.2750 4582.6130
2544.8000 4722.0227
2624.3250 4853.2816
2703.8500 4986.2730
2783.3750 5120.0631
2862.9000 5249.9383
2942.4250 5373.2188
3021.9500 5496.0594
3101.4750 5614.4690
3181.0000 5728.2537
3260.5250 5850.5201
3340.0500 5973.4341
3419.5750 6092.7126
3499.1000 6198.2804
3578.6250 6308.1368
3658.1500 6412.7633
3737.6750 6513.9578
3817.2000 6612.8600
3896.7250 6707.0477
