VARIABLES = "Lag Time" "MSD"
ZONE T = "MPC 35"
0.0000 0.0000
79.5250 188.6109
159.0500 374.2394
238.5750 548.6737
318.1000 722.4112
397.6250 894.7375
477.1500 1060.2700
556.6750 1214.5174
636.2000 1366.9020
715.7250 1511.6817
795.2500 1646.7514
874.7750 1785.0647
954.3000 1920.9310
1033.8250 2059.6578
1113.3500 2199.9950
1192.8750 2334.9067
1272.4000 2473.3769
1351.9250 2613.7735
1431.4500 2751.1195
1510.9750 2891.2468
1590.5000 3024.1203
1670.0250 3160.0340
1749.5500 3292.4843
1829.0750 3424.2623
1908.6000 3550.6055
1988.1250 3670.8550
2067.6500 3794.9600
2147.1750 3929.2078
2226.7000 4060.5006
2306.2250 4187.8305
2385.7500 4313.1047
2465.2750 4431.9235
2544.8000 4544.6483
2624.3250 4657.1750
2703.8500 4770.5814
2783.3750 4877.9519
2862.9000 4981.1457
2942.4250 5084.9630
3021.9500 5178.1992
3101.4750 5264.6617
3181.0000 5347.7178
3260.5250 5432.4734
3340.0500 5512.4688
3419.5750 5587.0758
3499.1000 5660.5550
3578.6250 5742.6743
3658.1500 5826.6647
3737.6750 5908.5367
3817.2000 5989.8367
3896.7250 6074.0837
