VARIABLES = "Lag Time" "MSD"
ZONE T = "MPC 388"
0.0000 0.0000
79.5250 27.5396
159.0500 28.4353
238.5750 29.4590
318.1000 29.6020
397.6250 29.2607
477.1500 30.7363
556.6750 30.6414
636.2000 32.0714
715.7250 32.7634
795.2500 32.1379
874.7750 32.9454
954.3000 32.6524
1033.8250 33.1827
1113.3500 32.8953
1192.8750 33.1844
1272.4000 34.0591
1351.9250 34.0586
1431.4500 34.2934
1510.9750 34.3930
1590.5000 35.0531
1670.0250 35.3224
1749.5500 35.3380
1829.0750 35.1447
1908.6000 35.9336
1988.1250 36.0194
2067.6500 36.1071
2147.1750 36.6488
2226.7000 36.6032
2306.2250 37.0341
2385.7500 37.4111
2465.2750 36.9637
2544.8000 37.0494
2624.3250 37.2913
2703.8500 37.4088
2783.3750 37.9587
2862.9000 37.8619
2942.4250 37.8315
3021.9500 37.4848
3101.4750 38.0600
3181.0000 38.7724
3260.5250 38.1829
3340.0500 38.1463
3419.5750 38.0721
3499.1000 39.1595
3578.6250 39.6554
3658.1500 39.5082
3737.6750 39.2583
3817.2000 40.0260
3896.7250 39.8938
