VARIABLES = "Lag Time" "MSD"
ZONE T = "MPC 358"
0.0000 0.0000
79.5250 32.6226
159.0500 34.2396
238.5750 34.4324
318.1000 34.8212
397.6250 34.9756
477.1500 35.2328
556.6750 36.2814
636.2000 38.0748
715.7250 37.6246
795.2500 38.2734
874.7750 38.4544
954.3000 38.9718
1033.8250 40.5027
1113.3500 40.0337
1192.8750 40.5535
1272.4000 41.1358
1351.9250 41.1967
1431.4500 40.8060
1510.9750 40.7206
1590.5000 41.8070
1670.0250 42.1582
1749.5500 42.1224
1829.0750 43.0340
1908.6000 42.9859
1988.1250 42.3446
2067.6500 43.0458
2147.1750 42.3949
2226.7000 42.7720
2306.2250 43.2239
2385.7500 43.4633
2465.2750 44.6225
2544.8000 44.0449
2624.3250 43.4682
2703.8500 44.6044
2783.3750 44.9655
2862.9000 45.3134
2942.4250 45.3884
3021.9500 46.3757
3101.4750 46.3011
3181.0000 46.9612
3260.5250 46.9154
3340.0500 46.9829
3419.5750 47.4423
3499.1000 47.1961
3578.6250 47.9223
3658.1500 47.7490
3737.6750 47.5321
3817.2000 47.8284
3896.7250 48.9838
