VARIABLES = "Lag Time" "MSD"
ZONE T = "MPC 30"
0.0000 0.0000
79.5250 247.3217
159.0500 472.4418
238.5750 687.1719
318.1000 886.9983
397.6250 1078.1235
477.1500 1278.1402
556.6750 1475.0610
636.2000 1665.5289
715.7250 1844.2400
795.2500 2020.7012
874.7750 2191.3195
954.3000 2352.3250
1033.8250 2504.0604
1113.3500 2656.3905
1192.8750 2799.2158
1272.4000 2942.5421
1351.9250 3087.7237
1431.4500 3232.1392
1510.9750 3366.5985
1590.5000 3511.9199
1670.0250 3653.9451
1749.5500 3787.3715
1829.0750 3916.7453
1908.6000 4040.8200
1988.1250 4165.2957
2067.6500 4294.1726
2147.1750 4425.8270
2226.7000 4550.1447
2306.2250 4667.8233
2385.7500 4776.2246
2465.2750 4887.6320
2544.8000 5003.3134
2624.3250 5130.1932
2703.8500 5259.5455
2783.3750 5378.8325
2862.9000 5491.8836
2942.4250 5603.2844
3021.9500 5713.5622
3101.4750 5826.5821
3181.0000 5933.1896
3260.5250 6037.9833
3340.0500 6144.2338
3419.5750 6252.5114
3499.1000 6349.4526
3578.6250 6450.0717
3658.1500 6548.3415
3737.6750 6636.2983
3817.2000 6729.2477
3896.7250 6817.4248
