VARIABLES = "Lag Time" "MSD"
ZONE T = "MPC 382"
0.0000 0.0000
79.5250 29.0870
159.0500 30.2343
238.5750 31.0182
318.1000 32.0537
397.6250 31.8591
477.1500 32.1630
556.6750 32.2148
636.2000 34.0197
715.7250 33.6693
795.2500 34.8273
874.7750 35.2876
954.3000 35.5997
1033.8250 35.9119
1113.3500 36.1182
1192.8750 37.6229
1272.4000 37.4791
1351.9250 37.3991
1431.4500 37.7123
1510.9750 38.2755
1590.5000 37.7232
1670.0250 38.1270
1749.5500 38.5835
1829.0750 39.0730
1908.6000 39.4373
1988.1250 39.7910
2067.6500 39.3049
2147.1750 40.3415
2226.7000 40.2765
2306.2250 40.8604
2385.7500 41.9410
2465.2750 41.1222
2544.8000 41.6795
2624.3250 41.2464
2703.8500 42.6813
2783.3750 43.5444
2862.9000 43.4014
2942.4250 43.8820
3021.9500 43.9832
3101.4750 44.1823
3181.0000 43.6151
3260.5250 44.3231
3340.0500 44.6367
3419.5750 44.9668
3499.1000 45.8336
3578.6250 45.1234
3658.1500 45.5198
3737.6750 46.0611
3817.2000 45.9039
3896.7250 46.4189
