VARIABLES = "Lag Time" "MSD"
ZONE T = "MPC 39"
0.0000 0.0000
79.5250 165.9393
159.0500 323.1394
238.5750 481.1296
318.1000 632.7685
397.6250 781.7173
477.1500 922.5030
556.6750 1061.0538
636.2000 1198.1919
715.7250 1334.3474
795.2500 1468.1407
874.7750 1604.3987
954.3000 1730.2167
1033.8250 1848.0432
1113.3500 1959.3814
1192.8750 2068.4691
1272.4000 2177.5170
1351.9250 2283.4345
1431.4500 2378.5307
1510.9750 2471.4245
1590.5000 2561.4763
1670.0250 2654.5414
1749.5500 2744.3569
1829.0750 2835.8451
1908.6000 2923.4752
1988.1250 3001.6086
2067.6500 3086.3716
2147.1750 3164.5330
2226.7000 3251.7501
2306.2250 3331.8213
2385.7500 3412.2510
2465.2750 3484.7805
2544.8000 3559.4474
2624.3250 3629.8704
2703.8500 3700.9319
2783.3750 3779.7074
2862.9000 3860.7724
2942.4250 3937.1914
3021.9500 4009.8515
3101.4750 4079.8089
3181.0000 4142.6514
3260.5250 4204.8268
3340.0500 4266.5345
3419.5750 4334.2819
3499.1000 4404.4782
3578.6250 4475.4549
3658.1500 4548.0667
3737.6750 4619.3352
3817.2000 4687.2011
3896.7250 4751.1796
