VARIABLES = "Lag Time" "MSD"
ZONE T = "MPC 394"
0.0000 0.0000
79.5250 26.4289
159.0500 28.6561
238.5750 29.6429
318.1000 30.6071
397.6250 32.0821
477.1500 31.9874
556.6750 33.5279
636.2000 34.3035
715.7250 33.8723
795.2500 35.2530
874.7750 35.3997
954.3000 35.9071
1033.8250 37.9134
1113.3500 38.1971
1192.8750 39.0236
1272.4000 39.3858
1351.9250 39.9249
1431.4500 40.2929
1510.9750 40.7411
1590.5000 42.2795
1670.0250 42.1064
1749.5500 42.9836
1829.0750 43.6443
1908.6000 44.2629
1988.1250 45.3705
2067.6500 46.2579
2147.1750 46.3054
2226.7000 47.1567
2306.2250 47.3254
2385.7500 48.0669
2465.2750 48.5025
2544.8000 49.6613
2624.3250 49.8136
2703.8500 50.9917
2783.3750 51.4934
2862.9000 51.9060
2942.4250 52.9117
3021.9500 53.9891
3101.4750 53.9316
3181.0000 54.0441
3260.5250 55.1841
3340.0500 55.7988
3419.5750 56.0991
3499.1000 56.3230
3578.6250 56.9595
3658.1500 57.2586
3737.6750 57.6483
3817.2000 57.5367
3896.7250 58.4225
