VARIABLES = "Lag Time" "MSD"
ZONE T = "MPC 375"
0.0000 0.0000
79.5250 30.9394
159.0500 31.1956
238.5750 31.0678
318.1000 32.3264
397.6250 31.7763
477.1500 33.0092
556.6750 33.2589
636.2000 33.4760
715.7250 34.0983
795.2500 34.2336
874.7750 34.8564
954.3000 34.4182
1033.8250 35.5208
1113.3500 35.6669
1192.8750 35.5497
1272.4000 36.3881
1351.9250 36.5891
1431.4500 36.3923
1510.9750 37.1604
1590.5000 36.8281
1670.0250 38.0468
1749.5500 37.8067
1829.0750 38.6658
1908.6000 38.7161
1988.1250 38.7004
2067.6500 38.6194
2147.1750 39.7960
2226.7000 39.9083
2306.2250 40.2151
2385.7500 40.6477
2465.2750 40.5670
2544.8000 40.5869
2624.3250 41.1367
2703.8500 40.2076
2783.3750 40.7677
2862.9000 40.6107
2942.4250 41.8673
3021.9500 41.3990
3101.4750 41.5408
3181.0000 41.4700
3260.5250 42.0326
3340.0500 42.4051
3419.5750 42.8111
3499.1000 42.1529
3578.6250 43.3264
3658.1500 43.2080
3737.6750 43.1118
3817.2000 42.9306
3896.7250 43.3271
