VARIABLES = "Lag Time" "MSD"
ZONE T = "MPC 319"
0.0000 0.0000
79.5250 39.3777
159.0500 43.1021
238.5750 43.3130
318.1000 43.7513
397.6250 44.4694
477.1500 44.7644
556.6750 43.9450
636.2000 44.8591
715.7250 45.8482
795.2500 45.9679
874.7750 46.2493
954.3000 45.8204
1033.8250 46.0622
1113.3500 46.3388
1192.8750 46.5972
1272.4000 47.3838
1351.9250 47.7411
1431.4500 47.6757
1510.9750 47.5952
1590.5000 48.6945
1670.0250 47.7032
1749.5500 48.0296
1829.0750 48.5025
1908.6000 49.0034
1988.1250 48.5571
2067.6500 49.2301
2147.1750 49.1338
2226.7000 50.5882
2306.2250 50.0088
2385.7500 50.5837
2465.2750 50.3150
2544.8000 50.5795
2624.3250 50.1028
2703.8500 49.5240
2783.3750 51.5815
2862.9000 50.8567
2942.4250 51.4663
3021.9500 53.1710
3101.4750 52.1613
3181.0000 51.3947
3260.5250 52.0421
3340.0500 51.7480
3419.5750 52.9383
3499.1000 52.1657
3578.6250 51.5456
3658.1500 52.4581
3737.6750 53.5028
3817.2000 53.3436
3896.7250 52.4535
