VARIABLES = "Lag Time" "MSD"
ZONE T = "MPC 398"
0.0000 0.0000
79.5250 26.3238
159.0500 27.4109
238.5750 27.8878
318.1000 28.4986
397.6250 28.3126
477.1500 28.6258
556.6750 29.2162
636.2000 30.0599
715.7250 30.1278
795.2500 30.5287
874.7750 30.6970
954.3000 31.2285
1033.8250 31.7526
1113.3500 31.5589
1192.8750 32.8625
1272.4000 31.9068
1351.9250 32.6988
1431.4500 32.6456
1510.9750 32.9254
1590.5000 33.2052
1670.0250 33.3433
1749.5500 32.9426
1829.0750 33.5000
1908.6000 33.8989
1988.1250 34.3330
2067.6500 34.6007
2147.1750 34.8848
2226.7000 34.1453
2306.2250 35.2013
2385.7500 35.2556
2465.2750 35.3769
2544.8000 36.2193
2624.3250 35.6595
2703.8500 35.4065
2783.3750 35.7908
2862.9000 36.6447
2942.4250 37.1037
3021.9500 36.4632
3101.4750 36.2114
3181.0000 36.9518
3260.5250 36.8866
3340.0500 36.8343
3419.5750 37.2106
3499.1000 37.4726
3578.6250 36.9468
3658.1500 37.8035
3737.6750 38.3433
3817.2000 37.7792
3896.7250 38.1521
