VARIABLES = "Lag Time" "MSD"
ZONE T = "MPC 303"
0.0000 0.0000
79.5250 41.7607
159.0500 45.2289
238.5750 46.2576
318.1000 46.7006
397.6250 48.3223
477.1500 47.6979
556.6750 48.5888
636.2000 50.6282
715.7250 51.2231
795.2500 50.3409
874.7750 50.2930
954.3000 51.9237
1033.8250 52.4106
1113.3500 52.7346
1192.8750 53.0470
1272.4000 52.2616
1351.9250 52.3839
1431.4500 52.9453
1510.9750 53.5872
1590.5000 52.9642
1670.0250 54.3963
1749.5500 53.9499
1829.0750 54.8691
1908.6000 54.7654
1988.1250 55.5330
2067.6500 54.7025
2147.1750 53.9543
2226.7000 55.3597
2306.2250 56.6461
2385.7500 55.7170
2465.2750 55.6496
2544.8000 56.3251
2624.3250 57.2825
2703.8500 57.3287
2783.3750 57.2030
2862.9000 58.1842
2942.4250 57.0124
3021.9500 57.6841
3101.4750 59.5933
3181.0000 60.0497
3260.5250 60.3504
3340.0500 59.5029
3419.5750 58.8470
3499.1000 59.9585
3578.6250 60.3296
3658.1500 60.1433
3737.6750 61.6463
3817.2000 62.2329
3896.7250 61.2941
