VARIABLES = "Lag Time" "MSD"
ZONE T = "MPC 389"
0.0000 0.0000
79.5250 27.1209
159.0500 28.6110
238.5750 28.5841
318.1000 29.8180
397.6250 30.5619
477.1500 30.6072
556.6750 30.7871
636.2000 31.2741
715.7250 31.8489
795.2500 32.2302
874.7750 33.0804
954.3000 33.3322
1033.8250 34.1849
1113.3500 34.3092
1192.8750 34.9522
1272.4000 35.9042
1351.9250 36.5460
1431.4500 37.3292
1510.9750 37.9138
1590.5000 38.2295
1670.0250 38.7214
1749.5500 39.5056
1829.0750 40.1677
1908.6000 40.2044
1988.1250 40.4754
2067.6500 40.6330
2147.1750 41.3344
2226.7000 42.1581
2306.2250 41.7810
2385.7500 43.4212
2465.2750 43.5037
2544.8000 43.8215
2624.3250 43.3791
2703.8500 44.8002
2783.3750 45.0798
2862.9000 45.5995
2942.4250 46.0979
3021.9500 46.4930
3101.4750 46.5603
3181.0000 47.2669
3260.5250 47.0082
3340.0500 47.5887
3419.5750 48.1039
3499.1000 48.0544
3578.6250 48.6322
3658.1500 48.9123
3737.6750 48.7607
3817.2000 50.2353
3896.7250 50.0844
