VARIABLES = "Lag Time" "MSD"
ZONE T = "MPC 313"
0.0000 0.0000
79.5250 40.1113
159.0500 42.6098
238.5750 43.4681
318.1000 42.8773
397.6250 43.1764
477.1500 45.0046
556.6750 45.2316
636.2000 46.0009
715.7250 46.2862
795.2500 47.0231
874.7750 46.8365
954.3000 47.0090
1033.8250 46.7410
1113.3500 47.1196
1192.8750 47.9516
1272.4000 48.4581
1351.9250 47.7155
1431.4500 48.0152
1510.9750 48.8542
1590.5000 48.1059
1670.0250 48.9501
1749.5500 48.4229
1829.0750 47.7884
1908.6000 48.4139
1988.1250 49.5126
2067.6500 49.1438
2147.1750 50.1583
2226.7000 51.2111
2306.2250 50.4344
2385.7500 51.5694
2465.2750 51.8490
2544.8000 51.0367
2624.3250 50.4909
2703.8500 51.7517
2783.3750 51.4971
2862.9000 51.5692
2942.4250 51.4066
3021.9500 51.8389
3101.4750 52.7609
3181.0000 52.6380
3260.5250 53.2144
3340.0500 53.6768
3419.5750 53.4760
3499.1000 54.9805
3578.6250 53.3244
3658.1500 53.6483
3737.6750 54.9601
3817.2000 53.5903
3896.7250 53.3629
