VARIABLES = "Lag Time" "MSD"
ZONE T = "MPC 331"
0.0000 0.0000
79.5250 38.2107
159.0500 39.7313
238.5750 40.6512
318.1000 41.8480
397.6250 41.7351
477.1500 41.6453
556.6750 42.1546
636.2000 43.2240
715.7250 43.7493
795.2500 43.3388
874.7750 42.5028
954.3000 44.6173
1033.8250 44.7156
1113.3500 45.0734
1192.8750 44.8231
1272.4000 45.2067
1351.9250 45.6094
1431.4500 44.8821
1510.9750 45.0114
1590.5000 45.9319
1670.0250 46.1684
1749.5500 46.4195
1829.0750 46.8656
1908.6000 46.6134
1988.1250 47.3401
2067.6500 48.2263
2147.1750 47.7143
2226.7000 47.1544
2306.2250 46.7105
2385.7500 48.1456
2465.2750 48.9926
2544.8000 47.8357
2624.3250 48.2776
2703.8500 48.7991
2783.3750 49.3231
2862.9000 49.0616
2942.4250 50.3722
3021.9500 50.3350
3101.4750 49.7741
3181.0000 50.6148
3260.5250 50.0203
3340.0500 49.9849
3419.5750 51.1020
3499.1000 50.7309
3578.6250 51.0972
3658.1500 51.9727
3737.6750 50.9772
3817.2000 50.7840
3896.7250 51.1673
