VARIABLES = "Lag Time" "MSD"
ZONE T = "MPC 363"
0.0000 0.0000
79.5250 29.3401
159.0500 30.3638
238.5750 31.6515
318.1000 32.1135
397.6250 33.2535
477.1500 33.6929
556.6750 33.2574
636.2000 33.9674
715.7250 35.1552
795.2500 34.7927
874.7750 35.7059
954.3000 36.1466
1033.8250 36.3267
1113.3500 36.2580
1192.8750 37.4739
1272.4000 38.1464
1351.9250 38.1463
1431.4500 38.6942
1510.9750 39.3555
1590.5000 39.1185
1670.0250 39.4567
1749.5500 39.6665
1829.0750 40.6437
1908.6000 41.1126
1988.1250 39.7103
2067.6500 41.5818
2147.1750 41.8591
2226.7000 42.0448
2306.2250 42.5210
2385.7500 43.2453
2465.2750 43.1911
2544.8000 43.4123
2624.3250 43.1086
2703.8500 42.9084
2783.3750 43.3731
2862.9000 43.1024
2942.4250 43.3410
3021.9500 43.5504
3101.4750 43.8003
3181.0000 44.1387
3260.5250 44.5215
3340.0500 44.5908
3419.5750 45.3081
3499.1000 45.6975
3578.6250 46.0584
3658.1500 45.9169
3737.6750 45.7866
3817.2000 46.4594
3896.7250 46.1482
