VARIABLES = "Lag Time" "MSD"
ZONE T = "MPC 346"
0.0000 0.0000
79.5250 35.0459
159.0500 37.5310
238.5750 38.1328
318.1000 37.7515
397.6250 39.3251
477.1500 39.6440
556.6750 40.1331
636.2000 40.5128
715.7250 40.7500
795.2500 41.4783
874.7750 41.9740
954.3000 42.8835
1033.8250 42.0080
1113.3500 43.1669
1192.8750 43.2770
1272.4000 44.3558
1351.9250 43.5619
1431.4500 43.6496
1510.9750 44.1695
1590.5000 43.7153
1670.0250 44.0439
1749.5500 44.4923
1829.0750 44.9761
1908.6000 44.7523
1988.1250 44.9815
2067.6500 46.5609
2147.1750 46.6630
2226.7000 46.6774
2306.2250 46.8499
2385.7500 46.5294
2465.2750 46.3275
2544.8000 47.1450
2624.3250 47.5211
2703.8500 47.5437
2783.3750 47.7381
2862.9000 47.6394
2942.4250 47.5753
3021.9500 46.8419
3101.4750 47.5114
3181.0000 48.6123
3260.5250 48.1269
3340.0500 48.6322
3419.5750 48.1525
3499.1000 48.6604
3578.6250 49.4741
3658.1500 48.8523
3737.6750 49.1061
3817.2000 49.7661
3896.7250 49.8853
