VARIABLES = "Lag Time" "MSD"
ZONE T = "MPC 396"
0.0000 0.0000
79.5250 28.2627
159.0500 29.4280
238.5750 29.4269
318.1000 30.6316
397.6250 31.4558
477.1500 31.4875
556.6750 32.7334
636.2000 32.8192
715.7250 34.2536
795.2500 33.6571
874.7750 34.3432
954.3000 34.4354
1033.8250 34.7351
1113.3500 34.8111
1192.8750 35.7613
1272.4000 36.1962
1351.9250 36.5843
1431.4500 36.5151
1510.9750 37.3889
1590.5000 38.0762
1670.0250 38.9607
1749.5500 38.4738
1829.0750 38.1494
1908.6000 39.4848
1988.1250 39.7092
2067.6500 40.6137
2147.1750 40.2050
2226.7000 41.2068
2306.2250 40.8010
2385.7500 41.5253
2465.2750 40.2486
2544.8000 41.5387
2624.3250 41.6408
2703.8500 42.0164
2783.3750 42.0932
2862.9000 43.1159
2942.4250 42.9372
3021.9500 43.1794
3101.4750 43.5976
3181.0000 44.2980
3260.5250 43.9146
3340.0500 44.1084
3419.5750 44.5420
3499.1000 43.9394
3578.6250 44.1201
3658.1500 44.9911
3737.6750 44.9938
3817.2000 44.9894
3896.7250 45.4518
