VARIABLES = "Lag Time" "MSD"
ZONE T = "MPC 314"
0.0000 0.0000
79.5250 38.9199
159.0500 41.9226
238.5750 42.6369
318.1000 43.9448
397.6250 44.0554
477.1500 44.4458
556.6750 45.4603
636.2000 45.8588
715.7250 45.3328
795.2500 44.5824
874.7750 46.3890
954.3000 48.0976
1033.8250 48.6299
1113.3500 47.5320
1192.8750 48.0347
1272.4000 48.7145
1351.9250 49.1526
1431.4500 49.8014
1510.9750 49.8123
1590.5000 50.0346
1670.0250 50.6749
1749.5500 51.3012
1829.0750 50.9696
1908.6000 50.8303
1988.1250 51.7585
2067.6500 52.6780
2147.1750 52.1154
2226.7000 52.3026
2306.2250 52.7195
2385.7500 52.4042
2465.2750 52.6103
2544.8000 54.4620
2624.3250 54.2661
2703.8500 54.3731
2783.3750 54.2358
2862.9000 53.3830
2942.4250 53.7718
3021.9500 54.1735
3101.4750 54.6372
3181.0000 54.1020
3260.5250 55.1948
3340.0500 54.4932
3419.5750 53.9975
3499.1000 55.3147
3578.6250 54.8615
3658.1500 55.9566
3737.6750 55.7036
3817.2000 55.6300
3896.7250 56.1516
