VARIABLES = "Lag Time" "MSD"
ZONE T = "MPC 324"
0.0000 0.0000
79.5250 38.7415
159.0500 40.3532
238.5750 40.9997
318.1000 41.7493
397.6250 41.9248
477.1500 42.6630
556.6750 42.3215
636.2000 44.0818
715.7250 44.3129
795.2500 44.9868
874.7750 45.9229
954.3000 46.1682
1033.8250 46.6131
1113.3500 46.4447
1192.8750 47.5236
1272.4000 47.2606
1351.9250 48.6033
1431.4500 49.6509
1510.9750 49.8384
1590.5000 50.2070
1670.0250 49.5433
1749.5500 52.0099
1829.0750 50.5457
1908.6000 51.4940
1988.1250 51.5213
2067.6500 52.9651
2147.1750 51.7791
2226.7000 51.7750
2306.2250 53.3505
2385.7500 53.4798
2465.2750 53.7780
2544.8000 54.4822
2624.3250 55.2640
2703.8500 54.1815
2783.3750 54.7856
2862.9000 55.3171
2942.4250 55.2388
3021.9500 54.1906
3101.4750 55.7379
3181.0000 56.7894
3260.5250 56.2727
3340.0500 56.2834
3419.5750 56.5193
3499.1000 57.3567
3578.6250 57.6395
3658.1500 57.9360
3737.6750 59.1750
3817.2000 58.4817
3896.7250 58.1310
