VARIABLES = "Lag Time" "MSD"
ZONE T = "MPC 318"
0.0000 0.0000
79.5250 40.4626
159.0500 43.2785
238.5750 43.4599
318.1000 44.7457
397.6250 43.8856
477.1500 44.9701
556.6750 44.4205
636.2000 46.0142
715.7250 46.0912
795.2500 46.9428
874.7750 46.7797
954.3000 47.7671
1033.8250 48.3717
1113.3500 47.6953
1192.8750 48.0761
1272.4000 47.8326
1351.9250 48.3333
1431.4500 48.9163
1510.9750 50.1578
1590.5000 50.9137
1670.0250 50.1597
1749.5500 49.7804
1829.0750 50.1560
1908.6000 50.5945
1988.1250 50.7819
2067.6500 50.6243
2147.1750 51.0995
2226.7000 51.0763
2306.2250 51.5225
2385.7500 52.0823
2465.2750 51.2258
2544.8000 51.3916
2624.3250 51.3064
2703.8500 51.5974
2783.3750 51.5655
2862.9000 51.2084
2942.4250 52.1913
3021.9500 52.9445
3101.4750 52.9270
3181.0000 52.6897
3260.5250 53.3962
3340.0500 54.6041
3419.5750 52.9002
3499.1000 52.8319
3578.6250 54.4416
3658.1500 53.3416
3737.6750 53.6613
3817.2000 54.7253
3896.7250 54.1261
