VARIABLES = "Lag Time" "MSD"
ZONE T = "MPC 385"
0.0000 0.0000
79.5250 27.2554
159.0500 28.7936
238.5750 29.4661
318.1000 30.4875
397.6250 31.6524
477.1500 32.3004
556.6750 32.4005
636.2000 33.4878
715.7250 33.8739
795.2500 34.7496
874.7750 35.4432
954.3000 35.3181
1033.8250 36.7105
1113.3500 37.3893
1192.8750 37.4220
1272.4000 37.8794
1351.9250 39.2499
1431.4500 39.0970
1510.9750 39.3452
1590.5000 39.4406
1670.0250 40.8248
1749.5500 40.9823
1829.0750 41.2130
1908.6000 41.7940
1988.1250 41.8493
2067.6500 43.0210
2147.1750 43.0985
2226.7000 43.5195
2306.2250 44.0561
2385.7500 43.9713
2465.2750 44.9052
2544.8000 44.9924
2624.3250 45.0343
2703.8500 45.9869
2783.3750 46.7213
2862.9000 46.9813
2942.4250 48.2469
3021.9500 47.8670
3101.4750 48.7627
3181.0000 49.3015
3260.5250 49.4987
3340.0500 49.9661
3419.5750 50.3591
3499.1000 51.0926
3578.6250 51.7011
3658.1500 53.1092
3737.6750 53.2268
3817.2000 54.8828
3896.7250 53.9487
