VARIABLES = "Lag Time" "MSD"
ZONE T = "MPC 462"
0.0000 0.0000
79.5250 21.4923
159.0500 22.3011
238.5750 23.2369
318.1000 23.0357
397.6250 22.8914
477.1500 23.6561
556.6750 23.6335
636.2000 23.9958
715.7250 24.1224
795.2500 23.7885
874.7750 24.4349
954.3000 24.1990
1033.8250 24.8728
1113.3500 24.7888
1192.8750 24.1181
1272.4000 25.1148
1351.9250 24.8525
1431.4500 25.1599
1510.9750 25.7382
1590.5000 25.6793
1670.0250 25.8769
1749.5500 25.7438
1829.0750 26.0067
1908.6000 26.0622
1988.1250 26.4733
2067.6500 26.3945
2147.1750 26.7374
2226.7000 26.8224
2306.2250 27.2419
2385.7500 27.4450
2465.2750 27.5838
2544.8000 27.7261
2624.3250 27.3645
2703.8500 27.4370
2783.3750 27.4517
2862.9000 27.7424
2942.4250 28.0564
3021.9500 28.3875
3101.4750 27.9225
3181.0000 27.9047
3260.5250 28.3759
3340.0500 28.4261
3419.5750 28.6479
3499.1000 29.1832
3578.6250 29.4355
3658.1500 29.2844
3737.6750 29.3600
3817.2000 29.3616
3896.7250 29.7287
