VARIABLES = "Lag Time" "MSD"
ZONE T = "MPC 492"
0.0000 0.0000
79.5250 20.6294
159.0500 21.8272
238.5750 22.0440
318.1000 23.4183
397.6250 23.1597
477.1500 23.8354
556.6750 24.8208
636.2000 24.8195
715.7250 25.4082
795.2500 24.9162
874.7750 25.0353
954.3000 25.2058
1033.8250 26.0863
1113.3500 26.0603
1192.8750 26.8110
1272.4000 26.5016
1351.9250 26.4217
1431.4500 26.8652
1510.9750 27.1497
1590.5000 27.9095
1670.0250 27.7450
1749.5500 27.8351
1829.0750 28.1749
1908.6000 28.2893
1988.1250 28.6648
2067.6500 29.7193
2147.1750 29.4667
2226.7000 29.2153
2306.2250 29.0453
2385.7500 29.6187
2465.2750 29.7727
2544.8000 29.7621
2624.3250 30.0855
2703.8500 29.7566
2783.3750 30.1913
2862.9000 30.3052
2942.4250 30.6410
3021.9500 30.8969
3101.4750 31.2191
3181.0000 31.1255
3260.5250 31.3214
3340.0500 31.7073
3419.5750 31.9008
3499.1000 31.5615
3578.6250 32.0856
3658.1500 31.8737
3737.6750 32.6575
3817.2000 32.1410
3896.7250 32.2416
