VARIABLES = "Lag Time" "MSD"
ZONE T = "MPC 400"
0.0000 0.0000
79.5250 27.6471
159.0500 28.0909
238.5750 28.8572
318.1000 28.5204
397.6250 28.9470
477.1500 28.8784
556.6750 29.5040
636.2000 30.7078
715.7250 30.0754
795.2500 31.1830
874.7750 30.5984
954.3000 31.0046
1033.8250 31.6856
1113.3500 31.4301
1192.8750 32.4083
1272.4000 31.5196
1351.9250 31.5513
1431.4500 32.4171
1510.9750 32.7763
1590.5000 33.0875
1670.0250 32.6676
1749.5500 32.6731
1829.0750 33.5668
1908.6000 32.9562
1988.1250 34.0341
2067.6500 34.6467
2147.1750 34.4140
2226.7000 34.1486
2306.2250 34.6119
2385.7500 34.5914
2465.2750 34.8749
2544.8000 34.8395
2624.3250 34.5471
2703.8500 35.3018
2783.3750 36.2996
2862.9000 35.8846
2942.4250 35.8998
3021.9500 35.5061
3101.4750 35.8650
3181.0000 36.0804
3260.5250 35.5321
3340.0500 36.2699
3419.5750 36.1666
3499.1000 35.5248
3578.6250 36.1167
3658.1500 36.1252
3737.6750 36.3588
3817.2000 36.0266
3896.7250 35.8566
