VARIABLES = "Lag Time" "MSD"
ZONE T = "MPC 407"
0.0000 0.0000
79.5250 26.5873
159.0500 27.6693
238.5750 27.2824
318.1000 27.7878
397.6250 28.2912
477.1500 28.3271
556.6750 29.2209
636.2000 28.6585
715.7250 29.4979
795.2500 30.3059
874.7750 30.5348
954.3000 31.0247
1033.8250 31.1472
1113.3500 31.1190
1192.8750 31.2692
1272.4000 31.3314
1351.9250 31.2772
1431.4500 32.2272
1510.9750 31.9479
1590.5000 31.6400
1670.0250 31.9073
1749.5500 32.6238
1829.0750 32.9173
1908.6000 33.0496
1988.1250 33.3407
2067.6500 33.7160
2147.1750 32.9610
2226.7000 33.7913
2306.2250 33.4789
2385.7500 34.5509
2465.2750 35.1222
2544.8000 34.7885
2624.3250 34.7219
2703.8500 35.4778
2783.3750 34.2351
2862.9000 35.9658
2942.4250 35.6244
3021.9500 35.6917
3101.4750 36.0930
3181.0000 36.6287
3260.5250 36.9684
3340.0500 36.0123
3419.5750 36.4483
3499.1000 36.8036
3578.6250 37.3504
3658.1500 36.8947
3737.6750 36.9391
3817.2000 36.9995
3896.7250 37.3749
