VARIABLES = "Lag Time" "MSD"
ZONE T = "MPC 479"
0.0000 0.0000
79.5250 20.6117
159.0500 21.9407
238.5750 21.6589
318.1000 22.3755
397.6250 23.3431
477.1500 23.7187
556.6750 24.1705
636.2000 24.7232
715.7250 24.5130
795.2500 24.6038
874.7750 25.3980
954.3000 25.1561
1033.8250 26.3438
1113.3500 26.1175
1192.8750 26.6002
1272.4000 26.6226
1351.9250 26.7822
1431.4500 26.6445
1510.9750 27.3918
1590.5000 27.8058
1670.0250 27.6868
1749.5500 28.3287
1829.0750 28.7837
1908.6000 28.9765
1988.1250 28.8088
2067.6500 29.9537
2147.1750 29.6302
2226.7000 29.6400
2306.2250 30.0107
2385.7500 29.9181
2465.2750 30.6407
2544.8000 30.7742
2624.3250 30.9204
2703.8500 31.1952
2783.3750 31.6793
2862.9000 31.4591
2942.4250 31.4159
3021.9500 31.4537
3101.4750 31.6877
3181.0000 31.9134
3260.5250 32.3197
3340.0500 31.9436
3419.5750 31.7900
3499.1000 31.9794
3578.6250 32.4084
3658.1500 33.0681
3737.6750 32.4955
3817.2000 32.1053
3896.7250 32.5678
