VARIABLES = "Lag Time" "MSD"
ZONE T = "MPC 477"
0.0000 0.0000
79.5250 20.1677
159.0500 20.6803
238.5750 21.2077
318.1000 21.4405
397.6250 21.9212
477.1500 21.8570
556.6750 21.8794
636.2000 22.1372
715.7250 22.7813
795.2500 23.0403
874.7750 23.1284
954.3000 23.7676
1033.8250 23.8586
1113.3500 24.2845
1192.8750 23.9592
1272.4000 24.1458
1351.9250 25.1401
1431.4500 24.9493
1510.9750 25.4169
1590.5000 25.5490
1670.0250 25.9254
1749.5500 25.8554
1829.0750 25.4865
1908.6000 26.1883
1988.1250 26.1508
2067.6500 26.7569
2147.1750 26.3188
2226.7000 27.1413
2306.2250 26.9588
2385.7500 27.0540
2465.2750 27.3147
2544.8000 27.5885
2624.3250 27.4634
2703.8500 27.8359
2783.3750 28.0864
2862.9000 27.8530
2942.4250 27.6075
3021.9500 27.5114
3101.4750 27.5903
3181.0000 28.4473
3260.5250 27.9858
3340.0500 28.6753
3419.5750 28.5288
3499.1000 28.7821
3578.6250 28.6574
3658.1500 27.9038
3737.6750 28.1572
3817.2000 29.3676
3896.7250 28.9759
