VARIABLES = "Lag Time" "MSD"
ZONE T = "MPC 46"
0.0000 0.0000
79.5250 158.4280
159.0500 309.4565
238.5750 458.5551
318.1000 611.9187
397.6250 758.1924
477.1500 895.9898
556.6750 1030.4699
636.2000 1159.1481
715.7250 1291.4297
795.2500 1423.9534
874.7750 1553.2383
954.3000 1679.8225
1033.8250 1810.5281
1113.3500 1934.4083
1192.8750 2060.1047
1272.4000 2181.6491
1351.9250 2303.6668
1431.4500 2427.5494
1510.9750 2556.8510
1590.5000 2680.6532
1670.0250 2802.2077
1749.5500 2923.5789
1829.0750 3034.9844
1908.6000 3147.1965
1988.1250 3259.9374
2067.6500 3374.4242
2147.1750 3487.2329
2226.7000 3600.2575
2306.2250 3705.3142
2385.7500 3801.8705
2465.2750 3894.7917
2544.8000 3990.8816
2624.3250 4082.8100
2703.8500 4174.9764
2783.3750 4267.3445
2862.9000 4355.7329
2942.4250 4448.3128
3021.9500 4539.5871
3101.4750 4620.8959
3181.0000 4699.1539
3260.5250 4775.9397
3340.0500 4850.1864
3419.5750 4917.1497
3499.1000 4976.9529
3578.6250 5038.9064
3658.1500 5098.7552
3737.6750 5161.9566
3817.2000 5225.8575
3896.7250 5292.9248
