VARIABLES = "Lag Time" "MSD"
ZONE T = "MPC 482"
0.0000 0.0000
79.5250 21.3319
159.0500 21.9269
238.5750 22.1196
318.1000 23.0865
397.6250 23.7568
477.1500 24.2756
556.6750 24.6649
636.2000 25.4273
715.7250 25.8458
795.2500 26.4162
874.7750 26.3949
954.3000 27.3339
1033.8250 26.9643
1113.3500 27.9755
1192.8750 28.4881
1272.4000 28.0865
1351.9250 29.1369
1431.4500 29.3426
1510.9750 29.4107
1590.5000 30.1198
1670.0250 30.2097
1749.5500 29.7843
1829.0750 30.6186
1908.6000 31.0038
1988.1250 31.7134
2067.6500 31.4695
2147.1750 32.3991
2226.7000 32.9612
2306.2250 32.6610
2385.7500 33.5456
2465.2750 33.5157
2544.8000 33.8489
2624.3250 34.3721
2703.8500 33.8953
2783.3750 34.6002
2862.9000 34.4744
2942.4250 35.2136
3021.9500 35.7171
3101.4750 35.3827
3181.0000 36.2818
3260.5250 36.3343
3340.0500 36.7938
3419.5750 36.5924
3499.1000 36.8777
3578.6250 37.0875
3658.1500 37.3413
3737.6750 37.5120
3817.2000 37.5916
3896.7250 38.0232
