VARIABLES = "Lag Time" "MSD"
ZONE T = "MPC 48"
0.0000 0.0000
79.5250 153.6026
159.0500 302.9358
238.5750 442.7359
318.1000 581.2199
397.6250 707.7259
477.1500 829.8257
556.6750 947.5848
636.2000 1063.3173
715.7250 1174.6780
795.2500 1281.8172
874.7750 1383.2407
954.3000 1480.7785
1033.8250 1574.8430
1113.3500 1668.0580
1192.8750 1755.8746
1272.4000 1837.8044
1351.9250 1921.2366
1431.4500 2004.3542
1510.9750 2087.7265
1590.5000 2173.8350
1670.0250 2256.6597
1749.5500 2335.6689
1829.0750 2416.1653
1908.6000 2493.9651
1988.1250 2568.4771
2067.6500 2645.8661
2147.1750 2723.1450
2226.7000 2803.7698
2306.2250 2880.8217
2385.7500 2953.3222
2465.2750 3017.4615
2544.8000 3079.7222
2624.3250 3139.5940
2703.8500 3200.6014
2783.3750 3256.0943
2862.9000 3310.5690
2942.4250 3362.0959
3021.9500 3411.7322
3101.4750 3461.2737
3181.0000 3507.4859
3260.5250 3554.9125
3340.0500 3604.4577
3419.5750 3651.9105
3499.1000 3700.0405
3578.6250 3752.3227
3658.1500 3802.0960
3737.6750 3857.9429
3817.2000 3913.7427
3896.7250 3970.3420
