VARIABLES = "Lag Time" "MSD"
ZONE T = "MPC 4"
0.0000 0.0000
79.5250 533.2922
159.0500 1062.4844
238.5750 1583.4245
318.1000 2115.9426
397.6250 2670.6279
477.1500 3241.3496
556.6750 3837.7796
636.2000 4444.2837
715.7250 5045.7497
795.2500 5654.0396
874.7750 6242.6784
954.3000 6843.5999
1033.8250 7446.5285
1113.3500 8069.8872
1192.8750 8693.2590
1272.4000 9266.5308
1351.9250 9850.3911
1431.4500 10406.6093
1510.9750 10957.9258
1590.5000 11498.6140
1670.0250 12029.2147
1749.5500 12547.7869
1829.0750 13071.4522
1908.6000 13583.2570
1988.1250 14085.6226
2067.6500 14575.5421
2147.1750 15069.2738
2226.7000 15568.5476
2306.2250 16043.1624
2385.7500 16507.9630
2465.2750 16983.3653
2544.8000 17461.2914
2624.3250 17925.6754
2703.8500 18386.5363
2783.3750 18869.6001
2862.9000 19354.4700
2942.4250 19836.2017
3021.9500 20328.1909
3101.4750 20825.9122
3181.0000 21326.4332
3260.5250 21840.4025
3340.0500 22364.0122
3419.5750 22875.2377
3499.1000 23377.7584
3578.6250 23865.0601
3658.1500 24364.5834
3737.6750 24871.6551
3817.2000 25382.7216
3896.7250 25898.9323
