VARIABLES = "Lag Time" "MSD"
ZONE T = "MPC 436"
0.0000 0.0000
79.5250 24.7177
159.0500 25.7155
238.5750 26.5199
318.1000 26.3285
397.6250 27.3969
477.1500 26.8623
556.6750 26.7808
636.2000 26.7063
715.7250 27.5476
795.2500 28.5958
874.7750 28.3798
954.3000 28.3578
1033.8250 28.9081
1113.3500 29.1418
1192.8750 28.9972
1272.4000 29.0519
1351.9250 30.1859
1431.4500 29.7585
1510.9750 30.4269
1590.5000 29.6873
1670.0250 30.5723
1749.5500 30.3830
1829.0750 29.8844
1908.6000 30.9114
1988.1250 31.1107
2067.6500 31.7172
2147.1750 31.8631
2226.7000 31.8981
2306.2250 31.9113
2385.7500 32.1882
2465.2750 32.6734
2544.8000 33.4076
2624.3250 33.7919
2703.8500 32.9196
2783.3750 33.2693
2862.9000 33.8168
2942.4250 32.9878
3021.9500 33.8911
3101.4750 33.5533
3181.0000 34.1617
3260.5250 34.1804
3340.0500 34.6418
3419.5750 34.5981
3499.1000 35.1611
3578.6250 34.2547
3658.1500 34.3920
3737.6750 34.8080
3817.2000 35.3506
3896.7250 35.2444
