VARIABLES = "Lag Time" "MSD"
ZONE T = "MPC 456"
0.0000 0.0000
79.5250 23.6075
159.0500 24.1552
238.5750 25.0125
318.1000 24.4926
397.6250 25.2753
477.1500 25.6820
556.6750 25.8227
636.2000 26.2566
715.7250 26.7086
795.2500 26.6048
874.7750 27.3050
954.3000 27.5548
1033.8250 27.7751
1113.3500 27.6618
1192.8750 28.4711
1272.4000 29.4115
1351.9250 28.5614
1431.4500 29.2096
1510.9750 29.8124
1590.5000 29.1759
1670.0250 29.4822
1749.5500 29.5231
1829.0750 29.6727
1908.6000 29.4199
1988.1250 29.9270
2067.6500 30.1399
2147.1750 30.0985
2226.7000 30.5103
2306.2250 30.6356
2385.7500 30.6922
2465.2750 31.3009
2544.8000 31.2280
2624.3250 31.5300
2703.8500 31.4986
2783.3750 31.8248
2862.9000 32.0451
2942.4250 31.6478
3021.9500 32.0289
3101.4750 32.2984
3181.0000 32.4870
3260.5250 32.1916
3340.0500 33.3139
3419.5750 33.1920
3499.1000 32.4892
3578.6250 32.2779
3658.1500 33.0652
3737.6750 32.8356
3817.2000 32.7831
3896.7250 32.5012
