VARIABLES = "Lag Time" "MSD"
ZONE T = "MPC 45"
0.0000 0.0000
79.5250 167.4592
159.0500 320.9620
238.5750 467.5141
318.1000 606.9384
397.6250 748.7225
477.1500 884.2648
556.6750 1021.9791
636.2000 1148.2500
715.7250 1268.9824
795.2500 1388.2329
874.7750 1514.0659
954.3000 1635.4602
1033.8250 1755.7353
1113.3500 1878.9662
1192.8750 2007.0978
1272.4000 2127.4861
1351.9250 2246.5641
1431.4500 2367.3715
1510.9750 2490.8520
1590.5000 2605.2234
1670.0250 2722.1246
1749.5500 2833.4428
1829.0750 2938.1856
1908.6000 3041.7460
1988.1250 3147.5046
2067.6500 3258.0838
2147.1750 3369.5244
2226.7000 3487.6308
2306.2250 3600.8941
2385.7500 3712.7821
2465.2750 3821.2161
2544.8000 3930.5891
2624.3250 4040.1172
2703.8500 4148.1815
2783.3750 4252.6993
2862.9000 4348.6818
2942.4250 4439.9718
3021.9500 4531.0915
3101.4750 4612.7181
3181.0000 4697.8536
3260.5250 4779.7957
3340.0500 4860.9053
3419.5750 4940.5363
3499.1000 5018.6854
3578.6250 5095.8031
3658.1500 5178.3596
3737.6750 5254.3459
3817.2000 5323.4350
3896.7250 5391.2090
