VARIABLES = "Lag Time" "MSD"
ZONE T = "MPC 497"
0.0000 0.0000
79.5250 20.9405
159.0500 20.9706
238.5750 21.8452
318.1000 22.3148
397.6250 22.4172
477.1500 23.0086
556.6750 22.8593
636.2000 23.4628
715.7250 23.6457
795.2500 23.5024
874.7750 23.9469
954.3000 24.4464
1033.8250 23.6956
1113.3500 23.9571
1192.8750 24.0900
1272.4000 24.2893
1351.9250 24.1608
1431.4500 24.2113
1510.9750 24.6201
1590.5000 24.6833
1670.0250 24.6521
1749.5500 24.7159
1829.0750 25.0487
1908.6000 24.9876
1988.1250 25.3780
2067.6500 25.6613
2147.1750 25.6492
2226.7000 26.5020
2306.2250 25.7147
2385.7500 25.9292
2465.2750 26.1972
2544.8000 25.8747
2624.3250 26.2191
2703.8500 26.5121
2783.3750 26.2950
2862.9000 26.6770
2942.4250 26.1577
3021.9500 26.4529
3101.4750 26.5467
3181.0000 26.6503
3260.5250 26.9918
3340.0500 26.7312
3419.5750 27.1994
3499.1000 27.2162
3578.6250 26.4478
3658.1500 26.9830
3737.6750 27.2426
3817.2000 26.9417
3896.7250 26.9898
