VARIABLES = "Lag Time" "MSD"
ZONE T = "MPC 404"
0.0000 0.0000
79.5250 26.5840
159.0500 28.5128
238.5750 27.8628
318.1000 28.8948
397.6250 28.2065
477.1500 29.2958
556.6750 29.5582
636.2000 30.3504
715.7250 31.5966
795.2500 31.3372
874.7750 31.8678
954.3000 32.2316
1033.8250 32.1091
1113.3500 31.9182
1192.8750 32.7014
1272.4000 32.9872
1351.9250 32.9500
1431.4500 33.9165
1510.9750 34.0642
1590.5000 33.2683
1670.0250 34.1226
1749.5500 34.8961
1829.0750 35.0870
1908.6000 35.7563
1988.1250 35.4398
2067.6500 35.6394
2147.1750 35.5001
2226.7000 37.1055
2306.2250 36.3441
2385.7500 36.2903
2465.2750 36.7613
2544.8000 36.9098
2624.3250 37.0241
2703.8500 37.5984
2783.3750 37.7499
2862.9000 37.9947
2942.4250 37.4258
3021.9500 38.4508
3101.4750 38.4402
3181.0000 38.8743
3260.5250 38.8403
3340.0500 39.1921
3419.5750 39.4730
3499.1000 39.0112
3578.6250 39.2464
3658.1500 39.9589
3737.6750 39.2546
3817.2000 40.4014
3896.7250 40.6620
