VARIABLES = "Lag Time" "MSD"
ZONE T = "MPC 432"
0.0000 0.0000
79.5250 24.0684
159.0500 25.2016
238.5750 25.6087
318.1000 26.3956
397.6250 26.6193
477.1500 27.2663
556.6750 27.8238
636.2000 28.5853
715.7250 28.3539
795.2500 29.1542
874.7750 29.9300
954.3000 30.2945
1033.8250 30.5484
1113.3500 30.8506
1192.8750 30.8002
1272.4000 31.0898
1351.9250 31.7190
1431.4500 32.0985
1510.9750 31.9131
1590.5000 32.3424
1670.0250 33.0659
1749.5500 32.9911
1829.0750 32.8357
1908.6000 33.4600
1988.1250 33.6630
2067.6500 33.8785
2147.1750 34.1447
2226.7000 34.5857
2306.2250 34.5418
2385.7500 34.9649
2465.2750 34.7183
2544.8000 35.0942
2624.3250 35.4325
2703.8500 34.9286
2783.3750 35.4947
2862.9000 35.3227
2942.4250 35.8873
3021.9500 36.3220
3101.4750 36.0375
3181.0000 36.1349
3260.5250 36.5273
3340.0500 36.8382
3419.5750 36.3118
3499.1000 36.5372
3578.6250 37.1330
3658.1500 36.8528
3737.6750 37.0679
3817.2000 37.4354
3896.7250 37.9628
