VARIABLES = "Lag Time" "MSD"
ZONE T = "MPC 490"
0.0000 0.0000
79.5250 21.1790
159.0500 21.1411
238.5750 21.9723
318.1000 22.8196
397.6250 22.7143
477.1500 22.9141
556.6750 22.8231
636.2000 23.9596
715.7250 23.7152
795.2500 24.8328
874.7750 24.5670
954.3000 25.4017
1033.8250 25.9679
1113.3500 25.7757
1192.8750 26.4362
1272.4000 26.9828
1351.9250 27.1473
1431.4500 27.3607
1510.9750 27.6937
1590.5000 27.5486
1670.0250 28.0614
1749.5500 28.1583
1829.0750 27.8743
1908.6000 28.8406
1988.1250 28.6683
2067.6500 29.0097
2147.1750 30.1663
2226.7000 29.9198
2306.2250 30.1921
2385.7500 30.4529
2465.2750 31.1012
2544.8000 31.2076
2624.3250 31.0140
2703.8500 31.2156
2783.3750 31.2864
2862.9000 32.3469
2942.4250 32.3521
3021.9500 32.6627
3101.4750 32.9754
3181.0000 32.3660
3260.5250 32.7191
3340.0500 32.8216
3419.5750 33.1503
3499.1000 33.6424
3578.6250 33.2622
3658.1500 33.6516
3737.6750 33.9176
3817.2000 33.4810
3896.7250 34.8093
