VARIABLES = "Lag Time" "MSD"
ZONE T = "MPC 461"
0.0000 0.0000
79.5250 22.9990
159.0500 23.8857
238.5750 24.2162
318.1000 24.8104
397.6250 25.1289
477.1500 25.5523
556.6750 26.0108
636.2000 25.9388
715.7250 26.3885
795.2500 27.1187
874.7750 27.4468
954.3000 27.5574
1033.8250 28.0379
1113.3500 28.3123
1192.8750 28.7098
1272.4000 28.4061
1351.9250 28.9320
1431.4500 29.7948
1510.9750 29.7264
1590.5000 29.6164
1670.0250 29.7508
1749.5500 29.6809
1829.0750 30.7053
1908.6000 30.7044
1988.1250 30.9049
2067.6500 31.7524
2147.1750 31.4965
2226.7000 31.8795
2306.2250 32.4375
2385.7500 32.4091
2465.2750 32.5263
2544.8000 32.2435
2624.3250 32.6733
2703.8500 32.6884
2783.3750 33.2266
2862.9000 33.4807
2942.4250 32.8408
3021.9500 33.4822
3101.4750 33.9296
3181.0000 33.2315
3260.5250 33.5184
3340.0500 34.2385
3419.5750 34.0278
3499.1000 33.1783
3578.6250 33.5334
3658.1500 34.0121
3737.6750 33.9400
3817.2000 34.0192
3896.7250 34.4484
