VARIABLES = "Lag Time" "MSD"
ZONE T = "MPC 409"
0.0000 0.0000
79.5250 25.2164
159.0500 26.6024
238.5750 26.8046
318.1000 27.5679
397.6250 28.0352
477.1500 28.6669
556.6750 29.3430
636.2000 29.8694
715.7250 30.5163
795.2500 30.8739
874.7750 31.3309
954.3000 30.8564
1033.8250 31.6852
1113.3500 32.0264
1192.8750 32.7625
1272.4000 32.3678
1351.9250 32.8866
1431.4500 33.6367
1510.9750 34.4533
1590.5000 34.8844
1670.0250 34.8662
1749.5500 35.1498
1829.0750 35.3762
1908.6000 35.6077
1988.1250 36.5036
2067.6500 36.6448
2147.1750 36.3524
2226.7000 37.0625
2306.2250 36.7367
2385.7500 36.3241
2465.2750 37.0104
2544.8000 37.2670
2624.3250 37.8548
2703.8500 37.8819
2783.3750 37.5237
2862.9000 38.1699
2942.4250 38.2536
3021.9500 39.3139
3101.4750 39.3054
3181.0000 39.0511
3260.5250 39.1145
3340.0500 39.4916
3419.5750 40.0870
3499.1000 40.2097
3578.6250 39.9873
3658.1500 39.9373
3737.6750 40.6817
3817.2000 40.4825
3896.7250 40.9963
