VARIABLES = "Lag Time" "MSD"
ZONE T = "MPC 428"
0.0000 0.0000
79.5250 22.6358
159.0500 23.8636
238.5750 24.5170
318.1000 24.4975
397.6250 25.4653
477.1500 25.9259
556.6750 26.2021
636.2000 27.1664
715.7250 26.8675
795.2500 26.9966
874.7750 27.5823
954.3000 27.7993
1033.8250 28.2470
1113.3500 28.4072
1192.8750 28.7915
1272.4000 28.6857
1351.9250 29.7261
1431.4500 30.0453
1510.9750 29.6765
1590.5000 30.6971
1670.0250 30.7342
1749.5500 30.4256
1829.0750 30.9846
1908.6000 31.0273
1988.1250 31.6602
2067.6500 31.8325
2147.1750 31.9482
2226.7000 31.9714
2306.2250 32.3198
2385.7500 32.5348
2465.2750 32.3547
2544.8000 32.8529
2624.3250 33.1924
2703.8500 33.5460
2783.3750 33.6901
2862.9000 33.3161
2942.4250 33.2067
3021.9500 33.5868
3101.4750 33.9950
3181.0000 34.2419
3260.5250 33.9120
3340.0500 34.3369
3419.5750 34.1415
3499.1000 34.3408
3578.6250 34.5983
3658.1500 34.9711
3737.6750 34.8112
3817.2000 34.7603
3896.7250 34.5891
