VARIABLES = "Lag Time" "MSD"
ZONE T = "MPC 439"
0.0000 0.0000
79.5250 24.0159
159.0500 24.4290
238.5750 25.2991
318.1000 25.2953
397.6250 26.5346
477.1500 26.1436
556.6750 26.8455
636.2000 27.9029
715.7250 27.3641
795.2500 28.2070
874.7750 28.6577
954.3000 29.3794
1033.8250 29.3626
1113.3500 30.2280
1192.8750 29.9292
1272.4000 30.9130
1351.9250 30.9042
1431.4500 30.5050
1510.9750 31.5950
1590.5000 31.1939
1670.0250 31.6685
1749.5500 31.7552
1829.0750 31.6984
1908.6000 32.2122
1988.1250 32.6253
2067.6500 33.0434
2147.1750 33.2085
2226.7000 32.3290
2306.2250 33.0313
2385.7500 33.2189
2465.2750 33.3923
2544.8000 33.6266
2624.3250 33.8690
2703.8500 33.7865
2783.3750 33.6086
2862.9000 33.7445
2942.4250 33.6465
3021.9500 34.6854
3101.4750 34.6749
3181.0000 34.7502
3260.5250 35.0237
3340.0500 35.2762
3419.5750 35.0401
3499.1000 35.4588
3578.6250 35.6241
3658.1500 36.1830
3737.6750 36.1589
3817.2000 35.5446
3896.7250 36.4665
