VARIABLES = "Lag Time" "MSD"
ZONE T = "MPC 448"
0.0000 0.0000
79.5250 25.1450
159.0500 26.6117
238.5750 26.8722
318.1000 27.1050
397.6250 28.1775
477.1500 28.4387
556.6750 28.3952
636.2000 28.5977
715.7250 28.7962
795.2500 28.9891
874.7750 29.4565
954.3000 29.3455
1033.8250 29.9149
1113.3500 30.0196
1192.8750 30.2733
1272.4000 31.1408
1351.9250 31.0320
1431.4500 30.8922
1510.9750 31.3551
1590.5000 31.4611
1670.0250 31.4196
1749.5500 31.8320
1829.0750 32.0277
1908.6000 32.2769
1988.1250 32.6971
2067.6500 32.6641
2147.1750 32.6812
2226.7000 32.8767
2306.2250 33.4650
2385.7500 32.9622
2465.2750 32.8176
2544.8000 33.3082
2624.3250 33.5666
2703.8500 34.2179
2783.3750 33.8487
2862.9000 34.1641
2942.4250 34.2285
3021.9500 34.9638
3101.4750 34.0851
3181.0000 34.7391
3260.5250 35.2665
3340.0500 35.1795
3419.5750 34.7084
3499.1000 35.1838
3578.6250 34.6288
3658.1500 35.0760
3737.6750 35.2409
3817.2000 35.3681
3896.7250 35.7871
