VARIABLES = "Lag Time" "MSD"
ZONE T = "MPC 411"
0.0000 0.0000
79.5250 22.3932
159.0500 23.7139
238.5750 24.3570
318.1000 25.1452
397.6250 25.5931
477.1500 26.1497
556.6750 26.9887
636.2000 27.1244
715.7250 28.0943
795.2500 28.3242
874.7750 28.5118
954.3000 28.9904
1033.8250 29.8628
1113.3500 30.3212
1192.8750 30.5033
1272.4000 30.8282
1351.9250 31.0029
1431.4500 31.6829
1510.9750 32.5576
1590.5000 33.2939
1670.0250 32.8709
1749.5500 33.9155
1829.0750 33.5747
1908.6000 34.1705
1988.1250 34.6005
2067.6500 34.7852
2147.1750 34.9035
2226.7000 35.3837
2306.2250 35.8642
2385.7500 35.6519
2465.2750 36.8423
2544.8000 36.7563
2624.3250 37.2601
2703.8500 37.9134
2783.3750 38.5262
2862.9000 38.3961
2942.4250 38.9467
3021.9500 39.2357
3101.4750 39.2278
3181.0000 40.0518
3260.5250 39.3404
3340.0500 40.2613
3419.5750 40.2307
3499.1000 41.3157
3578.6250 40.6034
3658.1500 41.2752
3737.6750 41.6244
3817.2000 41.5053
3896.7250 41.7659
