VARIABLES = "Lag Time" "MSD"
ZONE T = "MPC 466"
0.0000 0.0000
79.5250 22.4684
159.0500 23.2031
238.5750 24.1238
318.1000 23.9549
397.6250 24.3527
477.1500 24.9989
556.6750 25.2359
636.2000 25.8530
715.7250 26.4496
795.2500 26.4105
874.7750 26.5692
954.3000 27.3676
1033.8250 27.5879
1113.3500 27.8630
1192.8750 28.0989
1272.4000 28.1690
1351.9250 28.5531
1431.4500 29.2218
1510.9750 28.6729
1590.5000 29.5320
1670.0250 29.6489
1749.5500 30.0668
1829.0750 30.4704
1908.6000 30.9724
1988.1250 30.9990
2067.6500 30.5034
2147.1750 31.3608
2226.7000 31.7024
2306.2250 32.0332
2385.7500 32.3986
2465.2750 33.1332
2544.8000 32.9868
2624.3250 33.0657
2703.8500 32.5526
2783.3750 33.5534
2862.9000 33.8218
2942.4250 33.4328
3021.9500 34.2049
3101.4750 34.4590
3181.0000 34.3336
3260.5250 34.8984
3340.0500 34.9852
3419.5750 35.0740
3499.1000 35.3452
3578.6250 35.5145
3658.1500 36.0090
3737.6750 35.7126
3817.2000 35.5355
3896.7250 36.0806
