VARIABLES = "Lag Time" "MSD"
ZONE T = "MPC 499"
0.0000 0.0000
79.5250 19.6532
159.0500 20.2363
238.5750 21.0941
318.1000 21.8520
397.6250 21.6325
477.1500 21.9244
556.6750 22.5895
636.2000 23.1098
715.7250 23.4049
795.2500 23.8502
874.7750 24.4220
954.3000 24.9409
1033.8250 24.4723
1113.3500 25.1892
1192.8750 25.1242
1272.4000 25.2401
1351.9250 26.3286
1431.4500 26.7523
1510.9750 26.8944
1590.5000 26.9162
1670.0250 27.2303
1749.5500 27.8686
1829.0750 27.9974
1908.6000 28.5201
1988.1250 28.2581
2067.6500 28.9994
2147.1750 29.2405
2226.7000 29.4022
2306.2250 29.4559
2385.7500 29.8002
2465.2750 29.7127
2544.8000 29.8760
2624.3250 29.8020
2703.8500 30.1141
2783.3750 30.3015
2862.9000 30.5384
2942.4250 30.9491
3021.9500 31.1435
3101.4750 31.2466
3181.0000 31.1546
3260.5250 31.7058
3340.0500 31.6813
3419.5750 31.5909
3499.1000 31.8510
3578.6250 32.1529
3658.1500 32.3123
3737.6750 32.4510
3817.2000 32.3626
3896.7250 32.8885
