VARIABLES = "Lag Time" "MSD"
ZONE T = "MPC 437"
0.0000 0.0000
79.5250 25.1367
159.0500 25.1359
238.5750 26.9622
318.1000 25.4614
397.6250 26.8364
477.1500 27.0393
556.6750 26.7891
636.2000 27.4001
715.7250 27.3710
795.2500 27.8401
874.7750 27.6625
954.3000 28.3280
1033.8250 28.9955
1113.3500 28.9274
1192.8750 29.2884
1272.4000 28.7183
1351.9250 29.0697
1431.4500 29.1692
1510.9750 29.7857
1590.5000 29.7119
1670.0250 29.7372
1749.5500 29.9430
1829.0750 29.7704
1908.6000 30.4312
1988.1250 30.6556
2067.6500 30.8810
2147.1750 31.0446
2226.7000 30.5800
2306.2250 31.5659
2385.7500 31.5706
2465.2750 31.5354
2544.8000 31.5141
2624.3250 31.5411
2703.8500 31.6278
2783.3750 32.0992
2862.9000 33.3284
2942.4250 32.6672
3021.9500 32.4184
3101.4750 32.7024
3181.0000 32.8967
3260.5250 33.2745
3340.0500 33.6891
3419.5750 33.1624
3499.1000 33.4599
3578.6250 33.5890
3658.1500 34.8004
3737.6750 34.5817
3817.2000 34.3143
3896.7250 34.7687
