VARIABLES = "Lag Time" "MSD"
ZONE T = "MPC 426"
0.0000 0.0000
79.5250 24.6013
159.0500 25.2390
238.5750 25.7728
318.1000 27.0168
397.6250 26.8622
477.1500 26.9861
556.6750 27.6921
636.2000 27.9330
715.7250 28.0790
795.2500 27.9852
874.7750 28.4103
954.3000 28.9283
1033.8250 29.2088
1113.3500 29.2618
1192.8750 29.4204
1272.4000 29.5146
1351.9250 29.5533
1431.4500 30.2955
1510.9750 30.3816
1590.5000 30.9747
1670.0250 31.0466
1749.5500 30.9585
1829.0750 30.6959
1908.6000 31.8446
1988.1250 31.4635
2067.6500 31.1603
2147.1750 32.1364
2226.7000 31.3926
2306.2250 32.0059
2385.7500 31.6257
2465.2750 31.9319
2544.8000 32.3589
2624.3250 32.9602
2703.8500 32.8230
2783.3750 32.5263
2862.9000 32.6524
2942.4250 32.9788
3021.9500 33.1611
3101.4750 33.2843
3181.0000 33.3862
3260.5250 33.3218
3340.0500 33.7488
3419.5750 33.8823
3499.1000 33.6180
3578.6250 33.8410
3658.1500 33.7886
3737.6750 33.8589
3817.2000 34.1328
3896.7250 34.2285
