VARIABLES = "Lag Time" "MSD"
ZONE T = "MPC 476"
0.0000 0.0000
79.5250 21.1956
159.0500 22.5722
238.5750 22.5924
318.1000 22.8420
397.6250 23.2415
477.1500 23.1407
556.6750 23.8389
636.2000 24.1336
715.7250 23.4883
795.2500 24.3059
874.7750 24.3729
954.3000 25.4742
1033.8250 25.2992
1113.3500 25.5664
1192.8750 25.9396
1272.4000 25.5908
1351.9250 25.4540
1431.4500 25.9943
1510.9750 26.4466
1590.5000 26.1174
1670.0250 26.2491
1749.5500 26.9724
1829.0750 26.4693
1908.6000 26.6833
1988.1250 27.1257
2067.6500 26.9983
2147.1750 27.1507
2226.7000 27.6695
2306.2250 27.9182
2385.7500 27.8224
2465.2750 27.7077
2544.8000 27.7144
2624.3250 27.3680
2703.8500 27.6228
2783.3750 28.2722
2862.9000 28.3801
2942.4250 28.2262
3021.9500 28.6613
3101.4750 28.7606
3181.0000 28.6570
3260.5250 28.4225
3340.0500 29.4526
3419.5750 29.1030
3499.1000 29.2323
3578.6250 29.5355
3658.1500 29.5287
3737.6750 29.9057
3817.2000 30.1248
3896.7250 30.1394
