VARIABLES = "Lag Time" "MSD"
ZONE T = "MPC 454"
0.0000 0.0000
79.5250 22.1881
159.0500 23.9974
238.5750 24.3105
318.1000 24.4261
397.6250 25.1619
477.1500 25.4556
556.6750 26.4380
636.2000 26.6932
715.7250 27.0951
795.2500 27.2485
874.7750 28.1809
954.3000 28.3773
1033.8250 28.8812
1113.3500 29.2851
1192.8750 29.5123
1272.4000 30.0522
1351.9250 30.2813
1431.4500 30.3970
1510.9750 31.6509
1590.5000 31.6276
1670.0250 31.5985
1749.5500 32.2394
1829.0750 32.2745
1908.6000 33.0023
1988.1250 32.8316
2067.6500 33.1820
2147.1750 34.3408
2226.7000 34.3754
2306.2250 34.2510
2385.7500 35.3784
2465.2750 35.2032
2544.8000 35.6965
2624.3250 36.2817
2703.8500 37.0768
2783.3750 37.8295
2862.9000 36.8032
2942.4250 37.4804
3021.9500 37.6269
3101.4750 37.4346
3181.0000 37.8776
3260.5250 38.1803
3340.0500 37.9459
3419.5750 38.5479
3499.1000 39.0108
3578.6250 39.1439
3658.1500 39.5353
3737.6750 39.6028
3817.2000 39.8845
3896.7250 39.7774
