VARIABLES = "Lag Time" "MSD"
ZONE T = "MPC 459"
0.0000 0.0000
79.5250 22.2548
159.0500 23.2161
238.5750 23.9975
318.1000 24.7926
397.6250 25.0850
477.1500 25.4228
556.6750 25.1684
636.2000 26.0817
715.7250 26.6737
795.2500 26.7971
874.7750 27.3379
954.3000 27.0699
1033.8250 27.7874
1113.3500 28.2364
1192.8750 28.4807
1272.4000 29.0979
1351.9250 29.7058
1431.4500 30.4763
1510.9750 29.9836
1590.5000 31.0954
1670.0250 30.2048
1749.5500 31.5215
1829.0750 31.8920
1908.6000 32.0608
1988.1250 31.9487
2067.6500 32.8700
2147.1750 33.0926
2226.7000 33.3238
2306.2250 33.4294
2385.7500 33.9141
2465.2750 34.0601
2544.8000 35.1703
2624.3250 35.2979
2703.8500 35.6175
2783.3750 35.5991
2862.9000 36.1828
2942.4250 36.1958
3021.9500 36.9736
3101.4750 36.8378
3181.0000 37.8609
3260.5250 37.6261
3340.0500 38.3662
3419.5750 38.3952
3499.1000 38.5800
3578.6250 38.8656
3658.1500 39.2272
3737.6750 38.9521
3817.2000 39.5933
3896.7250 39.7967
