VARIABLES = "Lag Time" "MSD"
ZONE T = "MPC 420"
0.0000 0.0000
79.5250 24.4969
159.0500 26.1054
238.5750 26.4351
318.1000 27.2589
397.6250 27.8196
477.1500 28.6672
556.6750 29.1428
636.2000 29.8568
715.7250 29.7045
795.2500 30.6003
874.7750 31.5682
954.3000 32.0905
1033.8250 32.4904
1113.3500 33.3448
1192.8750 32.8944
1272.4000 33.9090
1351.9250 34.5379
1431.4500 34.7700
1510.9750 35.1050
1590.5000 35.4979
1670.0250 36.0036
1749.5500 35.8839
1829.0750 36.1618
1908.6000 36.2965
1988.1250 36.7636
2067.6500 38.0023
2147.1750 36.9354
2226.7000 37.1823
2306.2250 38.5177
2385.7500 39.3130
2465.2750 38.8293
2544.8000 38.9536
2624.3250 39.8393
2703.8500 39.8542
2783.3750 40.3539
2862.9000 40.6733
2942.4250 41.5738
3021.9500 41.7412
3101.4750 41.5462
3181.0000 42.6223
3260.5250 42.2760
3340.0500 42.3124
3419.5750 42.7534
3499.1000 42.8482
3578.6250 43.0711
3658.1500 43.4154
3737.6750 43.2887
3817.2000 44.6062
3896.7250 43.6941
