VARIABLES = "Lag Time" "MSD"
ZONE T = "MPC 451"
0.0000 0.0000
79.5250 23.4704
159.0500 23.9129
238.5750 24.2673
318.1000 24.2726
397.6250 24.6833
477.1500 24.9923
556.6750 25.6558
636.2000 25.6832
715.7250 26.1453
795.2500 26.9555
874.7750 26.8370
954.3000 26.9831
1033.8250 27.2717
1113.3500 27.7607
1192.8750 27.9678
1272.4000 27.5438
1351.9250 28.0845
1431.4500 28.8683
1510.9750 28.7840
1590.5000 29.1189
1670.0250 28.8782
1749.5500 29.0165
1829.0750 29.3415
1908.6000 29.5684
1988.1250 29.6175
2067.6500 28.8643
2147.1750 29.8465
2226.7000 29.6946
2306.2250 29.6845
2385.7500 29.2765
2465.2750 29.9883
2544.8000 30.5883
2624.3250 30.3647
2703.8500 30.2496
2783.3750 30.6843
2862.9000 30.5362
2942.4250 30.3325
3021.9500 31.0313
3101.4750 30.9437
3181.0000 31.5996
3260.5250 31.3591
3340.0500 31.5957
3419.5750 32.4516
3499.1000 31.9289
3578.6250 31.6073
3658.1500 32.4383
3737.6750 32.2511
3817.2000 32.5395
3896.7250 32.0941
