VARIABLES = "Lag Time" "MSD"
ZONE T = "MPC 434"
0.0000 0.0000
79.5250 24.0200
159.0500 25.2803
238.5750 25.8240
318.1000 26.4012
397.6250 27.5714
477.1500 27.7081
556.6750 28.9370
636.2000 28.9533
715.7250 30.4426
795.2500 30.8245
874.7750 31.5112
954.3000 32.4597
1033.8250 32.8934
1113.3500 33.0950
1192.8750 33.3840
1272.4000 33.8424
1351.9250 34.0935
1431.4500 34.4900
1510.9750 35.1356
1590.5000 35.2021
1670.0250 36.5253
1749.5500 36.6942
1829.0750 37.1394
1908.6000 36.9302
1988.1250 38.5573
2067.6500 38.5022
2147.1750 38.2580
2226.7000 38.4795
2306.2250 39.7939
2385.7500 40.4022
2465.2750 41.0728
2544.8000 40.9877
2624.3250 41.2569
2703.8500 41.3219
2783.3750 41.8069
2862.9000 42.0046
2942.4250 42.5530
3021.9500 42.0569
3101.4750 43.0301
3181.0000 42.8076
3260.5250 43.1254
3340.0500 43.7356
3419.5750 43.7827
3499.1000 43.9846
3578.6250 44.0310
3658.1500 44.4594
3737.6750 44.5297
3817.2000 45.0137
3896.7250 44.8523
