VARIABLES = "Lag Time" "MSD"
ZONE T = "MPC 485"
0.0000 0.0000
79.5250 20.3020
159.0500 21.4253
238.5750 21.7017
318.1000 22.2403
397.6250 22.3870
477.1500 21.9862
556.6750 22.9998
636.2000 23.2754
715.7250 23.8290
795.2500 24.1836
874.7750 24.1118
954.3000 24.6580
1033.8250 25.1801
1113.3500 25.6770
1192.8750 25.5650
1272.4000 25.9628
1351.9250 25.7464
1431.4500 25.6375
1510.9750 25.8368
1590.5000 26.4985
1670.0250 26.5690
1749.5500 27.0113
1829.0750 27.2248
1908.6000 27.3501
1988.1250 27.0187
2067.6500 27.0095
2147.1750 27.2841
2226.7000 27.6644
2306.2250 28.1633
2385.7500 28.2353
2465.2750 28.7539
2544.8000 27.7748
2624.3250 29.1982
2703.8500 29.1178
2783.3750 28.8641
2862.9000 29.3196
2942.4250 29.1680
3021.9500 29.2906
3101.4750 30.3859
3181.0000 30.0900
3260.5250 29.7924
3340.0500 30.0823
3419.5750 30.4626
3499.1000 30.7124
3578.6250 31.3696
3658.1500 31.3191
3737.6750 31.0918
3817.2000 31.0745
3896.7250 31.5038
