VARIABLES = "Lag Time" "MSD"
ZONE T = "MPC 44"
0.0000 0.0000
79.5250 156.5569
159.0500 302.3310
238.5750 434.5019
318.1000 566.1925
397.6250 698.6133
477.1500 826.5092
556.6750 949.5522
636.2000 1064.9436
715.7250 1175.3317
795.2500 1284.2344
874.7750 1387.4253
954.3000 1495.4119
1033.8250 1600.2013
1113.3500 1704.5921
1192.8750 1806.5768
1272.4000 1900.9228
1351.9250 1989.5821
1431.4500 2072.5953
1510.9750 2157.1008
1590.5000 2242.2252
1670.0250 2323.3978
1749.5500 2405.2156
1829.0750 2477.9315
1908.6000 2547.2252
1988.1250 2619.1311
2067.6500 2686.2248
2147.1750 2757.4213
2226.7000 2828.4927
2306.2250 2899.0090
2385.7500 2968.4190
2465.2750 3033.0007
2544.8000 3092.0795
2624.3250 3148.2495
2703.8500 3201.6918
2783.3750 3246.8545
2862.9000 3291.6938
2942.4250 3332.8576
3021.9500 3376.1582
3101.4750 3417.2589
3181.0000 3459.7866
3260.5250 3504.6425
3340.0500 3546.9714
3419.5750 3591.6642
3499.1000 3629.2137
3578.6250 3667.8175
3658.1500 3701.6260
3737.6750 3729.3400
3817.2000 3752.8308
3896.7250 3787.5412
