VARIABLES = "Lag Time" "MSD"
ZONE T = "MPC 415"
0.0000 0.0000
79.5250 24.2597
159.0500 25.2683
238.5750 26.0537
318.1000 26.9604
397.6250 27.3233
477.1500 27.3530
556.6750 28.3471
636.2000 28.6119
715.7250 29.3586
795.2500 28.9636
874.7750 29.6418
954.3000 30.7066
1033.8250 30.9602
1113.3500 31.1497
1192.8750 31.3953
1272.4000 32.5575
1351.9250 31.9706
1431.4500 32.2567
1510.9750 32.7765
1590.5000 33.2126
1670.0250 33.3874
1749.5500 33.9749
1829.0750 34.5050
1908.6000 33.9411
1988.1250 35.3908
2067.6500 35.4878
2147.1750 36.6271
2226.7000 35.5265
2306.2250 36.0718
2385.7500 36.2713
2465.2750 36.9992
2544.8000 37.2775
2624.3250 37.7927
2703.8500 37.4440
2783.3750 37.3705
2862.9000 38.5480
2942.4250 38.2943
3021.9500 38.2670
3101.4750 38.4897
3181.0000 38.5554
3260.5250 38.8491
3340.0500 39.0277
3419.5750 38.8831
3499.1000 39.5044
3578.6250 40.2496
3658.1500 39.5091
3737.6750 40.6362
3817.2000 40.0410
3896.7250 39.6502
