VARIABLES = "Lag Time" "MSD"
ZONE T = "MPC 413"
0.0000 0.0000
79.5250 24.9614
159.0500 25.9162
238.5750 27.4187
318.1000 27.3640
397.6250 28.3176
477.1500 28.7028
556.6750 28.8249
636.2000 29.0916
715.7250 29.3402
795.2500 30.3665
874.7750 30.6620
954.3000 30.7709
1033.8250 31.0028
1113.3500 30.6199
1192.8750 32.2603
1272.4000 32.4466
1351.9250 32.3347
1431.4500 33.0089
1510.9750 32.1887
1590.5000 33.3664
1670.0250 33.2439
1749.5500 33.5975
1829.0750 33.8850
1908.6000 33.4452
1988.1250 34.1349
2067.6500 34.6704
2147.1750 34.9339
2226.7000 34.7115
2306.2250 34.7064
2385.7500 35.2782
2465.2750 35.0458
2544.8000 35.3591
2624.3250 34.8743
2703.8500 35.8560
2783.3750 35.6839
2862.9000 36.1227
2942.4250 35.9091
3021.9500 36.5696
3101.4750 36.2874
3181.0000 36.6272
3260.5250 36.2546
3340.0500 36.4297
3419.5750 37.1234
3499.1000 35.7493
3578.6250 37.1276
3658.1500 37.4992
3737.6750 37.1421
3817.2000 36.8578
3896.7250 37.7036
