VARIABLES = "Lag Time" "MSD"
ZONE T = "MPC 401"
0.0000 0.0000
79.5250 25.0692
159.0500 26.2878
238.5750 26.1712
318.1000 26.0698
397.6250 27.2864
477.1500 27.5954
556.6750 29.5829
636.2000 28.6615
715.7250 29.9330
795.2500 30.1736
874.7750 30.3352
954.3000 30.7666
1033.8250 30.8135
1113.3500 31.3190
1192.8750 32.0712
1272.4000 32.0404
1351.9250 32.1390
1431.4500 32.3211
1510.9750 32.9266
1590.5000 33.0510
1670.0250 33.1974
1749.5500 33.2396
1829.0750 33.9028
1908.6000 33.8415
1988.1250 34.2600
2067.6500 34.2424
2147.1750 34.5793
2226.7000 35.1681
2306.2250 35.6254
2385.7500 35.3826
2465.2750 35.2118
2544.8000 36.2497
2624.3250 36.3481
2703.8500 36.7945
2783.3750 36.9847
2862.9000 37.1368
2942.4250 37.6051
3021.9500 38.4037
3101.4750 39.0319
3181.0000 38.6026
3260.5250 38.8923
3340.0500 39.5039
3419.5750 38.8094
3499.1000 39.3288
3578.6250 39.7568
3658.1500 40.2655
3737.6750 40.5829
3817.2000 40.9692
3896.7250 40.8648
