VARIABLES = "Lag Time" "MSD"
ZONE T = "MPC 431"
0.0000 0.0000
79.5250 23.5492
159.0500 24.8921
238.5750 25.1215
318.1000 25.6726
397.6250 26.1772
477.1500 26.0125
556.6750 27.2379
636.2000 26.9117
715.7250 27.1777
795.2500 27.9935
874.7750 28.6206
954.3000 29.7076
1033.8250 29.2007
1113.3500 29.1530
1192.8750 30.2048
1272.4000 30.6970
1351.9250 31.2285
1431.4500 31.3533
1510.9750 31.6795
1590.5000 32.3778
1670.0250 32.4831
1749.5500 33.1346
1829.0750 33.2591
1908.6000 33.5611
1988.1250 33.6343
2067.6500 34.0057
2147.1750 33.6020
2226.7000 34.1601
2306.2250 35.0306
2385.7500 35.0723
2465.2750 35.1054
2544.8000 35.4032
2624.3250 35.4003
2703.8500 35.8169
2783.3750 35.7036
2862.9000 36.2534
2942.4250 36.5160
3021.9500 37.0540
3101.4750 37.7717
3181.0000 37.7950
3260.5250 37.4405
3340.0500 38.0256
3419.5750 37.9962
3499.1000 38.4533
3578.6250 39.2251
3658.1500 38.6700
3737.6750 39.0603
3817.2000 39.8195
3896.7250 39.4485
