VARIABLES = "Lag Time" "MSD"
ZONE T = "MPC 478"
0.0000 0.0000
79.5250 20.9661
159.0500 22.0863
238.5750 22.9166
318.1000 23.2831
397.6250 23.7161
477.1500 23.6733
556.6750 24.4625
636.2000 24.4673
715.7250 25.3715
795.2500 25.8587
874.7750 26.2891
954.3000 26.2226
1033.8250 26.3851
1113.3500 26.8526
1192.8750 26.7967
1272.4000 27.1806
1351.9250 27.9151
1431.4500 28.6343
1510.9750 27.8914
1590.5000 27.8592
1670.0250 28.7687
1749.5500 28.5892
1829.0750 29.4179
1908.6000 29.3757
1988.1250 29.3000
2067.6500 30.0780
2147.1750 29.8599
2226.7000 29.6957
2306.2250 29.9308
2385.7500 30.1561
2465.2750 30.9561
2544.8000 30.5953
2624.3250 30.7517
2703.8500 31.0195
2783.3750 31.3752
2862.9000 31.0986
2942.4250 30.7901
3021.9500 31.1406
3101.4750 31.3375
3181.0000 31.7950
3260.5250 31.4363
3340.0500 31.9876
3419.5750 32.3862
3499.1000 32.1319
3578.6250 32.7585
3658.1500 32.8435
3737.6750 33.2173
3817.2000 33.1557
3896.7250 32.9109
