VARIABLES = "Lag Time" "MSD"
ZONE T = "MPC 43"
0.0000 0.0000
79.5250 172.5394
159.0500 338.9652
238.5750 491.6393
318.1000 638.8847
397.6250 786.0121
477.1500 923.1954
556.6750 1059.3637
636.2000 1191.3439
715.7250 1317.3042
795.2500 1437.3250
874.7750 1557.9843
954.3000 1672.0082
1033.8250 1772.9215
1113.3500 1873.5432
1192.8750 1972.6469
1272.4000 2071.5122
1351.9250 2159.8082
1431.4500 2251.5129
1510.9750 2340.8840
1590.5000 2422.0330
1670.0250 2504.8644
1749.5500 2586.3710
1829.0750 2663.4131
1908.6000 2740.0945
1988.1250 2818.3795
2067.6500 2901.3694
2147.1750 2983.5378
2226.7000 3064.2802
2306.2250 3141.4574
2385.7500 3215.8639
2465.2750 3277.5689
2544.8000 3345.5704
2624.3250 3408.8036
2703.8500 3470.9459
2783.3750 3532.8293
2862.9000 3597.0474
2942.4250 3657.9026
3021.9500 3717.0873
3101.4750 3770.3799
3181.0000 3826.9502
3260.5250 3891.8155
3340.0500 3954.0948
3419.5750 4011.8303
3499.1000 4062.1362
3578.6250 4113.0435
3658.1500 4169.2183
3737.6750 4230.9058
3817.2000 4289.8346
3896.7250 4344.8855
