VARIABLES = "Lag Time" "MSD"
ZONE T = "MPC 430"
0.0000 0.0000
79.5250 23.8561
159.0500 25.4138
238.5750 26.1631
318.1000 26.5735
397.6250 27.2386
477.1500 27.6654
556.6750 27.9830
636.2000 28.2478
715.7250 28.8989
795.2500 29.9908
874.7750 29.5303
954.3000 29.7032
1033.8250 31.0867
1113.3500 31.2083
1192.8750 31.6550
1272.4000 31.6325
1351.9250 31.8577
1431.4500 32.3604
1510.9750 32.6578
1590.5000 33.2017
1670.0250 33.0367
1749.5500 33.9556
1829.0750 33.6110
1908.6000 33.6554
1988.1250 33.8019
2067.6500 34.6601
2147.1750 34.8801
2226.7000 35.4363
2306.2250 35.6265
2385.7500 34.9692
2465.2750 35.9251
2544.8000 36.1462
2624.3250 36.0272
2703.8500 36.7038
2783.3750 36.5843
2862.9000 37.0610
2942.4250 37.1570
3021.9500 36.6910
3101.4750 37.1424
3181.0000 38.4508
3260.5250 37.7487
3340.0500 37.0005
3419.5750 37.5977
3499.1000 38.0165
3578.6250 38.1957
3658.1500 38.9605
3737.6750 38.5055
3817.2000 38.4785
3896.7250 38.6318
