VARIABLES = "Lag Time" "MSD"
ZONE T = "MPC 425"
0.0000 0.0000
79.5250 25.5182
159.0500 26.6544
238.5750 26.8784
318.1000 27.8105
397.6250 27.7750
477.1500 28.0019
556.6750 28.3402
636.2000 29.0519
715.7250 28.9912
795.2500 29.7267
874.7750 29.4994
954.3000 30.0529
1033.8250 29.9009
1113.3500 30.6967
1192.8750 30.6634
1272.4000 30.4318
1351.9250 30.9628
1431.4500 31.1480
1510.9750 31.1096
1590.5000 31.6374
1670.0250 32.2391
1749.5500 31.9830
1829.0750 33.1277
1908.6000 32.7729
1988.1250 33.4933
2067.6500 33.2511
2147.1750 33.5704
2226.7000 33.4248
2306.2250 33.9837
2385.7500 34.6620
2465.2750 34.5303
2544.8000 34.9724
2624.3250 35.0213
2703.8500 35.0884
2783.3750 35.5042
2862.9000 35.8461
2942.4250 36.4010
3021.9500 36.2456
3101.4750 36.3434
3181.0000 37.1265
3260.5250 36.8402
3340.0500 37.6267
3419.5750 37.4623
3499.1000 37.5043
3578.6250 36.6650
3658.1500 37.0604
3737.6750 37.8883
3817.2000 37.9751
3896.7250 38.5570
