VARIABLES = "Lag Time" "MSD"
ZONE T = "MPC 416"
0.0000 0.0000
79.5250 24.3182
159.0500 25.0479
238.5750 26.4056
318.1000 26.7438
397.6250 27.7138
477.1500 28.7163
556.6750 29.0296
636.2000 29.3174
715.7250 29.4985
795.2500 30.0654
874.7750 30.9328
954.3000 31.1755
1033.8250 31.7204
1113.3500 32.4376
1192.8750 33.9947
1272.4000 34.6718
1351.9250 34.6746
1431.4500 35.5431
1510.9750 35.4213
1590.5000 35.9323
1670.0250 36.8911
1749.5500 37.0406
1829.0750 37.5861
1908.6000 38.4728
1988.1250 38.3305
2067.6500 39.1871
2147.1750 39.5287
2226.7000 40.2748
2306.2250 39.8200
2385.7500 40.8522
2465.2750 41.1997
2544.8000 41.2919
2624.3250 41.7545
2703.8500 42.4879
2783.3750 42.3763
2862.9000 43.6657
2942.4250 43.6684
3021.9500 43.8953
3101.4750 43.9394
3181.0000 44.6907
3260.5250 44.4662
3340.0500 45.6272
3419.5750 45.7467
3499.1000 46.1785
3578.6250 46.8360
3658.1500 45.9397
3737.6750 46.8804
3817.2000 47.0200
3896.7250 47.2885
