VARIABLES = "Lag Time" "MSD"
ZONE T = "MPC 418"
0.0000 0.0000
79.5250 24.7994
159.0500 25.5406
238.5750 26.5807
318.1000 27.0813
397.6250 27.2083
477.1500 27.5064
556.6750 27.6082
636.2000 28.0140
715.7250 28.2323
795.2500 29.6680
874.7750 29.6888
954.3000 29.8500
1033.8250 30.4525
1113.3500 31.3404
1192.8750 30.9935
1272.4000 31.1287
1351.9250 31.2108
1431.4500 31.9131
1510.9750 32.2630
1590.5000 32.9420
1670.0250 32.9746
1749.5500 33.0063
1829.0750 32.6355
1908.6000 33.0748
1988.1250 33.4914
2067.6500 33.7040
2147.1750 33.3419
2226.7000 33.3767
2306.2250 33.8293
2385.7500 33.8486
2465.2750 34.3564
2544.8000 34.0924
2624.3250 34.3652
2703.8500 34.2674
2783.3750 34.2086
2862.9000 34.9108
2942.4250 35.3103
3021.9500 35.2217
3101.4750 35.6892
3181.0000 36.2381
3260.5250 35.8337
3340.0500 35.6854
3419.5750 35.5887
3499.1000 36.4139
3578.6250 36.8165
3658.1500 36.8860
3737.6750 36.8302
3817.2000 37.0143
3896.7250 37.1468
