VARIABLES = "Lag Time" "MSD"
ZONE T = "MPC 549"
0.0000 0.0000
79.5250 16.8576
159.0500 17.4854
238.5750 17.7914
318.1000 18.1706
397.6250 18.2162
477.1500 18.5334
556.6750 18.7415
636.2000 19.5891
715.7250 19.3055
795.2500 19.4927
874.7750 19.8195
954.3000 20.0346
1033.8250 20.6494
1113.3500 20.2472
1192.8750 20.6723
1272.4000 20.6885
1351.9250 20.6921
1431.4500 21.0307
1510.9750 21.0512
1590.5000 21.1865
1670.0250 21.4832
1749.5500 21.9323
1829.0750 21.7812
1908.6000 22.1005
1988.1250 22.0432
2067.6500 22.0228
2147.1750 22.1364
2226.7000 22.4433
2306.2250 22.4236
2385.7500 22.6857
2465.2750 22.7373
2544.8000 22.9585
2624.3250 22.9503
2703.8500 23.3371
2783.3750 23.4925
2862.9000 23.1135
2942.4250 23.3495
3021.9500 23.7319
3101.4750 23.3943
3181.0000 23.4709
3260.5250 23.6166
3340.0500 24.1506
3419.5750 24.2313
3499.1000 23.7344
3578.6250 23.8574
3658.1500 23.9355
3737.6750 24.2484
3817.2000 24.4071
3896.7250 23.5294
