VARIABLES = "Lag Time" "MSD"
ZONE T = "MPC 540"
0.0000 0.0000
79.5250 17.5465
159.0500 17.4324
238.5750 18.0879
318.1000 18.4754
397.6250 18.9348
477.1500 19.2497
556.6750 19.3245
636.2000 20.1056
715.7250 20.4651
795.2500 20.7990
874.7750 20.5663
954.3000 20.6347
1033.8250 21.2637
1113.3500 21.6217
1192.8750 21.4879
1272.4000 21.8098
1351.9250 21.7766
1431.4500 22.2915
1510.9750 22.4188
1590.5000 22.5653
1670.0250 23.2317
1749.5500 23.0108
1829.0750 23.6427
1908.6000 23.5927
1988.1250 23.9279
2067.6500 23.9689
2147.1750 24.1458
2226.7000 24.6965
2306.2250 24.4669
2385.7500 24.9790
2465.2750 25.0316
2544.8000 25.4281
2624.3250 25.4799
2703.8500 25.6290
2783.3750 25.3971
2862.9000 25.2309
2942.4250 25.3609
3021.9500 25.6924
3101.4750 25.8213
3181.0000 25.8687
3260.5250 26.4918
3340.0500 26.1207
3419.5750 26.3103
3499.1000 26.2404
3578.6250 26.7330
3658.1500 26.7589
3737.6750 27.1478
3817.2000 27.2384
3896.7250 27.5174
