VARIABLES = "Lag Time" "MSD"
ZONE T = "MPC 520"
0.0000 0.0000
79.5250 19.8419
159.0500 19.7042
238.5750 20.6398
318.1000 20.7088
397.6250 20.9580
477.1500 21.3076
556.6750 21.6427
636.2000 21.6394
715.7250 21.6257
795.2500 22.3518
874.7750 22.6343
954.3000 22.8272
1033.8250 23.0014
1113.3500 23.8110
1192.8750 23.8737
1272.4000 23.8058
1351.9250 24.0023
1431.4500 24.0928
1510.9750 24.8094
1590.5000 25.5061
1670.0250 25.1124
1749.5500 25.0197
1829.0750 25.6625
1908.6000 25.7228
1988.1250 25.7346
2067.6500 25.5980
2147.1750 25.9074
2226.7000 26.3812
2306.2250 26.8365
2385.7500 26.5389
2465.2750 27.0470
2544.8000 27.1132
2624.3250 27.1993
2703.8500 27.2253
2783.3750 27.6941
2862.9000 27.6943
2942.4250 27.4916
3021.9500 27.6895
3101.4750 27.6036
3181.0000 27.8777
3260.5250 27.8817
3340.0500 27.8525
3419.5750 28.2352
3499.1000 28.1780
3578.6250 28.4354
3658.1500 28.5060
3737.6750 28.2729
3817.2000 28.0812
3896.7250 27.8165
