VARIABLES = "Lag Time" "MSD"
ZONE T = "MPC 501"
0.0000 0.0000
79.5250 20.4347
159.0500 20.8596
238.5750 21.6522
318.1000 22.0751
397.6250 22.3744
477.1500 22.6611
556.6750 23.2784
636.2000 23.7895
715.7250 23.7946
795.2500 24.9542
874.7750 24.4245
954.3000 24.6715
1033.8250 25.2220
1113.3500 25.2669
1192.8750 26.3631
1272.4000 26.0040
1351.9250 26.5201
1431.4500 26.5662
1510.9750 27.1850
1590.5000 26.9772
1670.0250 27.7053
1749.5500 27.9664
1829.0750 28.7337
1908.6000 28.8074
1988.1250 28.7967
2067.6500 28.4940
2147.1750 29.1268
2226.7000 30.2899
2306.2250 29.9254
2385.7500 30.2943
2465.2750 30.6274
2544.8000 30.5069
2624.3250 31.0371
2703.8500 31.3002
2783.3750 31.6431
2862.9000 32.1107
2942.4250 31.7873
3021.9500 31.8570
3101.4750 32.0789
3181.0000 32.1363
3260.5250 32.4053
3340.0500 32.8622
3419.5750 33.3713
3499.1000 33.3557
3578.6250 33.0197
3658.1500 33.2791
3737.6750 33.5278
3817.2000 33.5945
3896.7250 33.5709
