VARIABLES = "Lag Time" "MSD"
ZONE T = "MPC 58"
0.0000 0.0000
79.5250 102.0048
159.0500 140.9786
238.5750 158.1913
318.1000 171.1653
397.6250 180.3697
477.1500 190.5284
556.6750 194.1668
636.2000 200.0600
715.7250 204.9733
795.2500 209.6587
874.7750 212.8359
954.3000 219.6844
1033.8250 219.7143
1113.3500 224.6891
1192.8750 226.6106
1272.4000 232.0938
1351.9250 236.2155
1431.4500 235.0708
1510.9750 241.1578
1590.5000 246.5600
1670.0250 248.0008
1749.5500 252.4973
1829.0750 255.6154
1908.6000 259.3569
1988.1250 262.7665
2067.6500 268.2141
2147.1750 275.9662
2226.7000 277.7242
2306.2250 279.4281
2385.7500 283.2246
2465.2750 284.6727
2544.8000 287.5276
2624.3250 288.5406
2703.8500 293.1392
2783.3750 299.9659
2862.9000 303.0965
2942.4250 307.1032
3021.9500 312.0948
3101.4750 314.2719
3181.0000 318.4244
3260.5250 321.1502
3340.0500 322.9391
3419.5750 326.5022
3499.1000 331.5392
3578.6250 338.5466
3658.1500 340.6071
3737.6750 343.0967
3817.2000 345.0079
3896.7250 346.4455
