VARIABLES = "Lag Time" "MSD"
ZONE T = "MPC 59"
0.0000 0.0000
79.5250 131.0118
159.0500 175.0923
238.5750 201.0315
318.1000 217.4242
397.6250 231.0290
477.1500 240.6067
556.6750 246.8379
636.2000 251.5780
715.7250 256.1171
795.2500 262.6221
874.7750 271.2330
954.3000 277.3713
1033.8250 279.8976
1113.3500 280.8633
1192.8750 285.0869
1272.4000 289.2651
1351.9250 294.4059
1431.4500 303.4335
1510.9750 308.1404
1590.5000 313.9789
1670.0250 315.7747
1749.5500 323.2699
1829.0750 321.1874
1908.6000 324.9415
1988.1250 326.4872
2067.6500 325.7260
2147.1750 333.0308
2226.7000 334.5450
2306.2250 333.1606
2385.7500 336.3607
2465.2750 338.7752
2544.8000 345.0459
2624.3250 347.9929
2703.8500 351.1437
2783.3750 350.8608
2862.9000 358.6124
2942.4250 363.5480
3021.9500 367.1918
3101.4750 368.7406
3181.0000 376.1216
3260.5250 379.7335
3340.0500 378.3064
3419.5750 382.8760
3499.1000 385.9449
3578.6250 386.6272
3658.1500 387.9896
3737.6750 390.9908
3817.2000 400.0929
3896.7250 399.3972
