VARIABLES = "Lag Time" "MSD"
ZONE T = "MPC 514"
0.0000 0.0000
79.5250 17.8757
159.0500 18.6099
238.5750 19.2864
318.1000 20.2567
397.6250 20.4777
477.1500 21.1581
556.6750 21.9256
636.2000 22.2595
715.7250 23.1508
795.2500 23.6607
874.7750 23.7662
954.3000 24.4768
1033.8250 25.1796
1113.3500 25.0621
1192.8750 25.3612
1272.4000 25.7981
1351.9250 26.4449
1431.4500 26.6482
1510.9750 26.8426
1590.5000 27.8214
1670.0250 27.9555
1749.5500 28.5872
1829.0750 28.5459
1908.6000 28.4745
1988.1250 28.7028
2067.6500 29.2190
2147.1750 29.6441
2226.7000 30.2072
2306.2250 30.4301
2385.7500 30.5707
2465.2750 30.9850
2544.8000 31.1986
2624.3250 31.4759
2703.8500 31.9500
2783.3750 31.9495
2862.9000 31.8994
2942.4250 32.3865
3021.9500 32.6553
3101.4750 33.4177
3181.0000 33.6523
3260.5250 33.6372
3340.0500 34.3850
3419.5750 34.3238
3499.1000 34.9492
3578.6250 35.1935
3658.1500 35.8762
3737.6750 35.5569
3817.2000 35.9550
3896.7250 36.5263
