VARIABLES = "Lag Time" "MSD"
ZONE T = "MPC 595"
0.0000 0.0000
79.5250 15.4060
159.0500 16.0030
238.5750 16.3722
318.1000 16.1627
397.6250 16.2729
477.1500 16.8704
556.6750 16.6327
636.2000 16.7230
715.7250 16.9687
795.2500 17.2508
874.7750 17.0074
954.3000 17.0835
1033.8250 16.8739
1113.3500 17.6159
1192.8750 17.4501
1272.4000 17.6437
1351.9250 17.5198
1431.4500 17.6948
1510.9750 18.0128
1590.5000 17.7020
1670.0250 18.3007
1749.5500 18.2119
1829.0750 18.2041
1908.6000 17.8234
1988.1250 18.1574
2067.6500 18.4107
2147.1750 17.9840
2226.7000 18.2547
2306.2250 18.1154
2385.7500 18.1837
2465.2750 18.4199
2544.8000 18.7777
2624.3250 19.1328
2703.8500 18.7914
2783.3750 18.9395
2862.9000 19.1414
2942.4250 19.0655
3021.9500 18.9443
3101.4750 18.8815
3181.0000 19.4619
3260.5250 19.6281
3340.0500 19.8711
3419.5750 19.4151
3499.1000 19.4604
3578.6250 19.7988
3658.1500 20.0072
3737.6750 19.5552
3817.2000 19.7039
3896.7250 19.5910
