VARIABLES = "Lag Time" "MSD"
ZONE T = "MPC 558"
0.0000 0.0000
79.5250 16.1844
159.0500 16.4617
238.5750 16.8933
318.1000 17.4592
397.6250 17.4774
477.1500 17.8553
556.6750 18.3176
636.2000 19.1461
715.7250 19.0436
795.2500 19.3739
874.7750 19.4059
954.3000 19.3451
1033.8250 19.4979
1113.3500 19.6910
1192.8750 19.8985
1272.4000 20.1457
1351.9250 20.2315
1431.4500 20.3974
1510.9750 20.1659
1590.5000 21.0520
1670.0250 20.6907
1749.5500 21.1291
1829.0750 21.0097
1908.6000 20.8863
1988.1250 21.3867
2067.6500 21.7717
2147.1750 21.3252
2226.7000 22.1678
2306.2250 22.3703
2385.7500 22.1109
2465.2750 22.8063
2544.8000 22.3722
2624.3250 22.3947
2703.8500 22.7536
2783.3750 22.9463
2862.9000 22.7293
2942.4250 22.8056
3021.9500 22.6234
3101.4750 23.0964
3181.0000 23.3834
3260.5250 23.3497
3340.0500 23.2433
3419.5750 23.6648
3499.1000 24.0326
3578.6250 23.8831
3658.1500 23.5542
3737.6750 23.7776
3817.2000 24.1126
3896.7250 23.7863
