VARIABLES = "Lag Time" "MSD"
ZONE T = "MPC 579"
0.0000 0.0000
79.5250 15.7824
159.0500 16.7402
238.5750 17.0254
318.1000 17.1238
397.6250 17.2391
477.1500 16.9888
556.6750 17.8259
636.2000 17.7395
715.7250 18.2130
795.2500 18.2770
874.7750 18.4466
954.3000 18.8082
1033.8250 18.8595
1113.3500 19.0923
1192.8750 19.0990
1272.4000 19.2254
1351.9250 19.5324
1431.4500 19.5025
1510.9750 19.1693
1590.5000 19.6778
1670.0250 19.9474
1749.5500 19.5928
1829.0750 19.9758
1908.6000 20.1577
1988.1250 19.8481
2067.6500 20.3633
2147.1750 20.3528
2226.7000 20.4384
2306.2250 20.3530
2385.7500 20.1415
2465.2750 20.5245
2544.8000 21.0008
2624.3250 20.7393
2703.8500 20.4143
2783.3750 20.7140
2862.9000 20.8510
2942.4250 20.9939
3021.9500 20.9233
3101.4750 21.2992
3181.0000 21.0711
3260.5250 21.1573
3340.0500 21.1369
3419.5750 21.3290
3499.1000 21.4542
3578.6250 21.7420
3658.1500 21.5785
3737.6750 21.6391
3817.2000 21.4759
3896.7250 21.7955
