VARIABLES = "Lag Time" "MSD"
ZONE T = "MPC 52"
0.0000 0.0000
79.5250 60.8137
159.0500 71.8351
238.5750 77.1596
318.1000 83.0931
397.6250 87.6082
477.1500 91.1060
556.6750 95.5096
636.2000 100.7120
715.7250 103.5659
795.2500 106.9336
874.7750 111.5626
954.3000 113.4710
1033.8250 117.9649
1113.3500 119.3354
1192.8750 122.0791
1272.4000 126.3933
1351.9250 127.5137
1431.4500 131.7668
1510.9750 134.7026
1590.5000 137.9008
1670.0250 138.6694
1749.5500 142.8476
1829.0750 146.8419
1908.6000 148.3296
1988.1250 154.2563
2067.6500 155.4211
2147.1750 158.2601
2226.7000 161.7678
2306.2250 163.6851
2385.7500 167.2225
2465.2750 169.3795
2544.8000 170.9354
2624.3250 174.8348
2703.8500 176.5069
2783.3750 180.1893
2862.9000 181.3832
2942.4250 185.1168
3021.9500 186.2049
3101.4750 189.6938
3181.0000 193.4305
3260.5250 192.5711
3340.0500 197.0536
3419.5750 197.7324
3499.1000 201.3447
3578.6250 202.8500
3658.1500 205.5544
3737.6750 209.6385
3817.2000 209.7482
3896.7250 213.5724
