VARIABLES = "Lag Time" "MSD"
ZONE T = "MPC 513"
0.0000 0.0000
79.5250 19.6966
159.0500 21.1326
238.5750 20.9397
318.1000 21.4792
397.6250 21.1188
477.1500 21.1383
556.6750 21.7472
636.2000 21.5222
715.7250 21.7244
795.2500 21.9286
874.7750 21.7748
954.3000 22.5036
1033.8250 22.0021
1113.3500 22.1542
1192.8750 22.4055
1272.4000 22.8195
1351.9250 22.9571
1431.4500 23.3325
1510.9750 23.2385
1590.5000 22.9897
1670.0250 23.7361
1749.5500 23.8688
1829.0750 23.8714
1908.6000 24.0177
1988.1250 23.4674
2067.6500 23.7534
2147.1750 24.0497
2226.7000 24.1211
2306.2250 24.8005
2385.7500 24.4238
2465.2750 24.3759
2544.8000 24.6618
2624.3250 25.0858
2703.8500 24.9187
2783.3750 25.4539
2862.9000 25.2019
2942.4250 25.0972
3021.9500 25.8023
3101.4750 25.8028
3181.0000 25.6333
3260.5250 25.6918
3340.0500 25.7876
3419.5750 25.9519
3499.1000 25.7918
3578.6250 25.8919
3658.1500 26.0249
3737.6750 26.1142
3817.2000 26.4922
3896.7250 26.2427
