VARIABLES = "Lag Time" "MSD"
ZONE T = "MPC 518"
0.0000 0.0000
79.5250 18.3796
159.0500 19.1670
238.5750 19.9130
318.1000 19.5839
397.6250 20.7429
477.1500 20.8186
556.6750 20.7757
636.2000 21.0909
715.7250 21.0005
795.2500 21.7534
874.7750 21.9663
954.3000 22.4339
1033.8250 22.4748
1113.3500 22.6676
1192.8750 22.7972
1272.4000 22.8838
1351.9250 23.0325
1431.4500 22.9744
1510.9750 23.3060
1590.5000 23.8841
1670.0250 24.1553
1749.5500 23.9902
1829.0750 23.8876
1908.6000 24.5853
1988.1250 24.6474
2067.6500 24.3531
2147.1750 24.2769
2226.7000 24.7957
2306.2250 24.4209
2385.7500 24.9991
2465.2750 25.2144
2544.8000 25.0440
2624.3250 25.1480
2703.8500 25.0217
2783.3750 25.6494
2862.9000 25.3738
2942.4250 25.5216
3021.9500 25.4642
3101.4750 25.9851
3181.0000 25.8489
3260.5250 26.3352
3340.0500 26.1487
3419.5750 26.1566
3499.1000 26.0892
3578.6250 26.2739
3658.1500 26.5099
3737.6750 26.6240
3817.2000 26.5623
3896.7250 26.1171
