VARIABLES = "Lag Time" "MSD"
ZONE T = "MPC 503"
0.0000 0.0000
79.5250 18.7077
159.0500 18.9362
238.5750 19.8868
318.1000 19.8675
397.6250 20.6491
477.1500 20.5706
556.6750 20.8828
636.2000 21.4829
715.7250 21.8434
795.2500 22.2257
874.7750 21.9281
954.3000 22.9190
1033.8250 22.7560
1113.3500 23.4276
1192.8750 23.6268
1272.4000 23.6030
1351.9250 23.7401
1431.4500 24.6856
1510.9750 24.5825
1590.5000 24.5750
1670.0250 24.4189
1749.5500 25.1774
1829.0750 25.4987
1908.6000 25.3358
1988.1250 25.3390
2067.6500 25.7972
2147.1750 25.3206
2226.7000 26.1042
2306.2250 26.2443
2385.7500 26.5427
2465.2750 26.6142
2544.8000 26.5383
2624.3250 26.9963
2703.8500 26.8363
2783.3750 27.4769
2862.9000 27.8907
2942.4250 27.1128
3021.9500 27.4881
3101.4750 27.8118
3181.0000 27.6873
3260.5250 28.1044
3340.0500 28.2410
3419.5750 28.2004
3499.1000 28.3096
3578.6250 28.2087
3658.1500 29.4010
3737.6750 29.4615
3817.2000 29.5788
3896.7250 29.2866
