VARIABLES = "Lag Time" "MSD"
ZONE T = "MPC 566"
0.0000 0.0000
79.5250 16.4900
159.0500 17.0658
238.5750 17.3032
318.1000 17.5491
397.6250 17.7501
477.1500 17.7832
556.6750 17.9867
636.2000 18.0664
715.7250 18.1253
795.2500 18.5551
874.7750 18.3666
954.3000 18.6676
1033.8250 18.6763
1113.3500 18.6622
1192.8750 18.6042
1272.4000 18.9740
1351.9250 18.5789
1431.4500 18.7543
1510.9750 18.9311
1590.5000 18.9469
1670.0250 19.0100
1749.5500 19.0483
1829.0750 19.2078
1908.6000 19.2654
1988.1250 19.2142
2067.6500 19.2772
2147.1750 19.4089
2226.7000 19.3744
2306.2250 19.4420
2385.7500 19.0595
2465.2750 19.7799
2544.8000 19.1492
2624.3250 19.5272
2703.8500 19.5338
2783.3750 19.2219
2862.9000 19.5654
2942.4250 19.5000
3021.9500 19.8342
3101.4750 19.5240
3181.0000 19.4817
3260.5250 19.6440
3340.0500 19.7075
3419.5750 20.0474
3499.1000 19.6132
3578.6250 19.8429
3658.1500 19.7114
3737.6750 20.2115
3817.2000 20.0510
3896.7250 19.9113
