VARIABLES = "Lag Time" "MSD"
ZONE T = "MPC 575"
0.0000 0.0000
79.5250 14.8669
159.0500 15.9343
238.5750 16.2734
318.1000 16.5059
397.6250 16.5191
477.1500 16.7418
556.6750 17.1684
636.2000 17.2360
715.7250 17.1517
795.2500 17.3404
874.7750 17.5844
954.3000 17.7878
1033.8250 17.6156
1113.3500 17.9168
1192.8750 18.1121
1272.4000 18.0486
1351.9250 18.2339
1431.4500 18.3223
1510.9750 18.1809
1590.5000 18.6623
1670.0250 18.3731
1749.5500 18.6950
1829.0750 18.9898
1908.6000 18.8745
1988.1250 18.9387
2067.6500 18.5968
2147.1750 19.0365
2226.7000 19.4434
2306.2250 19.2427
2385.7500 19.0771
2465.2750 19.5913
2544.8000 19.5125
2624.3250 19.5886
2703.8500 19.8604
2783.3750 19.4554
2862.9000 19.5652
2942.4250 19.8019
3021.9500 19.8025
3101.4750 19.8363
3181.0000 19.8728
3260.5250 19.9134
3340.0500 20.0418
3419.5750 20.0280
3499.1000 20.1974
3578.6250 20.1074
3658.1500 20.5797
3737.6750 20.6765
3817.2000 20.2201
3896.7250 20.4377
