VARIABLES = "Lag Time" "MSD"
ZONE T = "MPC 532"
0.0000 0.0000
79.5250 18.1368
159.0500 19.3446
238.5750 19.8303
318.1000 19.4062
397.6250 19.6016
477.1500 19.8766
556.6750 19.8479
636.2000 20.1434
715.7250 20.0072
795.2500 20.8043
874.7750 20.4858
954.3000 21.0750
1033.8250 20.5723
1113.3500 20.8808
1192.8750 20.9861
1272.4000 20.8905
1351.9250 21.5409
1431.4500 21.9304
1510.9750 21.6032
1590.5000 22.3323
1670.0250 21.8588
1749.5500 21.9869
1829.0750 22.1398
1908.6000 22.1237
1988.1250 22.6840
2067.6500 22.7630
2147.1750 22.4657
2226.7000 22.6050
2306.2250 22.6610
2385.7500 22.6241
2465.2750 22.4746
2544.8000 23.2264
2624.3250 22.7021
2703.8500 23.5011
2783.3750 23.6287
2862.9000 23.3334
2942.4250 23.3565
3021.9500 23.8782
3101.4750 23.5358
3181.0000 23.3971
3260.5250 23.2699
3340.0500 24.1921
3419.5750 24.2259
3499.1000 24.2037
3578.6250 23.9927
3658.1500 24.0889
3737.6750 24.1571
3817.2000 24.0475
3896.7250 24.4102
