VARIABLES = "Lag Time" "MSD"
ZONE T = "MPC 582"
0.0000 0.0000
79.5250 16.0682
159.0500 16.3033
238.5750 16.9710
318.1000 17.0456
397.6250 17.5855
477.1500 17.6653
556.6750 17.8243
636.2000 17.8614
715.7250 17.8335
795.2500 18.5623
874.7750 18.5701
954.3000 18.9520
1033.8250 18.9958
1113.3500 18.9705
1192.8750 19.4851
1272.4000 19.5709
1351.9250 19.6617
1431.4500 20.1913
1510.9750 20.4668
1590.5000 20.5960
1670.0250 20.4086
1749.5500 20.8105
1829.0750 20.9275
1908.6000 20.6249
1988.1250 20.6489
2067.6500 21.3321
2147.1750 21.0769
2226.7000 20.6943
2306.2250 21.4415
2385.7500 21.2407
2465.2750 21.4942
2544.8000 21.7683
2624.3250 21.5830
2703.8500 21.8772
2783.3750 21.9557
2862.9000 22.2140
2942.4250 22.1423
3021.9500 22.3778
3101.4750 22.1480
3181.0000 22.2342
3260.5250 21.9493
3340.0500 22.4135
3419.5750 22.6174
3499.1000 22.4444
3578.6250 22.5118
3658.1500 23.1895
3737.6750 23.0060
3817.2000 22.8420
3896.7250 23.2132
