VARIABLES = "Lag Time" "MSD"
ZONE T = "MPC 56"
0.0000 0.0000
79.5250 283.1461
159.0500 351.5619
238.5750 411.8725
318.1000 464.4425
397.6250 503.9305
477.1500 548.3035
556.6750 592.3167
636.2000 638.3137
715.7250 677.2556
795.2500 715.7126
874.7750 758.7600
954.3000 790.0674
1033.8250 824.4301
1113.3500 856.2894
1192.8750 897.1132
1272.4000 934.0287
1351.9250 971.1722
1431.4500 1002.2080
1510.9750 1038.1680
1590.5000 1071.0944
1670.0250 1090.6539
1749.5500 1123.5674
1829.0750 1146.1784
1908.6000 1166.2639
1988.1250 1192.6856
2067.6500 1217.3626
2147.1750 1233.3346
2226.7000 1255.4349
2306.2250 1285.6963
2385.7500 1321.3022
2465.2750 1344.0659
2544.8000 1364.4761
2624.3250 1392.8303
2703.8500 1420.6534
2783.3750 1440.1092
2862.9000 1460.7566
2942.4250 1472.6656
3021.9500 1499.6513
3101.4750 1530.5251
3181.0000 1550.5904
3260.5250 1569.7218
3340.0500 1593.2562
3419.5750 1612.6600
3499.1000 1640.1876
3578.6250 1673.0166
3658.1500 1691.1632
3737.6750 1716.8750
3817.2000 1740.5063
3896.7250 1766.6319
