VARIABLES = "Lag Time" "MSD"
ZONE T = "MPC 576"
0.0000 0.0000
79.5250 16.2329
159.0500 17.1529
238.5750 17.3220
318.1000 17.1560
397.6250 17.6898
477.1500 17.4635
556.6750 18.0319
636.2000 18.2495
715.7250 18.3266
795.2500 18.3785
874.7750 18.6861
954.3000 18.5227
1033.8250 18.6168
1113.3500 18.9459
1192.8750 18.4185
1272.4000 18.7243
1351.9250 18.9053
1431.4500 19.1206
1510.9750 18.7887
1590.5000 19.2824
1670.0250 19.1899
1749.5500 18.6060
1829.0750 19.3456
1908.6000 18.8969
1988.1250 19.6652
2067.6500 19.6134
2147.1750 19.5316
2226.7000 20.0003
2306.2250 19.9346
2385.7500 19.4126
2465.2750 19.6790
2544.8000 20.1099
2624.3250 19.7355
2703.8500 20.0919
2783.3750 20.5184
2862.9000 20.4070
2942.4250 20.5376
3021.9500 20.6211
3101.4750 20.6980
3181.0000 20.2239
3260.5250 20.8471
3340.0500 20.5603
3419.5750 20.5526
3499.1000 21.1352
3578.6250 21.0279
3658.1500 20.8193
3737.6750 20.8662
3817.2000 20.5820
3896.7250 20.6449
