VARIABLES = "Lag Time" "MSD"
ZONE T = "MPC 50"
0.0000 0.0000
79.5250 152.8065
159.0500 303.6130
238.5750 448.9141
318.1000 592.6323
397.6250 733.0954
477.1500 869.9110
556.6750 1002.9558
636.2000 1131.6303
715.7250 1264.6280
795.2500 1395.6436
874.7750 1517.8041
954.3000 1630.9981
1033.8250 1742.4032
1113.3500 1850.5010
1192.8750 1958.9861
1272.4000 2069.2634
1351.9250 2177.9000
1431.4500 2285.3902
1510.9750 2395.0351
1590.5000 2505.9945
1670.0250 2612.4630
1749.5500 2724.3387
1829.0750 2837.9490
1908.6000 2947.5943
1988.1250 3064.1174
2067.6500 3178.4901
2147.1750 3289.4964
2226.7000 3404.7000
2306.2250 3510.7630
2385.7500 3617.6934
2465.2750 3725.7766
2544.8000 3830.0828
2624.3250 3932.0346
2703.8500 4028.4702
2783.3750 4117.9395
2862.9000 4201.0576
2942.4250 4273.9207
3021.9500 4348.8560
3101.4750 4422.2128
3181.0000 4492.0697
3260.5250 4559.7372
3340.0500 4621.4140
3419.5750 4685.8241
3499.1000 4748.2875
3578.6250 4806.6655
3658.1500 4868.4855
3737.6750 4929.3584
3817.2000 4984.6919
3896.7250 5035.6522
