VARIABLES = "Lag Time" "MSD"
ZONE T = "MPC 504"
0.0000 0.0000
79.5250 19.0406
159.0500 19.6171
238.5750 20.2301
318.1000 20.6176
397.6250 20.9512
477.1500 21.4971
556.6750 21.8872
636.2000 22.7353
715.7250 22.6394
795.2500 22.8236
874.7750 23.0887
954.3000 23.2388
1033.8250 24.2984
1113.3500 23.9310
1192.8750 24.2647
1272.4000 24.6290
1351.9250 24.7438
1431.4500 25.1217
1510.9750 25.2153
1590.5000 26.2530
1670.0250 25.8244
1749.5500 25.9225
1829.0750 25.9716
1908.6000 26.7018
1988.1250 26.6237
2067.6500 27.0749
2147.1750 27.0858
2226.7000 26.6986
2306.2250 26.9161
2385.7500 26.9251
2465.2750 26.9840
2544.8000 27.0978
2624.3250 27.3437
2703.8500 27.8570
2783.3750 27.6374
2862.9000 28.1382
2942.4250 28.0263
3021.9500 28.7567
3101.4750 28.6202
3181.0000 29.0375
3260.5250 28.9495
3340.0500 29.3346
3419.5750 29.2623
3499.1000 29.7290
3578.6250 29.4989
3658.1500 29.6580
3737.6750 29.3186
3817.2000 29.7957
3896.7250 30.2157
