VARIABLES = "Lag Time" "MSD"
ZONE T = "MPC 580"
0.0000 0.0000
79.5250 15.8577
159.0500 16.6371
238.5750 16.9330
318.1000 17.6804
397.6250 17.8431
477.1500 17.6241
556.6750 18.3726
636.2000 18.2822
715.7250 18.2166
795.2500 18.7773
874.7750 19.1231
954.3000 19.0265
1033.8250 19.6036
1113.3500 19.8859
1192.8750 20.0684
1272.4000 20.1907
1351.9250 20.8973
1431.4500 20.9898
1510.9750 21.4422
1590.5000 20.7825
1670.0250 21.2871
1749.5500 21.7128
1829.0750 21.8432
1908.6000 21.6553
1988.1250 21.8409
2067.6500 22.2442
2147.1750 22.4404
2226.7000 22.5340
2306.2250 22.6174
2385.7500 23.0122
2465.2750 22.9166
2544.8000 23.4589
2624.3250 23.1874
2703.8500 23.6493
2783.3750 23.6000
2862.9000 23.7371
2942.4250 23.1974
3021.9500 23.9251
3101.4750 24.2335
3181.0000 24.4492
3260.5250 24.9422
3340.0500 24.6359
3419.5750 24.6430
3499.1000 24.4994
3578.6250 24.8441
3658.1500 25.0855
3737.6750 24.8867
3817.2000 24.7276
3896.7250 25.0860
