VARIABLES = "Lag Time" "MSD"
ZONE T = "MPC 587"
0.0000 0.0000
79.5250 16.0797
159.0500 16.8068
238.5750 16.8460
318.1000 17.2026
397.6250 17.1640
477.1500 17.1598
556.6750 17.4483
636.2000 17.4287
715.7250 17.5790
795.2500 17.7432
874.7750 17.7572
954.3000 17.5205
1033.8250 17.8627
1113.3500 17.7345
1192.8750 18.1389
1272.4000 18.1498
1351.9250 18.2372
1431.4500 18.3383
1510.9750 18.5201
1590.5000 18.5143
1670.0250 18.7421
1749.5500 18.8021
1829.0750 18.6409
1908.6000 18.7514
1988.1250 18.7462
2067.6500 18.7441
2147.1750 18.9778
2226.7000 19.1163
2306.2250 18.9635
2385.7500 19.5096
2465.2750 19.7726
2544.8000 19.3662
2624.3250 19.1588
2703.8500 19.7352
2783.3750 19.6196
2862.9000 19.5121
2942.4250 19.6211
3021.9500 19.6584
3101.4750 19.8097
3181.0000 19.5921
3260.5250 19.7189
3340.0500 20.0165
3419.5750 19.8753
3499.1000 19.5860
3578.6250 19.6069
3658.1500 19.6055
3737.6750 19.9908
3817.2000 20.0886
3896.7250 20.0514
