VARIABLES = "Lag Time" "MSD"
ZONE T = "MPC 592"
0.0000 0.0000
79.5250 15.4171
159.0500 15.7680
238.5750 16.0122
318.1000 16.2873
397.6250 16.6505
477.1500 16.6732
556.6750 16.6909
636.2000 17.2319
715.7250 17.2416
795.2500 17.5077
874.7750 17.4857
954.3000 18.1881
1033.8250 17.7923
1113.3500 18.0162
1192.8750 18.0989
1272.4000 18.1752
1351.9250 17.8419
1431.4500 18.0110
1510.9750 18.7041
1590.5000 18.6272
1670.0250 18.8569
1749.5500 18.5924
1829.0750 19.1515
1908.6000 18.7802
1988.1250 18.9541
2067.6500 19.3557
2147.1750 19.3167
2226.7000 19.4767
2306.2250 19.4797
2385.7500 19.8544
2465.2750 20.0632
2544.8000 19.8577
2624.3250 19.9043
2703.8500 20.0317
2783.3750 20.0073
2862.9000 20.4666
2942.4250 20.4339
3021.9500 20.4272
3101.4750 20.7485
3181.0000 20.7055
3260.5250 20.3768
3340.0500 20.6436
3419.5750 21.0995
3499.1000 20.8722
3578.6250 20.8478
3658.1500 21.0187
3737.6750 21.2263
3817.2000 21.0677
3896.7250 20.9779
