VARIABLES = "Lag Time" "MSD"
ZONE T = "MPC 574"
0.0000 0.0000
79.5250 16.4410
159.0500 17.0524
238.5750 17.6926
318.1000 18.0463
397.6250 18.0512
477.1500 17.9805
556.6750 18.6500
636.2000 18.4691
715.7250 18.7943
795.2500 18.7956
874.7750 18.7595
954.3000 19.3828
1033.8250 19.4042
1113.3500 19.6615
1192.8750 20.1199
1272.4000 20.0267
1351.9250 20.0103
1431.4500 20.2153
1510.9750 20.3269
1590.5000 20.5724
1670.0250 20.3486
1749.5500 20.8546
1829.0750 21.0855
1908.6000 21.0491
1988.1250 20.7994
2067.6500 21.6182
2147.1750 21.3723
2226.7000 21.5065
2306.2250 21.7538
2385.7500 21.2248
2465.2750 21.8236
2544.8000 22.1253
2624.3250 21.4386
2703.8500 22.1282
2783.3750 22.3503
2862.9000 22.4006
2942.4250 22.4288
3021.9500 22.2755
3101.4750 22.2622
3181.0000 22.4590
3260.5250 22.5317
3340.0500 22.5364
3419.5750 22.7675
3499.1000 22.6471
3578.6250 22.7288
3658.1500 22.8765
3737.6750 22.8537
3817.2000 23.4042
3896.7250 23.2135
