VARIABLES = "Lag Time" "MSD"
ZONE T = "MPC 590"
0.0000 0.0000
79.5250 15.3288
159.0500 15.8430
238.5750 15.9009
318.1000 16.2170
397.6250 16.6298
477.1500 16.5475
556.6750 16.8669
636.2000 16.7334
715.7250 17.2477
795.2500 16.9838
874.7750 17.0664
954.3000 17.0836
1033.8250 17.3518
1113.3500 17.1770
1192.8750 17.1176
1272.4000 17.1448
1351.9250 17.3235
1431.4500 17.3471
1510.9750 17.3842
1590.5000 17.9265
1670.0250 18.0349
1749.5500 17.8066
1829.0750 17.7012
1908.6000 17.8836
1988.1250 18.3599
2067.6500 17.8262
2147.1750 18.1211
2226.7000 18.0021
2306.2250 18.2345
2385.7500 17.9435
2465.2750 18.0697
2544.8000 18.1667
2624.3250 18.0685
2703.8500 18.2550
2783.3750 18.2957
2862.9000 18.6895
2942.4250 18.5519
3021.9500 18.8193
3101.4750 18.6219
3181.0000 18.5897
3260.5250 18.3476
3340.0500 18.3415
3419.5750 18.7126
3499.1000 18.4690
3578.6250 18.6907
3658.1500 18.5490
3737.6750 18.8640
3817.2000 18.3772
3896.7250 18.6760
