VARIABLES = "Lag Time" "MSD"
ZONE T = "MPC 524"
0.0000 0.0000
79.5250 18.8632
159.0500 19.7202
238.5750 20.4319
318.1000 20.2885
397.6250 20.1075
477.1500 20.6742
556.6750 20.8051
636.2000 20.6968
715.7250 20.7593
795.2500 21.1140
874.7750 20.9741
954.3000 21.1474
1033.8250 21.1175
1113.3500 21.6491
1192.8750 21.7244
1272.4000 21.3775
1351.9250 21.9413
1431.4500 22.0111
1510.9750 22.0179
1590.5000 21.2733
1670.0250 21.7792
1749.5500 22.7402
1829.0750 22.4309
1908.6000 22.4331
1988.1250 22.6129
2067.6500 22.6158
2147.1750 22.3267
2226.7000 22.2719
2306.2250 22.8513
2385.7500 23.0533
2465.2750 23.2203
2544.8000 23.1252
2624.3250 23.2152
2703.8500 23.3296
2783.3750 23.3214
2862.9000 23.3724
2942.4250 23.4011
3021.9500 23.4502
3101.4750 23.6934
3181.0000 23.1748
3260.5250 23.7915
3340.0500 23.4922
3419.5750 24.0575
3499.1000 24.1475
3578.6250 24.5659
3658.1500 23.7953
3737.6750 24.2251
3817.2000 24.3766
3896.7250 24.3396
