VARIABLES = "Lag Time" "MSD"
ZONE T = "MPC 500"
0.0000 0.0000
79.5250 19.4893
159.0500 19.8182
238.5750 20.5367
318.1000 21.0360
397.6250 20.5572
477.1500 20.7943
556.6750 21.3884
636.2000 21.0838
715.7250 21.8117
795.2500 22.2528
874.7750 22.2117
954.3000 22.4812
1033.8250 22.2967
1113.3500 22.5236
1192.8750 23.0382
1272.4000 22.9053
1351.9250 23.1068
1431.4500 23.6468
1510.9750 23.9063
1590.5000 23.9516
1670.0250 24.7573
1749.5500 24.8721
1829.0750 24.6914
1908.6000 24.4928
1988.1250 24.9503
2067.6500 24.7799
2147.1750 25.2641
2226.7000 25.6040
2306.2250 25.8856
2385.7500 25.7418
2465.2750 25.2327
2544.8000 26.2322
2624.3250 26.4235
2703.8500 26.6756
2783.3750 26.4604
2862.9000 26.8363
2942.4250 27.0082
3021.9500 27.0904
3101.4750 26.9666
3181.0000 26.9493
3260.5250 27.1968
3340.0500 27.2801
3419.5750 27.4323
3499.1000 27.9273
3578.6250 27.9426
3658.1500 27.9213
3737.6750 27.7125
3817.2000 28.4491
3896.7250 28.2767
