VARIABLES = "Lag Time" "MSD"
ZONE T = "MPC 570"
0.0000 0.0000
79.5250 17.6128
159.0500 17.5033
238.5750 17.9217
318.1000 17.7991
397.6250 17.6990
477.1500 18.7919
556.6750 18.4202
636.2000 18.7265
715.7250 19.0647
795.2500 18.6290
874.7750 19.2450
954.3000 19.1723
1033.8250 19.1393
1113.3500 19.1646
1192.8750 19.4308
1272.4000 19.3727
1351.9250 19.6818
1431.4500 19.1191
1510.9750 20.0987
1590.5000 20.2855
1670.0250 20.0547
1749.5500 20.3478
1829.0750 20.6773
1908.6000 20.2316
1988.1250 20.4074
2067.6500 20.9066
2147.1750 21.3184
2226.7000 20.8624
2306.2250 20.5771
2385.7500 21.1616
2465.2750 21.3324
2544.8000 20.9499
2624.3250 21.1917
2703.8500 21.4487
2783.3750 21.4696
2862.9000 21.4664
2942.4250 22.0722
3021.9500 21.8810
3101.4750 21.9976
3181.0000 22.0031
3260.5250 22.2248
3340.0500 22.0535
3419.5750 22.2343
3499.1000 22.6558
3578.6250 22.7725
3658.1500 22.4607
3737.6750 22.5224
3817.2000 22.9360
3896.7250 22.6221
