VARIABLES = "Lag Time" "MSD"
ZONE T = "MPC 57"
0.0000 0.0000
79.5250 250.8008
159.0500 312.2162
238.5750 349.6766
318.1000 383.8645
397.6250 415.9842
477.1500 437.6669
556.6750 467.1249
636.2000 485.1617
715.7250 505.1621
795.2500 529.7659
874.7750 553.6664
954.3000 568.1471
1033.8250 588.9366
1113.3500 608.5312
1192.8750 622.7288
1272.4000 638.5759
1351.9250 663.0354
1431.4500 672.0344
1510.9750 684.7980
1590.5000 703.7076
1670.0250 730.7829
1749.5500 748.8710
1829.0750 759.4361
1908.6000 775.8320
1988.1250 785.7819
2067.6500 801.6172
2147.1750 818.9512
2226.7000 831.5221
2306.2250 847.0528
2385.7500 861.2228
2465.2750 877.9526
2544.8000 891.5345
2624.3250 906.0115
2703.8500 915.0357
2783.3750 923.8766
2862.9000 943.1928
2942.4250 954.2270
3021.9500 965.5289
3101.4750 984.5784
3181.0000 994.9866
3260.5250 1011.4468
3340.0500 1033.5881
3419.5750 1039.1404
3499.1000 1056.6104
3578.6250 1075.2664
3658.1500 1084.2481
3737.6750 1097.4051
3817.2000 1113.1573
3896.7250 1122.6647
