VARIABLES = "Lag Time" "MSD"
ZONE T = "MPC 521"
0.0000 0.0000
79.5250 18.7090
159.0500 18.8996
238.5750 19.6592
318.1000 19.8490
397.6250 20.5966
477.1500 21.2800
556.6750 21.5700
636.2000 21.9704
715.7250 22.1150
795.2500 22.5357
874.7750 23.1748
954.3000 23.2079
1033.8250 23.1793
1113.3500 23.3389
1192.8750 23.4145
1272.4000 24.0014
1351.9250 23.8962
1431.4500 24.2649
1510.9750 24.1213
1590.5000 24.5621
1670.0250 24.8883
1749.5500 24.7081
1829.0750 24.9039
1908.6000 25.1003
1988.1250 26.0046
2067.6500 25.6644
2147.1750 25.7225
2226.7000 25.9156
2306.2250 26.0825
2385.7500 26.3325
2465.2750 26.3134
2544.8000 26.3788
2624.3250 26.6075
2703.8500 26.7486
2783.3750 26.7609
2862.9000 26.8858
2942.4250 26.6221
3021.9500 26.6533
3101.4750 26.5849
3181.0000 27.0223
3260.5250 26.5693
3340.0500 27.2834
3419.5750 27.4207
3499.1000 27.1890
3578.6250 27.4424
3658.1500 27.4853
3737.6750 26.9668
3817.2000 27.6813
3896.7250 27.3584
