VARIABLES = "Lag Time" "MSD"
ZONE T = "MPC 583"
0.0000 0.0000
79.5250 15.7055
159.0500 16.8411
238.5750 17.3858
318.1000 17.6680
397.6250 17.9787
477.1500 18.1782
556.6750 18.3684
636.2000 18.5308
715.7250 19.1337
795.2500 19.3207
874.7750 19.8035
954.3000 20.0414
1033.8250 20.2895
1113.3500 20.8221
1192.8750 21.4812
1272.4000 21.4686
1351.9250 21.8966
1431.4500 22.3976
1510.9750 22.9445
1590.5000 23.2708
1670.0250 22.6957
1749.5500 23.2382
1829.0750 23.6597
1908.6000 23.9624
1988.1250 24.5469
2067.6500 24.4070
2147.1750 24.8031
2226.7000 24.9778
2306.2250 25.2216
2385.7500 25.2322
2465.2750 25.9974
2544.8000 26.1799
2624.3250 26.0448
2703.8500 26.7590
2783.3750 26.9729
2862.9000 27.6940
2942.4250 27.4136
3021.9500 27.9186
3101.4750 28.4986
3181.0000 28.4674
3260.5250 29.1200
3340.0500 29.1107
3419.5750 29.1615
3499.1000 30.1150
3578.6250 30.5093
3658.1500 30.5305
3737.6750 31.1088
3817.2000 31.1986
3896.7250 31.3468
