VARIABLES = "Lag Time" "MSD"
ZONE T = "MPC 509"
0.0000 0.0000
79.5250 19.5094
159.0500 20.2547
238.5750 19.9369
318.1000 20.2482
397.6250 20.8491
477.1500 21.2485
556.6750 20.9794
636.2000 21.4394
715.7250 21.4518
795.2500 21.9049
874.7750 22.0413
954.3000 21.9152
1033.8250 22.6329
1113.3500 22.6443
1192.8750 22.9674
1272.4000 23.2120
1351.9250 23.3779
1431.4500 23.8072
1510.9750 23.9940
1590.5000 23.8086
1670.0250 24.4132
1749.5500 24.5670
1829.0750 24.5532
1908.6000 23.7544
1988.1250 24.1325
2067.6500 24.7126
2147.1750 25.2067
2226.7000 25.3334
2306.2250 24.8332
2385.7500 25.5058
2465.2750 25.8754
2544.8000 25.1696
2624.3250 25.1872
2703.8500 25.6883
2783.3750 25.7956
2862.9000 26.0678
2942.4250 25.8408
3021.9500 26.5470
3101.4750 26.3588
3181.0000 26.3445
3260.5250 26.3869
3340.0500 26.8553
3419.5750 27.0408
3499.1000 27.3367
3578.6250 26.9213
3658.1500 27.2591
3737.6750 26.9678
3817.2000 27.2108
3896.7250 27.4132
