VARIABLES = "Lag Time" "MSD"
ZONE T = "MPC 599"
0.0000 0.0000
79.5250 16.4295
159.0500 17.1615
238.5750 16.6694
318.1000 16.7797
397.6250 17.1789
477.1500 17.4417
556.6750 17.3079
636.2000 17.0576
715.7250 17.7536
795.2500 17.3449
874.7750 17.3333
954.3000 17.7186
1033.8250 17.5511
1113.3500 18.0420
1192.8750 17.8033
1272.4000 17.5299
1351.9250 18.0829
1431.4500 18.0321
1510.9750 18.1204
1590.5000 18.1222
1670.0250 17.8130
1749.5500 18.0748
1829.0750 18.1314
1908.6000 18.3001
1988.1250 18.7419
2067.6500 18.0257
2147.1750 18.1015
2226.7000 18.2146
2306.2250 18.3467
2385.7500 18.4624
2465.2750 18.8941
2544.8000 18.6177
2624.3250 19.1258
2703.8500 18.3424
2783.3750 18.5915
2862.9000 18.4961
2942.4250 18.4417
3021.9500 18.7425
3101.4750 19.1244
3181.0000 18.8464
3260.5250 18.7911
3340.0500 18.6290
3419.5750 18.7469
3499.1000 18.9540
3578.6250 19.0352
3658.1500 19.2042
3737.6750 18.9813
3817.2000 19.0083
3896.7250 19.3802
