VARIABLES = "Lag Time" "MSD"
ZONE T = "MPC 516"
0.0000 0.0000
79.5250 17.4962
159.0500 18.0269
238.5750 18.6681
318.1000 19.2199
397.6250 19.7490
477.1500 20.3032
556.6750 20.4337
636.2000 20.6851
715.7250 21.0541
795.2500 21.3326
874.7750 21.7696
954.3000 22.3625
1033.8250 22.6332
1113.3500 22.8689
1192.8750 23.0261
1272.4000 23.8230
1351.9250 23.6954
1431.4500 23.8591
1510.9750 24.0820
1590.5000 24.6624
1670.0250 24.7637
1749.5500 25.2802
1829.0750 25.3098
1908.6000 25.7833
1988.1250 26.1326
2067.6500 26.7536
2147.1750 26.4001
2226.7000 27.0682
2306.2250 27.5448
2385.7500 27.6447
2465.2750 27.4045
2544.8000 27.6882
2624.3250 28.3066
2703.8500 28.4612
2783.3750 28.5413
2862.9000 28.5728
2942.4250 29.1306
3021.9500 29.2568
3101.4750 29.2762
3181.0000 29.7051
3260.5250 30.1118
3340.0500 30.2462
3419.5750 30.3809
3499.1000 30.9447
3578.6250 30.8973
3658.1500 31.1210
3737.6750 31.3990
3817.2000 31.8112
3896.7250 31.8647
