VARIABLES = "Lag Time" "MSD"
ZONE T = "MPC 544"
0.0000 0.0000
79.5250 16.8076
159.0500 17.4236
238.5750 17.8734
318.1000 18.4481
397.6250 19.1762
477.1500 20.2531
556.6750 20.2355
636.2000 20.6470
715.7250 21.1942
795.2500 21.6771
874.7750 22.2442
954.3000 21.9511
1033.8250 22.2676
1113.3500 22.6027
1192.8750 22.8521
1272.4000 23.1237
1351.9250 23.7036
1431.4500 23.7456
1510.9750 24.1903
1590.5000 24.2044
1670.0250 24.4669
1749.5500 24.7334
1829.0750 24.9412
1908.6000 25.4468
1988.1250 25.3929
2067.6500 25.0538
2147.1750 25.6691
2226.7000 26.1830
2306.2250 25.9741
2385.7500 26.2216
2465.2750 26.1445
2544.8000 26.4214
2624.3250 26.1219
2703.8500 26.2602
2783.3750 26.6892
2862.9000 26.6636
2942.4250 26.6364
3021.9500 26.6828
3101.4750 27.0768
3181.0000 26.8905
3260.5250 27.2086
3340.0500 27.0658
3419.5750 26.9985
3499.1000 26.8699
3578.6250 26.9830
3658.1500 27.3490
3737.6750 27.0697
3817.2000 26.9834
3896.7250 27.0533
