VARIABLES = "Lag Time" "MSD"
ZONE T = "MPC 533"
0.0000 0.0000
79.5250 17.7784
159.0500 18.4065
238.5750 19.5106
318.1000 19.2552
397.6250 19.8635
477.1500 20.1852
556.6750 20.6506
636.2000 21.1337
715.7250 21.2696
795.2500 21.4586
874.7750 22.2589
954.3000 22.3685
1033.8250 22.4369
1113.3500 23.0343
1192.8750 23.1493
1272.4000 23.4286
1351.9250 23.7038
1431.4500 24.0188
1510.9750 24.4987
1590.5000 24.5816
1670.0250 24.3869
1749.5500 24.7416
1829.0750 25.1337
1908.6000 26.2257
1988.1250 25.9482
2067.6500 26.4076
2147.1750 26.4442
2226.7000 26.9326
2306.2250 26.8596
2385.7500 27.5273
2465.2750 27.3665
2544.8000 27.7928
2624.3250 28.2054
2703.8500 28.3092
2783.3750 28.3468
2862.9000 28.5217
2942.4250 29.1056
3021.9500 29.8342
3101.4750 29.0956
3181.0000 29.7170
3260.5250 29.8528
3340.0500 30.1088
3419.5750 30.4377
3499.1000 30.0590
3578.6250 30.3097
3658.1500 30.5599
3737.6750 31.1580
3817.2000 31.1503
3896.7250 30.8815
