VARIABLES = "Lag Time" "MSD"
ZONE T = "MPC 508"
0.0000 0.0000
79.5250 19.8123
159.0500 19.7875
238.5750 20.3940
318.1000 20.8148
397.6250 21.0262
477.1500 21.4067
556.6750 21.9936
636.2000 22.1367
715.7250 22.3925
795.2500 23.0386
874.7750 23.3894
954.3000 23.0903
1033.8250 23.1538
1113.3500 23.3001
1192.8750 23.4545
1272.4000 23.9453
1351.9250 24.4839
1431.4500 24.5731
1510.9750 24.4323
1590.5000 24.3270
1670.0250 25.6087
1749.5500 25.1339
1829.0750 25.3264
1908.6000 24.9745
1988.1250 25.4207
2067.6500 25.2359
2147.1750 25.3497
2226.7000 25.8573
2306.2250 25.3120
2385.7500 25.4024
2465.2750 25.7529
2544.8000 25.9589
2624.3250 26.1179
2703.8500 26.2974
2783.3750 25.8775
2862.9000 26.2020
2942.4250 26.1070
3021.9500 26.4334
3101.4750 26.3449
3181.0000 26.2124
3260.5250 26.3004
3340.0500 26.8109
3419.5750 26.7655
3499.1000 27.4731
3578.6250 27.1364
3658.1500 27.0668
3737.6750 27.7671
3817.2000 27.6850
3896.7250 27.7872
