VARIABLES = "Lag Time" "MSD"
ZONE T = "MPC 571"
0.0000 0.0000
79.5250 16.0401
159.0500 16.7331
238.5750 16.5584
318.1000 17.0376
397.6250 17.3853
477.1500 17.5685
556.6750 18.0897
636.2000 18.3755
715.7250 18.9704
795.2500 19.0061
874.7750 19.2281
954.3000 19.1906
1033.8250 18.9114
1113.3500 19.8555
1192.8750 20.2191
1272.4000 19.8663
1351.9250 20.4051
1431.4500 20.7414
1510.9750 20.3869
1590.5000 20.6945
1670.0250 20.8343
1749.5500 21.2757
1829.0750 21.1371
1908.6000 21.3188
1988.1250 21.3935
2067.6500 21.6497
2147.1750 21.9074
2226.7000 21.8530
2306.2250 22.0567
2385.7500 22.0855
2465.2750 22.3531
2544.8000 22.2882
2624.3250 22.4422
2703.8500 22.4968
2783.3750 23.0299
2862.9000 23.0357
2942.4250 22.8314
3021.9500 22.6296
3101.4750 22.7430
3181.0000 23.0714
3260.5250 23.3958
3340.0500 23.8314
3419.5750 23.6639
3499.1000 24.0219
3578.6250 23.9734
3658.1500 23.6576
3737.6750 24.2126
3817.2000 24.5179
3896.7250 24.3221
