VARIABLES = "Lag Time" "MSD"
ZONE T = "MPC 545"
0.0000 0.0000
79.5250 17.4815
159.0500 17.8347
238.5750 18.1484
318.1000 18.9766
397.6250 19.0286
477.1500 19.4929
556.6750 19.5477
636.2000 19.7874
715.7250 20.1199
795.2500 20.2015
874.7750 20.3956
954.3000 20.5314
1033.8250 20.5757
1113.3500 21.1234
1192.8750 21.4483
1272.4000 21.8160
1351.9250 21.2698
1431.4500 21.8730
1510.9750 21.6651
1590.5000 21.8508
1670.0250 22.4039
1749.5500 22.1711
1829.0750 22.2591
1908.6000 22.3328
1988.1250 22.6453
2067.6500 22.6120
2147.1750 23.3248
2226.7000 23.2272
2306.2250 23.2080
2385.7500 23.1734
2465.2750 23.3612
2544.8000 23.7812
2624.3250 24.4184
2703.8500 23.6555
2783.3750 24.1965
2862.9000 23.9229
2942.4250 24.3573
3021.9500 24.2713
3101.4750 24.7104
3181.0000 24.2454
3260.5250 24.7619
3340.0500 25.1816
3419.5750 24.6774
3499.1000 24.9797
3578.6250 25.1596
3658.1500 25.0044
3737.6750 25.0096
3817.2000 24.8466
3896.7250 24.9197
