VARIABLES = "Lag Time" "MSD"
ZONE T = "MPC 519"
0.0000 0.0000
79.5250 19.1461
159.0500 20.1890
238.5750 20.8084
318.1000 20.3919
397.6250 21.2451
477.1500 20.9228
556.6750 20.9209
636.2000 21.2997
715.7250 21.4365
795.2500 21.4206
874.7750 21.6611
954.3000 21.7200
1033.8250 21.7845
1113.3500 22.1466
1192.8750 21.9827
1272.4000 22.2085
1351.9250 22.6663
1431.4500 22.7802
1510.9750 23.1785
1590.5000 23.3343
1670.0250 22.9628
1749.5500 23.2735
1829.0750 23.6292
1908.6000 23.8247
1988.1250 23.5309
2067.6500 24.1922
2147.1750 24.0005
2226.7000 24.4079
2306.2250 24.6271
2385.7500 24.3369
2465.2750 24.2995
2544.8000 24.5101
2624.3250 24.8405
2703.8500 24.7503
2783.3750 24.7516
2862.9000 25.1719
2942.4250 25.6584
3021.9500 24.9837
3101.4750 25.0996
3181.0000 25.5276
3260.5250 25.6559
3340.0500 25.6919
3419.5750 25.9870
3499.1000 25.9505
3578.6250 25.9607
3658.1500 26.0102
3737.6750 26.1958
3817.2000 26.2605
3896.7250 26.5498
