VARIABLES = "Lag Time" "MSD"
ZONE T = "MPC 585"
0.0000 0.0000
79.5250 16.0343
159.0500 16.8323
238.5750 17.1883
318.1000 17.5954
397.6250 17.5955
477.1500 17.9461
556.6750 18.4140
636.2000 18.2892
715.7250 18.5461
795.2500 17.9583
874.7750 18.5721
954.3000 18.4459
1033.8250 19.1117
1113.3500 18.9516
1192.8750 18.7475
1272.4000 19.1579
1351.9250 19.3801
1431.4500 19.4190
1510.9750 19.8157
1590.5000 19.6147
1670.0250 19.8343
1749.5500 19.9171
1829.0750 20.3601
1908.6000 20.2955
1988.1250 20.3494
2067.6500 20.5005
2147.1750 20.8503
2226.7000 20.6602
2306.2250 21.4077
2385.7500 21.2209
2465.2750 20.8373
2544.8000 21.0516
2624.3250 21.3673
2703.8500 21.1465
2783.3750 21.6812
2862.9000 21.8470
2942.4250 21.8978
3021.9500 21.8451
3101.4750 22.1173
3181.0000 22.0537
3260.5250 22.1957
3340.0500 22.6950
3419.5750 22.3810
3499.1000 22.0433
3578.6250 22.3665
3658.1500 22.2979
3737.6750 22.6112
3817.2000 22.3261
3896.7250 22.5626
