VARIABLES = "Lag Time" "MSD"
ZONE T = "MPC 638"
0.0000 0.0000
79.5250 14.8451
159.0500 15.1102
238.5750 15.5409
318.1000 15.4356
397.6250 15.0587
477.1500 15.5717
556.6750 15.6164
636.2000 16.0143
715.7250 16.0257
795.2500 15.8630
874.7750 15.8979
954.3000 15.7632
1033.8250 15.6183
1113.3500 15.8677
1192.8750 15.8100
1272.4000 15.8446
1351.9250 15.7778
1431.4500 16.1795
1510.9750 16.0827
1590.5000 16.0344
1670.0250 16.0995
1749.5500 15.9368
1829.0750 16.1987
1908.6000 15.7207
1988.1250 15.9946
2067.6500 15.9428
2147.1750 16.2266
2226.7000 15.9095
2306.2250 16.1779
2385.7500 16.0063
2465.2750 15.9043
2544.8000 16.1680
2624.3250 15.8862
2703.8500 16.2338
2783.3750 16.4832
2862.9000 16.0527
2942.4250 16.1056
3021.9500 15.9699
3101.4750 16.5922
3181.0000 16.2342
3260.5250 16.0207
3340.0500 16.4372
3419.5750 16.0414
3499.1000 16.2656
3578.6250 16.2919
3658.1500 16.3789
3737.6750 16.1618
3817.2000 16.3524
3896.7250 16.0425
