VARIABLES = "Lag Time" "MSD"
ZONE T = "MPC 6"
0.0000 0.0000
79.5250 816.2568
159.0500 1627.0788
238.5750 2435.4538
318.1000 3239.8834
397.6250 4042.5925
477.1500 4837.3632
556.6750 5649.2272
636.2000 6479.4436
715.7250 7308.5603
795.2500 8135.0192
874.7750 8967.9627
954.3000 9802.2844
1033.8250 10644.3320
1113.3500 11457.1395
1192.8750 12263.4383
1272.4000 13019.6696
1351.9250 13799.7955
1431.4500 14584.4145
1510.9750 15360.0108
1590.5000 16115.3398
1670.0250 16904.3061
1749.5500 17664.6885
1829.0750 18452.6148
1908.6000 19205.6691
1988.1250 19968.6015
2067.6500 20697.2187
2147.1750 21434.4465
2226.7000 22161.0782
2306.2250 22845.0657
2385.7500 23536.9824
2465.2750 24242.4692
2544.8000 24906.2956
2624.3250 25581.9721
2703.8500 26252.2045
2783.3750 26919.1302
2862.9000 27540.4770
2942.4250 28142.5750
3021.9500 28774.0135
3101.4750 29387.9509
3181.0000 30013.5864
3260.5250 30694.5756
3340.0500 31367.5672
3419.5750 32016.2523
3499.1000 32671.4174
3578.6250 33348.4032
3658.1500 34029.2404
3737.6750 34723.0524
3817.2000 35435.6610
3896.7250 36154.2276
