VARIABLES = "Lag Time" "MSD"
ZONE T = "MPC 619"
0.0000 0.0000
79.5250 15.0591
159.0500 15.7839
238.5750 15.6394
318.1000 15.6770
397.6250 16.2900
477.1500 16.2452
556.6750 16.6783
636.2000 16.4895
715.7250 16.3212
795.2500 16.2721
874.7750 16.7097
954.3000 16.6929
1033.8250 17.0853
1113.3500 17.1761
1192.8750 16.9588
1272.4000 17.0271
1351.9250 17.0158
1431.4500 17.3622
1510.9750 17.1749
1590.5000 17.4872
1670.0250 17.4276
1749.5500 17.3070
1829.0750 17.7020
1908.6000 17.8829
1988.1250 17.6493
2067.6500 18.1044
2147.1750 17.6715
2226.7000 17.7885
2306.2250 17.8586
2385.7500 18.0512
2465.2750 18.5276
2544.8000 18.2351
2624.3250 18.1141
2703.8500 18.0926
2783.3750 18.0598
2862.9000 18.1104
2942.4250 18.4703
3021.9500 18.5152
3101.4750 18.5932
3181.0000 18.6090
3260.5250 18.7426
3340.0500 18.7693
3419.5750 18.4739
3499.1000 18.7837
3578.6250 18.7740
3658.1500 18.9011
3737.6750 18.6576
3817.2000 19.0892
3896.7250 18.9279
