VARIABLES = "Lag Time" "MSD"
ZONE T = "MPC 667"
0.0000 0.0000
79.5250 13.5836
159.0500 14.4181
238.5750 14.5090
318.1000 14.9970
397.6250 14.3346
477.1500 14.5278
556.6750 14.6057
636.2000 15.0662
715.7250 14.6088
795.2500 14.9060
874.7750 14.7648
954.3000 14.8134
1033.8250 14.9535
1113.3500 15.0258
1192.8750 15.1631
1272.4000 15.1924
1351.9250 15.0921
1431.4500 15.3781
1510.9750 15.1363
1590.5000 15.2495
1670.0250 15.5680
1749.5500 15.2959
1829.0750 15.5441
1908.6000 15.4077
1988.1250 15.3810
2067.6500 15.2690
2147.1750 15.4493
2226.7000 15.5951
2306.2250 15.5149
2385.7500 16.0207
2465.2750 16.0524
2544.8000 15.9357
2624.3250 15.7634
2703.8500 16.0911
2783.3750 16.2951
2862.9000 16.0229
2942.4250 15.9227
3021.9500 16.0018
3101.4750 16.3068
3181.0000 16.4909
3260.5250 16.0144
3340.0500 16.3776
3419.5750 16.3038
3499.1000 16.0805
3578.6250 16.3364
3658.1500 16.2460
3737.6750 16.3439
3817.2000 16.2571
3896.7250 16.3996
