VARIABLES = "Lag Time" "MSD"
ZONE T = "MPC 698"
0.0000 0.0000
79.5250 12.5202
159.0500 12.7966
238.5750 12.3342
318.1000 12.6649
397.6250 12.8278
477.1500 12.6394
556.6750 12.7355
636.2000 12.9294
715.7250 13.0328
795.2500 12.9573
874.7750 13.0818
954.3000 13.0177
1033.8250 13.3712
1113.3500 13.2891
1192.8750 13.4223
1272.4000 13.2335
1351.9250 13.1595
1431.4500 13.1588
1510.9750 13.4470
1590.5000 13.3312
1670.0250 13.3168
1749.5500 13.1432
1829.0750 13.6009
1908.6000 13.3772
1988.1250 12.9881
2067.6500 13.4251
2147.1750 13.0334
2226.7000 13.6060
2306.2250 13.3380
2385.7500 13.5722
2465.2750 13.5999
2544.8000 13.4007
2624.3250 13.2688
2703.8500 13.7889
2783.3750 13.3663
2862.9000 13.5132
2942.4250 13.7347
3021.9500 13.3118
3101.4750 13.3907
3181.0000 13.7146
3260.5250 13.5257
3340.0500 13.9132
3419.5750 13.8057
3499.1000 14.0905
3578.6250 13.7709
3658.1500 14.0972
3737.6750 13.7496
3817.2000 13.8354
3896.7250 14.0438
