VARIABLES = "Lag Time" "MSD"
ZONE T = "MPC 648"
0.0000 0.0000
79.5250 14.1267
159.0500 14.5020
238.5750 14.3344
318.1000 14.7755
397.6250 14.8559
477.1500 14.4787
556.6750 14.6698
636.2000 14.7187
715.7250 14.5993
795.2500 14.9895
874.7750 14.5228
954.3000 14.7392
1033.8250 14.7575
1113.3500 14.7337
1192.8750 14.8744
1272.4000 14.7229
1351.9250 15.0419
1431.4500 15.0955
1510.9750 15.1652
1590.5000 15.2245
1670.0250 14.9527
1749.5500 15.1368
1829.0750 15.2378
1908.6000 14.9062
1988.1250 14.9480
2067.6500 15.1855
2147.1750 15.4085
2226.7000 15.1743
2306.2250 14.9453
2385.7500 15.1837
2465.2750 14.8190
2544.8000 15.0701
2624.3250 15.1799
2703.8500 15.3510
2783.3750 15.7148
2862.9000 15.4330
2942.4250 15.2041
3021.9500 15.4266
3101.4750 15.4667
3181.0000 15.1494
3260.5250 15.6183
3340.0500 15.4091
3419.5750 15.6557
3499.1000 15.6759
3578.6250 15.4643
3658.1500 15.6228
3737.6750 15.1847
3817.2000 15.3561
3896.7250 15.3974
