VARIABLES = "Lag Time" "MSD"
ZONE T = "MPC 673"
0.0000 0.0000
79.5250 13.1855
159.0500 13.3604
238.5750 13.6084
318.1000 13.4140
397.6250 13.6519
477.1500 13.5653
556.6750 13.5467
636.2000 13.9578
715.7250 13.9172
795.2500 14.0632
874.7750 14.1853
954.3000 13.9569
1033.8250 14.0295
1113.3500 14.1963
1192.8750 13.7753
1272.4000 14.2902
1351.9250 14.1978
1431.4500 14.1567
1510.9750 13.7600
1590.5000 13.6018
1670.0250 14.3704
1749.5500 13.9540
1829.0750 14.2899
1908.6000 14.2314
1988.1250 14.2986
2067.6500 14.2275
2147.1750 13.9898
2226.7000 14.0928
2306.2250 14.4682
2385.7500 14.2527
2465.2750 14.4326
2544.8000 14.3377
2624.3250 14.3206
2703.8500 14.0250
2783.3750 14.6924
2862.9000 14.7022
2942.4250 14.7353
3021.9500 14.7484
3101.4750 14.5716
3181.0000 14.6407
3260.5250 14.7249
3340.0500 14.6933
3419.5750 14.8437
3499.1000 14.9950
3578.6250 14.4270
3658.1500 14.6916
3737.6750 14.7717
3817.2000 14.8275
3896.7250 14.6760
