VARIABLES = "Lag Time" "MSD"
ZONE T = "MPC 618"
0.0000 0.0000
79.5250 15.4010
159.0500 15.2878
238.5750 15.7524
318.1000 15.8036
397.6250 16.1023
477.1500 16.0097
556.6750 16.1282
636.2000 16.2204
715.7250 17.0292
795.2500 16.6554
874.7750 16.4592
954.3000 16.4781
1033.8250 16.6434
1113.3500 16.4203
1192.8750 16.6853
1272.4000 16.4577
1351.9250 16.7042
1431.4500 16.6196
1510.9750 16.5884
1590.5000 16.9803
1670.0250 16.7164
1749.5500 16.6734
1829.0750 17.0209
1908.6000 16.7455
1988.1250 17.2013
2067.6500 17.1486
2147.1750 17.4431
2226.7000 17.1281
2306.2250 17.0435
2385.7500 17.2669
2465.2750 17.2062
2544.8000 17.5193
2624.3250 17.3977
2703.8500 17.3454
2783.3750 17.3058
2862.9000 17.2907
2942.4250 16.8703
3021.9500 17.6153
3101.4750 17.5415
3181.0000 17.6361
3260.5250 17.8045
3340.0500 17.6938
3419.5750 17.1875
3499.1000 17.7598
3578.6250 17.5625
3658.1500 17.9371
3737.6750 17.8933
3817.2000 17.6558
3896.7250 17.6504
