VARIABLES = "Lag Time" "MSD"
ZONE T = "MPC 614"
0.0000 0.0000
79.5250 15.3878
159.0500 15.2337
238.5750 15.8541
318.1000 15.9332
397.6250 15.9186
477.1500 16.3364
556.6750 16.2507
636.2000 15.9759
715.7250 16.1135
795.2500 16.1697
874.7750 16.1076
954.3000 16.6577
1033.8250 16.3390
1113.3500 16.3583
1192.8750 16.3500
1272.4000 16.7163
1351.9250 16.6001
1431.4500 16.7421
1510.9750 16.8669
1590.5000 16.7914
1670.0250 16.9883
1749.5500 16.6646
1829.0750 16.7621
1908.6000 17.1321
1988.1250 17.1286
2067.6500 17.0245
2147.1750 17.1287
2226.7000 16.8939
2306.2250 17.2796
2385.7500 17.0580
2465.2750 17.3076
2544.8000 17.3647
2624.3250 17.5969
2703.8500 17.5623
2783.3750 17.2257
2862.9000 17.6448
2942.4250 17.4725
3021.9500 17.5254
3101.4750 17.5234
3181.0000 17.7294
3260.5250 17.8633
3340.0500 18.0381
3419.5750 17.8996
3499.1000 17.7637
3578.6250 17.7260
3658.1500 17.7606
3737.6750 18.0954
3817.2000 17.9868
3896.7250 17.8130
