VARIABLES = "Lag Time" "MSD"
ZONE T = "MPC 689"
0.0000 0.0000
79.5250 13.2857
159.0500 13.9477
238.5750 13.7887
318.1000 14.1169
397.6250 13.8647
477.1500 14.1230
556.6750 14.5202
636.2000 14.0616
715.7250 14.3878
795.2500 14.3226
874.7750 14.0405
954.3000 14.4267
1033.8250 14.2284
1113.3500 14.5580
1192.8750 14.2600
1272.4000 14.3412
1351.9250 14.3580
1431.4500 14.2459
1510.9750 14.2351
1590.5000 14.4961
1670.0250 14.3803
1749.5500 14.7479
1829.0750 14.7461
1908.6000 14.4539
1988.1250 14.6734
2067.6500 14.7219
2147.1750 14.7368
2226.7000 14.8569
2306.2250 14.6194
2385.7500 15.1462
2465.2750 14.7887
2544.8000 14.6694
2624.3250 14.7889
2703.8500 15.0146
2783.3750 14.8791
2862.9000 14.8106
2942.4250 14.8852
3021.9500 15.1150
3101.4750 14.7755
3181.0000 15.0811
3260.5250 14.9371
3340.0500 14.7179
3419.5750 14.9231
3499.1000 14.7240
3578.6250 14.9750
3658.1500 15.1675
3737.6750 15.1025
3817.2000 15.0059
3896.7250 15.2023
