VARIABLES = "Lag Time" "MSD"
ZONE T = "MPC 67"
0.0000 0.0000
79.5250 154.8330
159.0500 218.5941
238.5750 255.6700
318.1000 282.8150
397.6250 292.8555
477.1500 302.7607
556.6750 307.9262
636.2000 313.6609
715.7250 319.7659
795.2500 321.7934
874.7750 322.5136
954.3000 326.3423
1033.8250 330.3276
1113.3500 330.3628
1192.8750 330.5929
1272.4000 334.6774
1351.9250 335.3650
1431.4500 330.6668
1510.9750 331.5682
1590.5000 338.7639
1670.0250 340.0990
1749.5500 345.0647
1829.0750 351.7110
1908.6000 353.1170
1988.1250 355.8392
2067.6500 357.7401
2147.1750 362.2465
2226.7000 354.5110
2306.2250 355.7890
2385.7500 352.3307
2465.2750 354.1481
2544.8000 357.3348
2624.3250 356.3950
2703.8500 361.1019
2783.3750 368.0209
2862.9000 370.1166
2942.4250 370.1130
3021.9500 372.6992
3101.4750 371.5633
3181.0000 374.1061
3260.5250 374.6943
3340.0500 374.1255
3419.5750 374.8296
3499.1000 369.2662
3578.6250 368.0834
3658.1500 366.8764
3737.6750 366.0207
3817.2000 369.3002
3896.7250 368.9721
