VARIABLES = "Lag Time" "MSD"
ZONE T = "MPC 641"
0.0000 0.0000
79.5250 14.3830
159.0500 14.2495
238.5750 14.6174
318.1000 14.5015
397.6250 14.5038
477.1500 14.7567
556.6750 14.7759
636.2000 14.4447
715.7250 14.8116
795.2500 14.9945
874.7750 15.2539
954.3000 15.2332
1033.8250 15.4353
1113.3500 15.1249
1192.8750 15.2757
1272.4000 15.4288
1351.9250 15.2265
1431.4500 15.4190
1510.9750 15.3036
1590.5000 15.4486
1670.0250 15.9036
1749.5500 15.6411
1829.0750 15.4285
1908.6000 15.7333
1988.1250 15.6451
2067.6500 16.1612
2147.1750 16.0498
2226.7000 15.9650
2306.2250 16.0708
2385.7500 16.3793
2465.2750 16.1170
2544.8000 16.2234
2624.3250 15.9555
2703.8500 16.3707
2783.3750 16.3436
2862.9000 16.4289
2942.4250 16.1858
3021.9500 16.3858
3101.4750 16.6704
3181.0000 16.5446
3260.5250 16.0211
3340.0500 16.4022
3419.5750 16.3882
3499.1000 16.5120
3578.6250 16.3908
3658.1500 16.4182
3737.6750 16.5971
3817.2000 16.5075
3896.7250 16.4897
