VARIABLES = "Lag Time" "MSD"
ZONE T = "MPC 684"
0.0000 0.0000
79.5250 13.0287
159.0500 13.3930
238.5750 13.5454
318.1000 13.2787
397.6250 13.5798
477.1500 13.4547
556.6750 13.3658
636.2000 13.9383
715.7250 13.7153
795.2500 13.9841
874.7750 13.7787
954.3000 13.9729
1033.8250 13.7498
1113.3500 13.8819
1192.8750 13.9104
1272.4000 13.6950
1351.9250 14.1455
1431.4500 13.9363
1510.9750 13.6813
1590.5000 13.7029
1670.0250 13.9741
1749.5500 14.1390
1829.0750 14.3271
1908.6000 14.1318
1988.1250 14.1690
2067.6500 14.3103
2147.1750 14.3725
2226.7000 14.1137
2306.2250 14.3600
2385.7500 14.2291
2465.2750 14.1075
2544.8000 14.0863
2624.3250 14.2640
2703.8500 14.3729
2783.3750 14.1784
2862.9000 14.2910
2942.4250 14.5254
3021.9500 14.8509
3101.4750 14.2928
3181.0000 14.2308
3260.5250 14.4109
3340.0500 14.4537
3419.5750 14.4559
3499.1000 14.5610
3578.6250 14.5821
3658.1500 14.3884
3737.6750 14.7509
3817.2000 14.4879
3896.7250 14.5180
