VARIABLES = "Lag Time" "MSD"
ZONE T = "MPC 635"
0.0000 0.0000
79.5250 14.0891
159.0500 14.7099
238.5750 15.3567
318.1000 14.7605
397.6250 15.0929
477.1500 14.8799
556.6750 15.1921
636.2000 14.8000
715.7250 15.2580
795.2500 15.5461
874.7750 15.4207
954.3000 15.3745
1033.8250 15.3712
1113.3500 15.5290
1192.8750 15.4507
1272.4000 15.5631
1351.9250 15.2286
1431.4500 15.3654
1510.9750 15.3804
1590.5000 15.4099
1670.0250 15.8116
1749.5500 15.8000
1829.0750 15.8138
1908.6000 15.9285
1988.1250 16.0936
2067.6500 15.8925
2147.1750 15.7188
2226.7000 15.5501
2306.2250 15.8271
2385.7500 15.9321
2465.2750 16.0763
2544.8000 15.8949
2624.3250 16.2961
2703.8500 16.2340
2783.3750 16.0599
2862.9000 16.1783
2942.4250 16.1634
3021.9500 16.5021
3101.4750 16.4296
3181.0000 16.2770
3260.5250 16.2268
3340.0500 16.2842
3419.5750 16.4398
3499.1000 16.3828
3578.6250 16.5192
3658.1500 16.6233
3737.6750 16.4265
3817.2000 16.5239
3896.7250 16.8767
