VARIABLES = "Lag Time" "MSD"
ZONE T = "MPC 63"
0.0000 0.0000
79.5250 269.2702
159.0500 365.8467
238.5750 393.8572
318.1000 404.8233
397.6250 415.1680
477.1500 429.6658
556.6750 433.7044
636.2000 442.8183
715.7250 450.8218
795.2500 450.4260
874.7750 456.9850
954.3000 464.3866
1033.8250 470.7907
1113.3500 471.9415
1192.8750 481.1021
1272.4000 478.0778
1351.9250 475.3164
1431.4500 480.7775
1510.9750 480.8974
1590.5000 481.8348
1670.0250 483.9164
1749.5500 490.7958
1829.0750 489.4866
1908.6000 497.2921
1988.1250 496.3967
2067.6500 496.0265
2147.1750 503.4870
2226.7000 503.4058
2306.2250 499.8005
2385.7500 504.3375
2465.2750 506.4299
2544.8000 514.4581
2624.3250 518.8254
2703.8500 527.4468
2783.3750 519.2268
2862.9000 510.4234
2942.4250 517.5634
3021.9500 520.1477
3101.4750 527.3027
3181.0000 527.6812
3260.5250 530.0070
3340.0500 523.8437
3419.5750 527.1762
3499.1000 535.1942
3578.6250 531.7437
3658.1500 525.6791
3737.6750 534.8642
3817.2000 541.1530
3896.7250 555.6120
