VARIABLES = "Lag Time" "MSD"
ZONE T = "MPC 636"
0.0000 0.0000
79.5250 14.2326
159.0500 14.4239
238.5750 14.5774
318.1000 14.9920
397.6250 14.8821
477.1500 15.3948
556.6750 15.2827
636.2000 15.1768
715.7250 15.5176
795.2500 14.9948
874.7750 15.5525
954.3000 15.4385
1033.8250 15.1620
1113.3500 15.3809
1192.8750 15.5729
1272.4000 15.4798
1351.9250 15.8644
1431.4500 15.6133
1510.9750 15.5647
1590.5000 15.5483
1670.0250 15.7527
1749.5500 15.8865
1829.0750 15.7967
1908.6000 16.0735
1988.1250 16.0252
2067.6500 16.0322
2147.1750 16.2419
2226.7000 16.3911
2306.2250 16.1297
2385.7500 16.4402
2465.2750 16.4270
2544.8000 16.5973
2624.3250 16.5292
2703.8500 16.7862
2783.3750 16.5960
2862.9000 17.0351
2942.4250 16.8136
3021.9500 16.8151
3101.4750 16.7968
3181.0000 16.9959
3260.5250 17.2562
3340.0500 17.0300
3419.5750 17.0176
3499.1000 16.8141
3578.6250 16.9816
3658.1500 16.9573
3737.6750 17.1519
3817.2000 17.2789
3896.7250 17.0323
