VARIABLES = "Lag Time" "MSD"
ZONE T = "MPC 669"
0.0000 0.0000
79.5250 13.4810
159.0500 13.8990
238.5750 13.8819
318.1000 14.5009
397.6250 14.0586
477.1500 14.2807
556.6750 14.5780
636.2000 14.5848
715.7250 14.6096
795.2500 14.5277
874.7750 14.5750
954.3000 14.9207
1033.8250 14.7529
1113.3500 14.9180
1192.8750 14.9851
1272.4000 14.9357
1351.9250 14.9375
1431.4500 15.0798
1510.9750 15.2559
1590.5000 14.9651
1670.0250 15.2336
1749.5500 15.6150
1829.0750 15.1523
1908.6000 15.5315
1988.1250 15.8375
2067.6500 15.4209
2147.1750 15.7130
2226.7000 15.2877
2306.2250 15.5467
2385.7500 15.6619
2465.2750 15.4191
2544.8000 15.6649
2624.3250 15.6264
2703.8500 15.8720
2783.3750 15.8981
2862.9000 16.0570
2942.4250 16.2415
3021.9500 16.0898
3101.4750 16.1761
3181.0000 16.1753
3260.5250 16.1410
3340.0500 16.5829
3419.5750 16.3806
3499.1000 16.5332
3578.6250 16.4257
3658.1500 16.4340
3737.6750 16.3206
3817.2000 15.9973
3896.7250 16.4967
