VARIABLES = "Lag Time" "MSD"
ZONE T = "MPC 655"
0.0000 0.0000
79.5250 13.9883
159.0500 14.0770
238.5750 14.1356
318.1000 14.1478
397.6250 14.5438
477.1500 14.4605
556.6750 14.4641
636.2000 14.4617
715.7250 14.5307
795.2500 14.4766
874.7750 14.5321
954.3000 14.5985
1033.8250 14.4282
1113.3500 14.5707
1192.8750 14.6791
1272.4000 14.9510
1351.9250 14.8630
1431.4500 14.7045
1510.9750 14.6530
1590.5000 14.7437
1670.0250 14.5914
1749.5500 14.7245
1829.0750 14.9193
1908.6000 14.6756
1988.1250 15.2320
2067.6500 15.0616
2147.1750 14.8566
2226.7000 15.0043
2306.2250 15.3756
2385.7500 14.9813
2465.2750 15.1177
2544.8000 15.2271
2624.3250 15.2548
2703.8500 15.1137
2783.3750 15.1808
2862.9000 15.5400
2942.4250 15.2796
3021.9500 15.8052
3101.4750 15.4417
3181.0000 15.3516
3260.5250 15.6672
3340.0500 15.7815
3419.5750 15.4689
3499.1000 15.3110
3578.6250 15.5364
3658.1500 15.6554
3737.6750 15.4121
3817.2000 15.3532
3896.7250 15.4189
