VARIABLES = "Lag Time" "MSD"
ZONE T = "MPC 660"
0.0000 0.0000
79.5250 13.3882
159.0500 13.8856
238.5750 14.2031
318.1000 14.4101
397.6250 14.0804
477.1500 14.1466
556.6750 14.6243
636.2000 14.5861
715.7250 14.5504
795.2500 14.2423
874.7750 14.9118
954.3000 14.7610
1033.8250 14.8019
1113.3500 14.8481
1192.8750 14.6539
1272.4000 14.9946
1351.9250 15.0455
1431.4500 14.9684
1510.9750 15.1504
1590.5000 15.1493
1670.0250 14.9805
1749.5500 15.2537
1829.0750 15.2765
1908.6000 15.5475
1988.1250 15.1150
2067.6500 15.2344
2147.1750 15.4539
2226.7000 15.5022
2306.2250 15.2627
2385.7500 15.7565
2465.2750 15.5447
2544.8000 15.7692
2624.3250 15.9949
2703.8500 16.1432
2783.3750 15.7493
2862.9000 15.9866
2942.4250 15.7864
3021.9500 15.7795
3101.4750 15.7496
3181.0000 15.7488
3260.5250 15.6167
3340.0500 15.8372
3419.5750 15.9132
3499.1000 16.1446
3578.6250 15.8018
3658.1500 16.0050
3737.6750 15.8050
3817.2000 15.9479
3896.7250 16.0019
