VARIABLES = "Lag Time" "MSD"
ZONE T = "MPC 699"
0.0000 0.0000
79.5250 12.4936
159.0500 12.5624
238.5750 12.8637
318.1000 13.0629
397.6250 12.8882
477.1500 12.9096
556.6750 13.3239
636.2000 13.2592
715.7250 13.2360
795.2500 13.3311
874.7750 13.3071
954.3000 13.6522
1033.8250 13.1016
1113.3500 13.3574
1192.8750 13.5193
1272.4000 13.4760
1351.9250 13.5058
1431.4500 13.7867
1510.9750 13.8390
1590.5000 14.1297
1670.0250 14.1183
1749.5500 14.2562
1829.0750 13.7052
1908.6000 14.1659
1988.1250 14.4908
2067.6500 14.2267
2147.1750 14.1397
2226.7000 14.4344
2306.2250 14.2794
2385.7500 14.3015
2465.2750 14.6366
2544.8000 14.6872
2624.3250 14.8915
2703.8500 14.9075
2783.3750 15.2334
2862.9000 14.9620
2942.4250 15.2218
3021.9500 15.4464
3101.4750 15.2832
3181.0000 15.2395
3260.5250 15.2639
3340.0500 15.6676
3419.5750 15.6951
3499.1000 15.6998
3578.6250 15.7339
3658.1500 15.8473
3737.6750 15.9024
3817.2000 16.3794
3896.7250 16.1986
