VARIABLES = "Lag Time" "MSD"
ZONE T = "MPC 626"
0.0000 0.0000
79.5250 14.7604
159.0500 15.3145
238.5750 15.7441
318.1000 15.2575
397.6250 15.2928
477.1500 15.4844
556.6750 15.7105
636.2000 15.4040
715.7250 15.3863
795.2500 15.4477
874.7750 15.7817
954.3000 15.5438
1033.8250 15.8085
1113.3500 15.9960
1192.8750 16.1590
1272.4000 15.9090
1351.9250 15.8426
1431.4500 15.6370
1510.9750 15.7796
1590.5000 16.3840
1670.0250 16.1357
1749.5500 15.9739
1829.0750 15.8909
1908.6000 16.3431
1988.1250 15.9554
2067.6500 16.0996
2147.1750 16.2882
2226.7000 16.3258
2306.2250 16.3760
2385.7500 16.6691
2465.2750 16.8524
2544.8000 16.9432
2624.3250 16.6957
2703.8500 16.5852
2783.3750 16.4689
2862.9000 16.8554
2942.4250 16.7311
3021.9500 16.8750
3101.4750 16.9301
3181.0000 16.9477
3260.5250 17.1275
3340.0500 17.1479
3419.5750 17.3109
3499.1000 17.3436
3578.6250 17.2435
3658.1500 16.9569
3737.6750 17.0642
3817.2000 16.7011
3896.7250 17.2778
