VARIABLES = "Lag Time" "MSD"
ZONE T = "MPC 685"
0.0000 0.0000
79.5250 13.3046
159.0500 13.6632
238.5750 13.2893
318.1000 13.7029
397.6250 13.6533
477.1500 13.7457
556.6750 13.9958
636.2000 13.7792
715.7250 13.7845
795.2500 13.8974
874.7750 14.1277
954.3000 14.0392
1033.8250 14.0771
1113.3500 14.0820
1192.8750 14.2397
1272.4000 14.1974
1351.9250 14.1615
1431.4500 14.0229
1510.9750 14.0974
1590.5000 14.4024
1670.0250 14.5694
1749.5500 14.1129
1829.0750 14.2024
1908.6000 13.9777
1988.1250 14.3152
2067.6500 14.7227
2147.1750 14.6311
2226.7000 14.5156
2306.2250 14.3825
2385.7500 14.8080
2465.2750 14.9552
2544.8000 14.5728
2624.3250 14.7870
2703.8500 14.8895
2783.3750 14.8127
2862.9000 14.7648
2942.4250 14.7458
3021.9500 14.5679
3101.4750 14.8870
3181.0000 14.7206
3260.5250 14.8488
3340.0500 14.7597
3419.5750 14.7081
3499.1000 15.2026
3578.6250 14.9046
3658.1500 14.8403
3737.6750 15.0549
3817.2000 14.8914
3896.7250 14.8549
