VARIABLES = "Lag Time" "MSD"
ZONE T = "MPC 666"
0.0000 0.0000
79.5250 13.2200
159.0500 13.7612
238.5750 13.9297
318.1000 14.1336
397.6250 14.3377
477.1500 14.3960
556.6750 14.5738
636.2000 14.4670
715.7250 14.7924
795.2500 14.5296
874.7750 14.9834
954.3000 14.7131
1033.8250 14.6733
1113.3500 14.9561
1192.8750 14.9641
1272.4000 14.8702
1351.9250 15.0848
1431.4500 15.1640
1510.9750 15.0767
1590.5000 15.6585
1670.0250 15.6049
1749.5500 15.3779
1829.0750 15.4062
1908.6000 15.5175
1988.1250 15.6223
2067.6500 15.8975
2147.1750 15.5641
2226.7000 15.9912
2306.2250 16.0619
2385.7500 15.8663
2465.2750 16.1301
2544.8000 16.4595
2624.3250 16.4810
2703.8500 16.3788
2783.3750 16.3271
2862.9000 16.3923
2942.4250 16.3579
3021.9500 16.5651
3101.4750 16.6906
3181.0000 16.5549
3260.5250 16.4835
3340.0500 16.5896
3419.5750 16.3416
3499.1000 16.5468
3578.6250 16.8837
3658.1500 16.7971
3737.6750 16.8157
3817.2000 16.7262
3896.7250 16.7785
