VARIABLES = "Lag Time" "MSD"
ZONE T = "MPC 682"
0.0000 0.0000
79.5250 13.1764
159.0500 13.4257
238.5750 13.9349
318.1000 13.8489
397.6250 13.8885
477.1500 14.0881
556.6750 14.3070
636.2000 14.3399
715.7250 14.1456
795.2500 14.6377
874.7750 14.6314
954.3000 14.5938
1033.8250 14.4515
1113.3500 14.7877
1192.8750 14.6348
1272.4000 15.0532
1351.9250 14.5176
1431.4500 14.8289
1510.9750 14.7804
1590.5000 14.9140
1670.0250 15.0235
1749.5500 14.9523
1829.0750 14.6429
1908.6000 15.1721
1988.1250 15.0198
2067.6500 15.5163
2147.1750 15.4138
2226.7000 15.4296
2306.2250 15.3403
2385.7500 15.4669
2465.2750 15.6159
2544.8000 15.4763
2624.3250 15.6022
2703.8500 15.6443
2783.3750 15.4166
2862.9000 15.5770
2942.4250 15.4749
3021.9500 15.3631
3101.4750 15.8832
3181.0000 16.1129
3260.5250 15.6354
3340.0500 15.7524
3419.5750 15.6416
3499.1000 15.7950
3578.6250 15.7413
3658.1500 15.8541
3737.6750 15.9973
3817.2000 15.9334
3896.7250 16.3215
