VARIABLES = "Lag Time" "MSD"
ZONE T = "MPC 603"
0.0000 0.0000
79.5250 16.0694
159.0500 16.2453
238.5750 16.4725
318.1000 16.7557
397.6250 16.9086
477.1500 17.0032
556.6750 16.6624
636.2000 16.7605
715.7250 17.1634
795.2500 17.1557
874.7750 16.8499
954.3000 17.1152
1033.8250 17.5373
1113.3500 17.5189
1192.8750 17.2554
1272.4000 17.2693
1351.9250 17.0816
1431.4500 17.2667
1510.9750 17.2285
1590.5000 17.1323
1670.0250 17.5433
1749.5500 17.3000
1829.0750 17.3814
1908.6000 17.1599
1988.1250 17.5000
2067.6500 17.4090
2147.1750 17.3480
2226.7000 17.7682
2306.2250 17.4157
2385.7500 17.9789
2465.2750 17.7018
2544.8000 17.5773
2624.3250 17.8446
2703.8500 17.9277
2783.3750 17.4324
2862.9000 17.8898
2942.4250 17.4872
3021.9500 17.6114
3101.4750 17.4287
3181.0000 17.8475
3260.5250 17.9957
3340.0500 17.7862
3419.5750 17.8773
3499.1000 17.5097
3578.6250 17.9391
3658.1500 17.6147
3737.6750 17.7582
3817.2000 17.8557
3896.7250 17.7630
