VARIABLES = "Lag Time" "MSD"
ZONE T = "MPC 601"
0.0000 0.0000
79.5250 15.2609
159.0500 15.4974
238.5750 15.7486
318.1000 16.2423
397.6250 16.1805
477.1500 15.6932
556.6750 16.3719
636.2000 16.2451
715.7250 16.1451
795.2500 16.3688
874.7750 16.3456
954.3000 16.5566
1033.8250 16.6744
1113.3500 16.5720
1192.8750 16.7235
1272.4000 16.7795
1351.9250 16.5602
1431.4500 17.0619
1510.9750 16.6662
1590.5000 16.8731
1670.0250 17.0123
1749.5500 16.8281
1829.0750 17.1732
1908.6000 17.2134
1988.1250 17.2896
2067.6500 17.2616
2147.1750 17.4525
2226.7000 17.0178
2306.2250 17.2918
2385.7500 17.1648
2465.2750 16.6969
2544.8000 17.3932
2624.3250 17.3664
2703.8500 17.0359
2783.3750 17.9954
2862.9000 17.3575
2942.4250 17.5257
3021.9500 17.2722
3101.4750 17.3541
3181.0000 17.4250
3260.5250 17.6325
3340.0500 17.2841
3419.5750 17.3556
3499.1000 17.5526
3578.6250 17.1654
3658.1500 17.6766
3737.6750 17.7147
3817.2000 17.5100
3896.7250 17.7174
