VARIABLES = "Lag Time" "MSD"
ZONE T = "MPC 64"
0.0000 0.0000
79.5250 192.6620
159.0500 294.4835
238.5750 344.4493
318.1000 373.7262
397.6250 396.3277
477.1500 408.6608
556.6750 416.3169
636.2000 426.9621
715.7250 432.4182
795.2500 432.2145
874.7750 441.2256
954.3000 444.5102
1033.8250 444.2085
1113.3500 445.6473
1192.8750 448.1473
1272.4000 448.3308
1351.9250 440.5086
1431.4500 433.8279
1510.9750 436.1584
1590.5000 433.3582
1670.0250 427.9437
1749.5500 433.4268
1829.0750 432.0234
1908.6000 432.3563
1988.1250 437.2451
2067.6500 443.4826
2147.1750 443.9000
2226.7000 449.3351
2306.2250 454.0993
2385.7500 457.7792
2465.2750 453.1616
2544.8000 452.4708
2624.3250 454.3294
2703.8500 457.2816
2783.3750 462.8293
2862.9000 470.5993
2942.4250 475.9550
3021.9500 475.0592
3101.4750 471.2653
3181.0000 469.0018
3260.5250 471.8554
3340.0500 471.4685
3419.5750 469.4511
3499.1000 474.9101
3578.6250 477.8290
3658.1500 478.5958
3737.6750 479.2857
3817.2000 487.1281
3896.7250 484.4249
