VARIABLES = "Lag Time" "MSD"
ZONE T = "MPC 693"
0.0000 0.0000
79.5250 13.0707
159.0500 13.4418
238.5750 13.3020
318.1000 13.7523
397.6250 13.9364
477.1500 13.6169
556.6750 13.5489
636.2000 13.4472
715.7250 13.8852
795.2500 13.7248
874.7750 13.9578
954.3000 13.7764
1033.8250 14.1301
1113.3500 13.8614
1192.8750 13.9956
1272.4000 14.2031
1351.9250 13.9876
1431.4500 13.8868
1510.9750 13.9312
1590.5000 14.0824
1670.0250 14.2091
1749.5500 14.0803
1829.0750 14.0477
1908.6000 14.0509
1988.1250 14.1398
2067.6500 13.8099
2147.1750 14.2645
2226.7000 13.9808
2306.2250 14.0983
2385.7500 14.3994
2465.2750 14.5412
2544.8000 14.6063
2624.3250 14.3138
2703.8500 14.1391
2783.3750 13.9791
2862.9000 14.1242
2942.4250 14.4372
3021.9500 14.3855
3101.4750 14.5803
3181.0000 14.5010
3260.5250 14.4362
3340.0500 14.6533
3419.5750 14.9289
3499.1000 14.4039
3578.6250 14.4168
3658.1500 14.6579
3737.6750 14.0889
3817.2000 14.5519
3896.7250 14.5363
