VARIABLES = "Lag Time" "MSD"
ZONE T = "MPC 681"
0.0000 0.0000
79.5250 12.9184
159.0500 13.2488
238.5750 13.7007
318.1000 13.7802
397.6250 13.9393
477.1500 13.8913
556.6750 13.9410
636.2000 14.0302
715.7250 14.1837
795.2500 14.0571
874.7750 13.9918
954.3000 14.3429
1033.8250 14.1580
1113.3500 13.9389
1192.8750 14.1391
1272.4000 14.2243
1351.9250 14.5468
1431.4500 14.1381
1510.9750 14.4770
1590.5000 14.5903
1670.0250 14.6440
1749.5500 14.5938
1829.0750 14.4101
1908.6000 14.8672
1988.1250 14.8641
2067.6500 14.5424
2147.1750 14.9564
2226.7000 14.5707
2306.2250 14.7699
2385.7500 14.9058
2465.2750 14.8376
2544.8000 15.1213
2624.3250 14.6683
2703.8500 14.6748
2783.3750 14.9295
2862.9000 14.7410
2942.4250 15.0449
3021.9500 15.0493
3101.4750 15.1618
3181.0000 14.8573
3260.5250 14.8373
3340.0500 15.0813
3419.5750 15.0992
3499.1000 14.9966
3578.6250 14.7108
3658.1500 14.9034
3737.6750 15.4340
3817.2000 15.1813
3896.7250 15.3332
