VARIABLES = "Lag Time" "MSD"
ZONE T = "MPC 674"
0.0000 0.0000
79.5250 12.7850
159.0500 13.1555
238.5750 13.4337
318.1000 13.3233
397.6250 13.8513
477.1500 13.5482
556.6750 13.4726
636.2000 13.6529
715.7250 13.9409
795.2500 13.8612
874.7750 13.5626
954.3000 13.5610
1033.8250 13.6413
1113.3500 13.7574
1192.8750 13.3363
1272.4000 14.0482
1351.9250 13.9051
1431.4500 13.8920
1510.9750 13.9514
1590.5000 13.8834
1670.0250 13.8525
1749.5500 13.9364
1829.0750 14.0892
1908.6000 14.4164
1988.1250 14.2510
2067.6500 14.1661
2147.1750 14.1783
2226.7000 14.3062
2306.2250 14.0822
2385.7500 14.2687
2465.2750 14.2704
2544.8000 14.2827
2624.3250 14.3882
2703.8500 14.3028
2783.3750 14.3844
2862.9000 14.5989
2942.4250 14.5961
3021.9500 14.1559
3101.4750 14.3584
3181.0000 14.2472
3260.5250 14.3828
3340.0500 14.3637
3419.5750 14.5618
3499.1000 14.2642
3578.6250 14.4836
3658.1500 14.3995
3737.6750 14.7525
3817.2000 14.5991
3896.7250 14.3362
