VARIABLES = "Lag Time" "MSD"
ZONE T = "MPC 621"
0.0000 0.0000
79.5250 15.4231
159.0500 15.4096
238.5750 15.3364
318.1000 15.9030
397.6250 15.8442
477.1500 15.9806
556.6750 16.1272
636.2000 16.1744
715.7250 16.4614
795.2500 16.9017
874.7750 16.6336
954.3000 16.5365
1033.8250 16.8768
1113.3500 16.9238
1192.8750 17.1159
1272.4000 17.1939
1351.9250 17.1904
1431.4500 17.3939
1510.9750 17.9626
1590.5000 17.7897
1670.0250 17.8401
1749.5500 17.5411
1829.0750 18.0237
1908.6000 18.0358
1988.1250 18.1319
2067.6500 18.0824
2147.1750 18.3185
2226.7000 18.2842
2306.2250 18.7128
2385.7500 18.3974
2465.2750 18.7718
2544.8000 18.3891
2624.3250 18.7268
2703.8500 18.8605
2783.3750 18.7621
2862.9000 18.7148
2942.4250 18.8751
3021.9500 19.3127
3101.4750 19.1789
3181.0000 19.4880
3260.5250 19.2540
3340.0500 19.2082
3419.5750 19.5157
3499.1000 19.2091
3578.6250 18.9717
3658.1500 19.1727
3737.6750 19.3832
3817.2000 19.3957
3896.7250 19.4846
