VARIABLES = "Lag Time" "MSD"
ZONE T = "MPC 691"
0.0000 0.0000
79.5250 13.1103
159.0500 13.1745
238.5750 13.3427
318.1000 13.3561
397.6250 13.5673
477.1500 13.5932
556.6750 13.8695
636.2000 13.8452
715.7250 13.7004
795.2500 13.5176
874.7750 13.7755
954.3000 13.8850
1033.8250 14.1036
1113.3500 13.9789
1192.8750 14.0684
1272.4000 14.1441
1351.9250 13.9247
1431.4500 14.1343
1510.9750 14.0966
1590.5000 14.2767
1670.0250 14.1422
1749.5500 14.4580
1829.0750 14.3314
1908.6000 14.2765
1988.1250 14.3656
2067.6500 14.2913
2147.1750 14.3297
2226.7000 14.5593
2306.2250 14.5993
2385.7500 14.5134
2465.2750 14.5354
2544.8000 14.3713
2624.3250 14.7567
2703.8500 14.7034
2783.3750 14.1112
2862.9000 14.5706
2942.4250 14.4143
3021.9500 14.3850
3101.4750 14.4537
3181.0000 14.3738
3260.5250 14.5153
3340.0500 14.4618
3419.5750 14.2257
3499.1000 14.7512
3578.6250 14.1588
3658.1500 14.3907
3737.6750 14.4018
3817.2000 14.6389
3896.7250 14.4507
