VARIABLES = "Lag Time" "MSD"
ZONE T = "MPC 683"
0.0000 0.0000
79.5250 13.1307
159.0500 13.4360
238.5750 13.5842
318.1000 13.6121
397.6250 13.7643
477.1500 13.8897
556.6750 14.0170
636.2000 13.9038
715.7250 13.9881
795.2500 14.1186
874.7750 13.9916
954.3000 13.9330
1033.8250 14.2270
1113.3500 14.3336
1192.8750 14.2417
1272.4000 14.2958
1351.9250 14.4152
1431.4500 13.9992
1510.9750 14.0274
1590.5000 14.2548
1670.0250 14.0076
1749.5500 14.0966
1829.0750 14.2962
1908.6000 14.4621
1988.1250 14.3105
2067.6500 14.3512
2147.1750 14.1482
2226.7000 14.1210
2306.2250 14.4161
2385.7500 14.3972
2465.2750 14.3018
2544.8000 14.0477
2624.3250 14.3196
2703.8500 14.0643
2783.3750 14.1887
2862.9000 14.3140
2942.4250 13.9524
3021.9500 14.0329
3101.4750 14.1616
3181.0000 14.2091
3260.5250 14.5901
3340.0500 14.4841
3419.5750 14.2300
3499.1000 14.4539
3578.6250 14.0357
3658.1500 14.6307
3737.6750 14.4928
3817.2000 14.2920
3896.7250 14.1996
