VARIABLES = "Lag Time" "MSD"
ZONE T = "MPC 630"
0.0000 0.0000
79.5250 14.7746
159.0500 14.9426
238.5750 14.9174
318.1000 15.4601
397.6250 15.3443
477.1500 15.5971
556.6750 15.5613
636.2000 16.0763
715.7250 15.6482
795.2500 15.9593
874.7750 15.7660
954.3000 16.1264
1033.8250 15.9879
1113.3500 16.1286
1192.8750 15.9641
1272.4000 16.3122
1351.9250 16.0706
1431.4500 16.6226
1510.9750 16.2129
1590.5000 16.4044
1670.0250 16.5940
1749.5500 16.3385
1829.0750 16.3683
1908.6000 16.9055
1988.1250 16.4772
2067.6500 16.4583
2147.1750 16.7488
2226.7000 17.0375
2306.2250 16.8014
2385.7500 16.7748
2465.2750 17.1754
2544.8000 16.9851
2624.3250 17.0083
2703.8500 17.0848
2783.3750 17.0399
2862.9000 17.3821
2942.4250 17.3428
3021.9500 17.2955
3101.4750 17.2323
3181.0000 17.3023
3260.5250 17.0339
3340.0500 17.2591
3419.5750 17.4876
3499.1000 17.3093
3578.6250 17.5359
3658.1500 17.6475
3737.6750 17.8751
3817.2000 17.6928
3896.7250 17.7737
