VARIABLES = "Lag Time" "MSD"
ZONE T = "MPC 672"
0.0000 0.0000
79.5250 13.2379
159.0500 13.4436
238.5750 14.1276
318.1000 13.8574
397.6250 14.2062
477.1500 13.7492
556.6750 13.7316
636.2000 14.1488
715.7250 14.2720
795.2500 14.1964
874.7750 14.1727
954.3000 14.4858
1033.8250 14.1179
1113.3500 14.3150
1192.8750 14.5468
1272.4000 14.5234
1351.9250 14.6205
1431.4500 14.9041
1510.9750 14.8527
1590.5000 14.6145
1670.0250 14.8951
1749.5500 14.9471
1829.0750 15.2029
1908.6000 14.8034
1988.1250 14.9621
2067.6500 15.0691
2147.1750 15.1264
2226.7000 14.9382
2306.2250 15.1392
2385.7500 15.2734
2465.2750 14.9901
2544.8000 15.1970
2624.3250 15.0513
2703.8500 15.6133
2783.3750 15.3212
2862.9000 15.4723
2942.4250 15.3989
3021.9500 15.0609
3101.4750 15.2484
3181.0000 15.0654
3260.5250 15.5404
3340.0500 15.3710
3419.5750 15.2987
3499.1000 15.5206
3578.6250 15.5126
3658.1500 15.5917
3737.6750 15.5336
3817.2000 15.4925
3896.7250 15.0758
