VARIABLES = "Lag Time" "MSD"
ZONE T = "MPC 642"
0.0000 0.0000
79.5250 14.5353
159.0500 14.6561
238.5750 14.3391
318.1000 14.4126
397.6250 14.7573
477.1500 15.1688
556.6750 14.6027
636.2000 14.9062
715.7250 15.1387
795.2500 15.2280
874.7750 15.0425
954.3000 15.0499
1033.8250 15.4692
1113.3500 15.1543
1192.8750 15.2150
1272.4000 15.3931
1351.9250 15.6491
1431.4500 15.7102
1510.9750 15.3118
1590.5000 15.3653
1670.0250 15.5399
1749.5500 15.1236
1829.0750 15.5535
1908.6000 15.1187
1988.1250 15.8658
2067.6500 15.4187
2147.1750 15.9995
2226.7000 15.4976
2306.2250 15.6459
2385.7500 15.8287
2465.2750 15.5528
2544.8000 15.7032
2624.3250 16.0030
2703.8500 15.6912
2783.3750 16.1088
2862.9000 16.3296
2942.4250 15.9075
3021.9500 15.4333
3101.4750 15.9128
3181.0000 16.0995
3260.5250 15.9619
3340.0500 16.1247
3419.5750 16.0944
3499.1000 16.2617
3578.6250 16.0633
3658.1500 16.3169
3737.6750 16.2072
3817.2000 16.2512
3896.7250 16.0844
