VARIABLES = "Lag Time" "MSD"
ZONE T = "MPC 677"
0.0000 0.0000
79.5250 13.1448
159.0500 13.3882
238.5750 13.4051
318.1000 13.6722
397.6250 13.2942
477.1500 13.7899
556.6750 13.4481
636.2000 13.5947
715.7250 14.1295
795.2500 14.0007
874.7750 14.1555
954.3000 14.1445
1033.8250 14.0657
1113.3500 14.1153
1192.8750 14.4507
1272.4000 14.2557
1351.9250 14.1325
1431.4500 14.6427
1510.9750 14.3920
1590.5000 14.6510
1670.0250 13.9910
1749.5500 13.8735
1829.0750 14.3350
1908.6000 14.1344
1988.1250 14.3188
2067.6500 14.2513
2147.1750 14.2320
2226.7000 14.2504
2306.2250 14.3190
2385.7500 14.3602
2465.2750 14.4092
2544.8000 14.4052
2624.3250 14.6140
2703.8500 14.4701
2783.3750 14.6451
2862.9000 14.2714
2942.4250 14.3621
3021.9500 14.6595
3101.4750 14.5681
3181.0000 14.4698
3260.5250 14.3613
3340.0500 14.6083
3419.5750 14.4621
3499.1000 14.5313
3578.6250 14.2450
3658.1500 14.6675
3737.6750 14.5332
3817.2000 14.6516
3896.7250 14.6448
