VARIABLES = "Lag Time" "MSD"
ZONE T = "MPC 664"
0.0000 0.0000
79.5250 13.3594
159.0500 13.5227
238.5750 13.9158
318.1000 13.7320
397.6250 13.6832
477.1500 13.8874
556.6750 13.9351
636.2000 13.9894
715.7250 14.3686
795.2500 13.9911
874.7750 14.5381
954.3000 14.0933
1033.8250 14.3565
1113.3500 14.4909
1192.8750 14.3217
1272.4000 14.1612
1351.9250 14.4988
1431.4500 14.3672
1510.9750 14.4164
1590.5000 14.4640
1670.0250 14.7669
1749.5500 14.4820
1829.0750 14.9657
1908.6000 14.4826
1988.1250 14.5523
2067.6500 14.5677
2147.1750 14.8713
2226.7000 14.7634
2306.2250 14.6179
2385.7500 14.8050
2465.2750 14.7212
2544.8000 14.9356
2624.3250 14.8339
2703.8500 14.8010
2783.3750 14.9987
2862.9000 15.3682
2942.4250 15.2313
3021.9500 15.7025
3101.4750 14.9994
3181.0000 15.2316
3260.5250 15.0122
3340.0500 15.0473
3419.5750 15.5123
3499.1000 15.3326
3578.6250 15.4884
3658.1500 15.3986
3737.6750 15.3572
3817.2000 15.1239
3896.7250 15.4658
