VARIABLES = "Lag Time" "MSD"
ZONE T = "MPC 608"
0.0000 0.0000
79.5250 15.4146
159.0500 16.1412
238.5750 16.0251
318.1000 16.4944
397.6250 16.7129
477.1500 17.1144
556.6750 16.5518
636.2000 16.6711
715.7250 17.1468
795.2500 16.8292
874.7750 17.3296
954.3000 17.3340
1033.8250 17.2104
1113.3500 17.2289
1192.8750 17.2922
1272.4000 17.1746
1351.9250 17.1896
1431.4500 17.3812
1510.9750 17.1033
1590.5000 17.4508
1670.0250 17.4998
1749.5500 17.3772
1829.0750 17.3777
1908.6000 17.4493
1988.1250 17.7616
2067.6500 17.2670
2147.1750 17.3189
2226.7000 17.5161
2306.2250 17.4328
2385.7500 17.6896
2465.2750 17.1917
2544.8000 17.5378
2624.3250 17.8051
2703.8500 17.2367
2783.3750 17.8831
2862.9000 17.3439
2942.4250 17.8083
3021.9500 17.5596
3101.4750 17.9057
3181.0000 18.0707
3260.5250 17.7794
3340.0500 17.8811
3419.5750 17.9812
3499.1000 18.5453
3578.6250 18.0526
3658.1500 18.0644
3737.6750 18.0608
3817.2000 18.2935
3896.7250 18.6752
