VARIABLES = "Lag Time" "MSD"
ZONE T = "MPC 602"
0.0000 0.0000
79.5250 15.7535
159.0500 15.7140
238.5750 16.2182
318.1000 16.4965
397.6250 16.2922
477.1500 16.5648
556.6750 17.1879
636.2000 16.6625
715.7250 16.4744
795.2500 17.1444
874.7750 17.1232
954.3000 17.1183
1033.8250 17.4201
1113.3500 17.0305
1192.8750 17.4842
1272.4000 17.6239
1351.9250 17.6860
1431.4500 17.0109
1510.9750 17.8403
1590.5000 17.6851
1670.0250 17.5769
1749.5500 17.7409
1829.0750 17.7240
1908.6000 17.7560
1988.1250 18.3950
2067.6500 18.4103
2147.1750 18.1574
2226.7000 18.2697
2306.2250 18.1809
2385.7500 18.4083
2465.2750 18.4684
2544.8000 18.3397
2624.3250 18.5669
2703.8500 18.2792
2783.3750 18.6689
2862.9000 18.4816
2942.4250 18.6358
3021.9500 19.2904
3101.4750 18.7167
3181.0000 18.9903
3260.5250 18.8515
3340.0500 18.8378
3419.5750 18.8867
3499.1000 18.6887
3578.6250 19.3832
3658.1500 18.7816
3737.6750 18.7971
3817.2000 18.9626
3896.7250 18.8812
