VARIABLES = "Lag Time" "MSD"
ZONE T = "MPC 613"
0.0000 0.0000
79.5250 16.1472
159.0500 16.7784
238.5750 16.8171
318.1000 16.7113
397.6250 17.0993
477.1500 16.9313
556.6750 16.9462
636.2000 16.7853
715.7250 17.5416
795.2500 17.1208
874.7750 16.9348
954.3000 16.9865
1033.8250 17.2199
1113.3500 17.2467
1192.8750 17.1915
1272.4000 17.6201
1351.9250 17.7407
1431.4500 17.4876
1510.9750 17.3263
1590.5000 17.3986
1670.0250 17.3021
1749.5500 17.6669
1829.0750 17.0295
1908.6000 17.2008
1988.1250 17.4455
2067.6500 17.6686
2147.1750 17.2378
2226.7000 17.6916
2306.2250 17.4252
2385.7500 17.8666
2465.2750 17.6105
2544.8000 17.5857
2624.3250 17.7920
2703.8500 17.8059
2783.3750 17.6858
2862.9000 17.9864
2942.4250 17.7083
3021.9500 18.0666
3101.4750 17.6612
3181.0000 17.6472
3260.5250 18.0532
3340.0500 18.1065
3419.5750 18.0062
3499.1000 17.6791
3578.6250 17.7545
3658.1500 17.4706
3737.6750 17.7877
3817.2000 17.7437
3896.7250 18.2082
