VARIABLES = "Lag Time" "MSD"
ZONE T = "MPC 615"
0.0000 0.0000
79.5250 16.1830
159.0500 15.8957
238.5750 16.6951
318.1000 16.7376
397.6250 16.9456
477.1500 16.8698
556.6750 17.0840
636.2000 17.2880
715.7250 17.2545
795.2500 17.4915
874.7750 17.2923
954.3000 17.0842
1033.8250 17.1643
1113.3500 17.1329
1192.8750 17.6264
1272.4000 16.9274
1351.9250 17.5518
1431.4500 17.9759
1510.9750 17.9514
1590.5000 17.6431
1670.0250 17.5835
1749.5500 17.6609
1829.0750 17.9378
1908.6000 17.7856
1988.1250 17.7672
2067.6500 18.3457
2147.1750 18.2425
2226.7000 18.1546
2306.2250 17.9096
2385.7500 18.3815
2465.2750 18.2057
2544.8000 18.3549
2624.3250 18.1287
2703.8500 18.4555
2783.3750 18.3301
2862.9000 18.1404
2942.4250 18.6129
3021.9500 18.3893
3101.4750 18.5484
3181.0000 18.4111
3260.5250 18.7912
3340.0500 18.4573
3419.5750 18.6133
3499.1000 18.7022
3578.6250 18.2412
3658.1500 18.6012
3737.6750 18.4914
3817.2000 19.0367
3896.7250 18.7742
