VARIABLES = "Lag Time" "MSD"
ZONE T = "MPC 738"
0.0000 0.0000
79.5250 11.3206
159.0500 11.8847
238.5750 11.6371
318.1000 11.8003
397.6250 11.9506
477.1500 11.5230
556.6750 11.8146
636.2000 11.6933
715.7250 11.8182
795.2500 11.8981
874.7750 12.0363
954.3000 11.9943
1033.8250 11.9242
1113.3500 11.9337
1192.8750 11.8556
1272.4000 11.7410
1351.9250 12.1219
1431.4500 12.2181
1510.9750 12.0447
1590.5000 11.8338
1670.0250 11.8411
1749.5500 12.1356
1829.0750 11.7566
1908.6000 11.8444
1988.1250 12.0599
2067.6500 12.0177
2147.1750 11.8999
2226.7000 12.0015
2306.2250 12.3216
2385.7500 11.8675
2465.2750 12.3017
2544.8000 12.0281
2624.3250 12.0382
2703.8500 12.2375
2783.3750 12.5738
2862.9000 12.0154
2942.4250 12.3773
3021.9500 12.1137
3101.4750 11.9808
3181.0000 12.0625
3260.5250 12.3338
3340.0500 12.1463
3419.5750 12.1889
3499.1000 12.4539
3578.6250 12.0301
3658.1500 12.3506
3737.6750 12.1813
3817.2000 12.3193
3896.7250 12.5568
