VARIABLES = "Lag Time" "MSD"
ZONE T = "MPC 786"
0.0000 0.0000
79.5250 10.0514
159.0500 10.4296
238.5750 10.6257
318.1000 10.5671
397.6250 10.9858
477.1500 10.8009
556.6750 10.7382
636.2000 10.7342
715.7250 10.6516
795.2500 11.0454
874.7750 11.2440
954.3000 11.0938
1033.8250 11.2570
1113.3500 11.1995
1192.8750 11.2544
1272.4000 11.0923
1351.9250 11.1947
1431.4500 11.4206
1510.9750 11.3519
1590.5000 11.1373
1670.0250 11.2108
1749.5500 11.4919
1829.0750 11.2044
1908.6000 11.0655
1988.1250 11.3954
2067.6500 11.3552
2147.1750 11.4196
2226.7000 11.4103
2306.2250 11.3331
2385.7500 11.3386
2465.2750 11.6881
2544.8000 11.6668
2624.3250 11.5361
2703.8500 11.6888
2783.3750 11.7633
2862.9000 11.5486
2942.4250 11.8568
3021.9500 11.7396
3101.4750 11.9940
3181.0000 11.8281
3260.5250 11.8291
3340.0500 11.9783
3419.5750 11.7682
3499.1000 12.0656
3578.6250 11.9594
3658.1500 12.2064
3737.6750 12.1411
3817.2000 12.1285
3896.7250 11.9591
