VARIABLES = "Lag Time" "MSD"
ZONE T = "MPC 734"
0.0000 0.0000
79.5250 11.8182
159.0500 12.3132
238.5750 12.0600
318.1000 12.2548
397.6250 12.2519
477.1500 12.4708
556.6750 12.0829
636.2000 12.1159
715.7250 12.0297
795.2500 12.5648
874.7750 12.5514
954.3000 12.2776
1033.8250 12.5001
1113.3500 12.2964
1192.8750 12.2276
1272.4000 12.3787
1351.9250 12.2340
1431.4500 12.5877
1510.9750 12.7623
1590.5000 12.7131
1670.0250 12.5248
1749.5500 12.6327
1829.0750 12.4111
1908.6000 12.4928
1988.1250 12.5776
2067.6500 12.6546
2147.1750 12.7586
2226.7000 12.7609
2306.2250 12.6752
2385.7500 12.6875
2465.2750 12.8509
2544.8000 12.6966
2624.3250 12.7010
2703.8500 12.4377
2783.3750 12.6503
2862.9000 12.6062
2942.4250 12.6665
3021.9500 12.4284
3101.4750 12.7434
3181.0000 12.6190
3260.5250 12.8176
3340.0500 12.9169
3419.5750 12.5709
3499.1000 12.4886
3578.6250 12.8557
3658.1500 12.8358
3737.6750 13.0099
3817.2000 12.8097
3896.7250 12.6793
