VARIABLES = "Lag Time" "MSD"
ZONE T = "MPC 766"
0.0000 0.0000
79.5250 10.7843
159.0500 10.8022
238.5750 10.9752
318.1000 10.9458
397.6250 10.6334
477.1500 10.7202
556.6750 10.8976
636.2000 10.9810
715.7250 10.7847
795.2500 10.8364
874.7750 11.0409
954.3000 10.8066
1033.8250 10.9922
1113.3500 10.9501
1192.8750 10.9979
1272.4000 10.8330
1351.9250 10.9785
1431.4500 10.9828
1510.9750 10.9993
1590.5000 11.0437
1670.0250 11.1893
1749.5500 11.0740
1829.0750 11.2168
1908.6000 11.1927
1988.1250 11.1057
2067.6500 11.0573
2147.1750 11.0636
2226.7000 11.1129
2306.2250 11.2840
2385.7500 11.0224
2465.2750 11.1577
2544.8000 11.1091
2624.3250 11.1061
2703.8500 11.2857
2783.3750 11.2858
2862.9000 11.1670
2942.4250 10.9343
3021.9500 11.1182
3101.4750 11.0227
3181.0000 11.1930
3260.5250 11.0285
3340.0500 11.3200
3419.5750 11.1870
3499.1000 11.0849
3578.6250 11.3191
3658.1500 11.1145
3737.6750 11.1209
3817.2000 11.1661
3896.7250 11.1587
