VARIABLES = "Lag Time" "MSD"
ZONE T = "MPC 772"
0.0000 0.0000
79.5250 10.5947
159.0500 10.4894
238.5750 10.8805
318.1000 10.7453
397.6250 11.0758
477.1500 11.0547
556.6750 10.8663
636.2000 10.6730
715.7250 11.1239
795.2500 11.0181
874.7750 11.0490
954.3000 11.1120
1033.8250 11.2865
1113.3500 11.1004
1192.8750 11.1413
1272.4000 10.9605
1351.9250 10.9452
1431.4500 10.9644
1510.9750 11.1037
1590.5000 11.1687
1670.0250 11.0468
1749.5500 11.2787
1829.0750 11.4672
1908.6000 11.1812
1988.1250 11.3106
2067.6500 11.1471
2147.1750 11.0731
2226.7000 11.2304
2306.2250 10.9572
2385.7500 11.1475
2465.2750 11.1360
2544.8000 11.4997
2624.3250 11.2678
2703.8500 11.1947
2783.3750 11.0931
2862.9000 11.3951
2942.4250 11.0805
3021.9500 11.5962
3101.4750 11.2676
3181.0000 11.6355
3260.5250 11.2910
3340.0500 11.0354
3419.5750 11.2315
3499.1000 11.5178
3578.6250 11.5104
3658.1500 11.3053
3737.6750 11.2350
3817.2000 11.4225
3896.7250 11.5906
