VARIABLES = "Lag Time" "MSD"
ZONE T = "MPC 749"
0.0000 0.0000
79.5250 10.9549
159.0500 11.1093
238.5750 11.2839
318.1000 11.3793
397.6250 11.3626
477.1500 11.4518
556.6750 11.5289
636.2000 11.5307
715.7250 11.5587
795.2500 11.6243
874.7750 11.7043
954.3000 11.9634
1033.8250 11.8763
1113.3500 11.6514
1192.8750 11.8221
1272.4000 11.8396
1351.9250 12.0264
1431.4500 11.9971
1510.9750 11.9592
1590.5000 12.1679
1670.0250 11.9752
1749.5500 12.0001
1829.0750 12.0229
1908.6000 12.1391
1988.1250 12.2552
2067.6500 12.1828
2147.1750 12.3110
2226.7000 12.4241
2306.2250 12.3392
2385.7500 12.3325
2465.2750 12.5643
2544.8000 12.3718
2624.3250 12.7591
2703.8500 12.6867
2783.3750 12.6758
2862.9000 12.7424
2942.4250 12.4831
3021.9500 12.6850
3101.4750 12.9332
3181.0000 12.8470
3260.5250 12.9448
3340.0500 13.0900
3419.5750 12.8398
3499.1000 13.1558
3578.6250 13.2739
3658.1500 12.8641
3737.6750 13.4037
3817.2000 13.1059
3896.7250 13.1308
