VARIABLES = "Lag Time" "MSD"
ZONE T = "MPC 755"
0.0000 0.0000
79.5250 11.0703
159.0500 11.2910
238.5750 11.7528
318.1000 11.6365
397.6250 11.7909
477.1500 12.0396
556.6750 11.7429
636.2000 12.0352
715.7250 12.0373
795.2500 11.9833
874.7750 12.1206
954.3000 12.0422
1033.8250 12.1543
1113.3500 12.1390
1192.8750 12.2267
1272.4000 12.1892
1351.9250 12.3744
1431.4500 12.2873
1510.9750 11.9737
1590.5000 12.4050
1670.0250 12.6157
1749.5500 12.2824
1829.0750 12.4611
1908.6000 12.3428
1988.1250 12.4184
2067.6500 12.5976
2147.1750 12.3728
2226.7000 12.3791
2306.2250 12.5844
2385.7500 12.5544
2465.2750 12.6493
2544.8000 12.6728
2624.3250 12.4797
2703.8500 12.7399
2783.3750 12.8522
2862.9000 12.8296
2942.4250 12.6354
3021.9500 12.7404
3101.4750 12.9511
3181.0000 13.1665
3260.5250 12.9917
3340.0500 12.8767
3419.5750 13.1349
3499.1000 13.2838
3578.6250 13.3777
3658.1500 12.9163
3737.6750 13.1642
3817.2000 13.6134
3896.7250 13.1461
