VARIABLES = "Lag Time" "MSD"
ZONE T = "MPC 792"
0.0000 0.0000
79.5250 10.9757
159.0500 11.1893
238.5750 11.2072
318.1000 11.0824
397.6250 11.4663
477.1500 11.0052
556.6750 11.2179
636.2000 11.3322
715.7250 11.2103
795.2500 11.0960
874.7750 11.3135
954.3000 11.0723
1033.8250 11.2808
1113.3500 11.3577
1192.8750 11.3602
1272.4000 11.4357
1351.9250 11.3365
1431.4500 11.3277
1510.9750 11.3091
1590.5000 11.2578
1670.0250 11.4665
1749.5500 11.7683
1829.0750 11.4327
1908.6000 11.1846
1988.1250 11.2831
2067.6500 11.1358
2147.1750 11.3058
2226.7000 11.3689
2306.2250 11.4771
2385.7500 11.5232
2465.2750 11.7588
2544.8000 11.5811
2624.3250 11.5275
2703.8500 11.5094
2783.3750 11.4364
2862.9000 11.5322
2942.4250 11.3150
3021.9500 11.5471
3101.4750 11.3554
3181.0000 11.4893
3260.5250 11.6726
3340.0500 11.4933
3419.5750 11.7280
3499.1000 11.6524
3578.6250 11.6247
3658.1500 11.5282
3737.6750 11.5196
3817.2000 11.7521
3896.7250 11.5886
