VARIABLES = "Lag Time" "MSD"
ZONE T = "MPC 748"
0.0000 0.0000
79.5250 11.5797
159.0500 11.2558
238.5750 11.8229
318.1000 11.8635
397.6250 11.6698
477.1500 11.9187
556.6750 11.7707
636.2000 11.8052
715.7250 12.0147
795.2500 12.0601
874.7750 11.7291
954.3000 12.0906
1033.8250 11.8984
1113.3500 11.8788
1192.8750 11.5041
1272.4000 11.8317
1351.9250 11.6965
1431.4500 12.0232
1510.9750 11.7707
1590.5000 12.2835
1670.0250 11.9333
1749.5500 12.0643
1829.0750 12.1474
1908.6000 11.9840
1988.1250 12.3585
2067.6500 12.3080
2147.1750 12.2983
2226.7000 12.3280
2306.2250 12.3847
2385.7500 12.2215
2465.2750 12.1218
2544.8000 12.1518
2624.3250 12.2368
2703.8500 12.1852
2783.3750 12.1313
2862.9000 12.0094
2942.4250 12.2764
3021.9500 11.8613
3101.4750 12.1636
3181.0000 12.0801
3260.5250 12.2157
3340.0500 12.1415
3419.5750 12.1140
3499.1000 12.3980
3578.6250 12.2366
3658.1500 12.3653
3737.6750 12.5901
3817.2000 12.0770
3896.7250 12.2783
