VARIABLES = "Lag Time" "MSD"
ZONE T = "MPC 75"
0.0000 0.0000
79.5250 104.0559
159.0500 132.7356
238.5750 144.3300
318.1000 154.3518
397.6250 163.8564
477.1500 169.4342
556.6750 172.8031
636.2000 174.2498
715.7250 178.4371
795.2500 180.6237
874.7750 186.3695
954.3000 185.8437
1033.8250 188.0179
1113.3500 189.1721
1192.8750 191.0323
1272.4000 195.1043
1351.9250 201.3481
1431.4500 201.3539
1510.9750 202.3888
1590.5000 204.3778
1670.0250 206.8362
1749.5500 207.1345
1829.0750 208.4289
1908.6000 210.9210
1988.1250 212.7494
2067.6500 218.6796
2147.1750 219.1010
2226.7000 219.1406
2306.2250 222.9551
2385.7500 228.1724
2465.2750 228.9892
2544.8000 229.7557
2624.3250 230.4894
2703.8500 231.2054
2783.3750 230.4745
2862.9000 236.2343
2942.4250 236.4994
3021.9500 240.7640
3101.4750 242.8408
3181.0000 245.4029
3260.5250 245.9398
3340.0500 247.1314
3419.5750 252.1629
3499.1000 254.4509
3578.6250 255.0621
3658.1500 259.0318
3737.6750 260.3697
3817.2000 262.9455
3896.7250 266.7675
