VARIABLES = "Lag Time" "MSD"
ZONE T = "MPC 741"
0.0000 0.0000
79.5250 11.2662
159.0500 11.4118
238.5750 11.4382
318.1000 11.5463
397.6250 11.4596
477.1500 11.1573
556.6750 11.7924
636.2000 11.5246
715.7250 11.5233
795.2500 11.8638
874.7750 12.0186
954.3000 11.5292
1033.8250 11.7154
1113.3500 11.9126
1192.8750 11.7122
1272.4000 11.4641
1351.9250 11.7015
1431.4500 11.4571
1510.9750 11.8719
1590.5000 11.7718
1670.0250 11.7500
1749.5500 11.8562
1829.0750 11.6982
1908.6000 11.8019
1988.1250 11.5287
2067.6500 11.6147
2147.1750 11.9758
2226.7000 11.9132
2306.2250 11.9094
2385.7500 11.9041
2465.2750 11.8656
2544.8000 11.9719
2624.3250 11.8026
2703.8500 11.8364
2783.3750 11.9972
2862.9000 12.0924
2942.4250 12.0232
3021.9500 11.6960
3101.4750 11.8751
3181.0000 12.0157
3260.5250 11.9041
3340.0500 12.1229
3419.5750 11.9418
3499.1000 12.0226
3578.6250 12.2542
3658.1500 11.7140
3737.6750 11.9730
3817.2000 12.1767
3896.7250 11.9571
