VARIABLES = "Lag Time" "MSD"
ZONE T = "MPC 753"
0.0000 0.0000
79.5250 11.1504
159.0500 11.4373
238.5750 11.5911
318.1000 11.6399
397.6250 12.0493
477.1500 11.6426
556.6750 11.8094
636.2000 12.2409
715.7250 12.1407
795.2500 11.8444
874.7750 11.8205
954.3000 12.0291
1033.8250 11.9857
1113.3500 12.0369
1192.8750 12.2517
1272.4000 12.2052
1351.9250 12.0327
1431.4500 12.0458
1510.9750 12.2798
1590.5000 12.1016
1670.0250 12.1495
1749.5500 12.3285
1829.0750 12.4392
1908.6000 12.3093
1988.1250 12.2398
2067.6500 12.5031
2147.1750 12.5665
2226.7000 12.8092
2306.2250 12.3779
2385.7500 12.8068
2465.2750 12.1872
2544.8000 12.5660
2624.3250 12.6717
2703.8500 12.8722
2783.3750 12.5623
2862.9000 12.6486
2942.4250 12.5562
3021.9500 12.7652
3101.4750 12.7953
3181.0000 12.8478
3260.5250 12.8391
3340.0500 13.1817
3419.5750 12.8362
3499.1000 13.0371
3578.6250 12.9498
3658.1500 13.0327
3737.6750 12.9661
3817.2000 13.0968
3896.7250 12.9119
