VARIABLES = "Lag Time" "MSD"
ZONE T = "MPC 72"
0.0000 0.0000
79.5250 186.2151
159.0500 265.0480
238.5750 304.7545
318.1000 329.6382
397.6250 342.4697
477.1500 351.5524
556.6750 351.2616
636.2000 356.2104
715.7250 364.3844
795.2500 367.7582
874.7750 368.1454
954.3000 367.7593
1033.8250 368.2301
1113.3500 366.6429
1192.8750 366.6759
1272.4000 373.3472
1351.9250 376.4784
1431.4500 376.6813
1510.9750 378.4422
1590.5000 379.2040
1670.0250 377.5496
1749.5500 380.9532
1829.0750 385.8936
1908.6000 387.3345
1988.1250 388.6564
2067.6500 385.1133
2147.1750 385.8482
2226.7000 388.5283
2306.2250 388.8007
2385.7500 394.3606
2465.2750 391.8249
2544.8000 391.8130
2624.3250 393.0007
2703.8500 395.7720
2783.3750 397.1170
2862.9000 400.1245
2942.4250 400.1164
3021.9500 402.5695
3101.4750 403.5821
3181.0000 400.6849
3260.5250 396.3377
3340.0500 399.1460
3419.5750 402.5668
3499.1000 395.4320
3578.6250 394.0149
3658.1500 397.7335
3737.6750 402.0445
3817.2000 404.2159
3896.7250 403.0283
