VARIABLES = "Lag Time" "MSD"
ZONE T = "MPC 735"
0.0000 0.0000
79.5250 11.6382
159.0500 11.5352
238.5750 11.8925
318.1000 11.7765
397.6250 11.8899
477.1500 11.8869
556.6750 12.0416
636.2000 12.1297
715.7250 12.0540
795.2500 12.3701
874.7750 11.7491
954.3000 12.2779
1033.8250 12.1850
1113.3500 12.2742
1192.8750 12.1784
1272.4000 12.3888
1351.9250 12.3312
1431.4500 12.4589
1510.9750 12.3375
1590.5000 12.3733
1670.0250 12.4193
1749.5500 12.1613
1829.0750 12.5264
1908.6000 12.6056
1988.1250 12.5448
2067.6500 12.6097
2147.1750 12.6145
2226.7000 12.5613
2306.2250 12.6109
2385.7500 12.5887
2465.2750 12.6924
2544.8000 12.7546
2624.3250 12.7093
2703.8500 12.7742
2783.3750 12.7643
2862.9000 12.5843
2942.4250 12.7306
3021.9500 13.1022
3101.4750 12.7517
3181.0000 12.7877
3260.5250 12.9645
3340.0500 12.9161
3419.5750 12.7805
3499.1000 13.1112
3578.6250 13.0733
3658.1500 12.9476
3737.6750 13.2341
3817.2000 13.3164
3896.7250 13.2840
