VARIABLES = "Lag Time" "MSD"
ZONE T = "MPC 746"
0.0000 0.0000
79.5250 11.3564
159.0500 11.7232
238.5750 11.8497
318.1000 11.7460
397.6250 11.5471
477.1500 11.7999
556.6750 11.8252
636.2000 11.6998
715.7250 11.8948
795.2500 11.8094
874.7750 11.9005
954.3000 12.0735
1033.8250 11.9479
1113.3500 12.0497
1192.8750 12.1384
1272.4000 12.0626
1351.9250 11.7751
1431.4500 12.2756
1510.9750 12.1197
1590.5000 12.0187
1670.0250 12.1063
1749.5500 12.3288
1829.0750 12.2657
1908.6000 12.0875
1988.1250 12.1320
2067.6500 12.4953
2147.1750 12.1775
2226.7000 12.3149
2306.2250 12.3026
2385.7500 12.0834
2465.2750 12.7851
2544.8000 12.3911
2624.3250 12.2044
2703.8500 12.3834
2783.3750 12.5246
2862.9000 12.5361
2942.4250 12.4480
3021.9500 12.6309
3101.4750 12.1516
3181.0000 12.6381
3260.5250 12.5411
3340.0500 12.6635
3419.5750 12.5985
3499.1000 12.3578
3578.6250 12.5375
3658.1500 12.4892
3737.6750 12.7575
3817.2000 12.6275
3896.7250 12.6352
