VARIABLES = "Lag Time" "MSD"
ZONE T = "MPC 785"
0.0000 0.0000
79.5250 10.6851
159.0500 10.8600
238.5750 11.0303
318.1000 11.1943
397.6250 11.1868
477.1500 10.8764
556.6750 11.0231
636.2000 11.2163
715.7250 11.2458
795.2500 11.1343
874.7750 11.2173
954.3000 11.3408
1033.8250 11.2661
1113.3500 11.4991
1192.8750 11.2389
1272.4000 11.4349
1351.9250 11.5385
1431.4500 11.5290
1510.9750 11.4215
1590.5000 11.3762
1670.0250 11.5578
1749.5500 11.5655
1829.0750 11.7457
1908.6000 11.4683
1988.1250 11.6844
2067.6500 11.7002
2147.1750 11.8400
2226.7000 12.0281
2306.2250 11.6710
2385.7500 11.8996
2465.2750 12.0997
2544.8000 12.2065
2624.3250 11.9883
2703.8500 11.8512
2783.3750 12.0908
2862.9000 12.0495
2942.4250 11.9302
3021.9500 12.2948
3101.4750 12.2009
3181.0000 12.0123
3260.5250 12.3998
3340.0500 12.1988
3419.5750 12.2620
3499.1000 12.2335
3578.6250 12.2424
3658.1500 12.2653
3737.6750 12.6339
3817.2000 12.4735
3896.7250 12.3839
