VARIABLES = "Lag Time" "MSD"
ZONE T = "MPC 728"
0.0000 0.0000
79.5250 12.3016
159.0500 12.4955
238.5750 12.3067
318.1000 12.5207
397.6250 12.3063
477.1500 12.4065
556.6750 12.6593
636.2000 13.1744
715.7250 12.7270
795.2500 12.7312
874.7750 12.7771
954.3000 12.7713
1033.8250 12.7882
1113.3500 12.9431
1192.8750 12.9096
1272.4000 12.8597
1351.9250 12.9300
1431.4500 12.8015
1510.9750 13.0738
1590.5000 12.9419
1670.0250 12.9191
1749.5500 12.9600
1829.0750 12.9221
1908.6000 13.2951
1988.1250 13.0435
2067.6500 12.8953
2147.1750 13.4279
2226.7000 13.2221
2306.2250 13.0555
2385.7500 13.2527
2465.2750 13.2315
2544.8000 12.9452
2624.3250 13.3723
2703.8500 13.1697
2783.3750 13.3163
2862.9000 13.1784
2942.4250 13.2741
3021.9500 13.4201
3101.4750 13.4660
3181.0000 13.5723
3260.5250 13.3780
3340.0500 13.2938
3419.5750 13.6217
3499.1000 13.5226
3578.6250 13.6301
3658.1500 13.3312
3737.6750 13.2268
3817.2000 13.3759
3896.7250 13.5083
