VARIABLES = "Lag Time" "MSD"
ZONE T = "MPC 760"
0.0000 0.0000
79.5250 11.0055
159.0500 11.3371
238.5750 11.6266
318.1000 11.6684
397.6250 11.7942
477.1500 11.5518
556.6750 11.4706
636.2000 11.5681
715.7250 11.6655
795.2500 11.5860
874.7750 12.1021
954.3000 11.8239
1033.8250 11.8516
1113.3500 11.9403
1192.8750 12.0036
1272.4000 11.9223
1351.9250 12.0065
1431.4500 12.1532
1510.9750 11.6943
1590.5000 11.9158
1670.0250 12.0271
1749.5500 12.2989
1829.0750 12.0230
1908.6000 12.2956
1988.1250 11.8033
2067.6500 12.0998
2147.1750 12.1752
2226.7000 12.0402
2306.2250 12.2102
2385.7500 12.1960
2465.2750 12.1571
2544.8000 12.1324
2624.3250 12.0080
2703.8500 12.2746
2783.3750 12.5100
2862.9000 12.3579
2942.4250 12.1983
3021.9500 12.2944
3101.4750 12.5402
3181.0000 12.5736
3260.5250 12.5903
3340.0500 12.2752
3419.5750 12.3249
3499.1000 12.5408
3578.6250 12.4415
3658.1500 12.6166
3737.6750 12.4504
3817.2000 12.5894
3896.7250 12.9745
