VARIABLES = "Lag Time" "MSD"
ZONE T = "MPC 765"
0.0000 0.0000
79.5250 10.9719
159.0500 11.0651
238.5750 11.0602
318.1000 11.3163
397.6250 11.3697
477.1500 11.4533
556.6750 11.6274
636.2000 11.4802
715.7250 11.6511
795.2500 11.4542
874.7750 11.6393
954.3000 11.5764
1033.8250 11.5341
1113.3500 11.5538
1192.8750 11.7386
1272.4000 11.2930
1351.9250 11.7297
1431.4500 11.9569
1510.9750 11.7607
1590.5000 11.7385
1670.0250 11.6945
1749.5500 11.8014
1829.0750 11.7089
1908.6000 11.6301
1988.1250 11.7599
2067.6500 11.7464
2147.1750 11.7365
2226.7000 11.7195
2306.2250 11.7565
2385.7500 12.1811
2465.2750 12.0109
2544.8000 12.0175
2624.3250 12.0424
2703.8500 12.2471
2783.3750 12.0146
2862.9000 12.0407
2942.4250 12.1297
3021.9500 12.1074
3101.4750 12.3840
3181.0000 12.0522
3260.5250 12.3321
3340.0500 12.1310
3419.5750 12.2151
3499.1000 12.0186
3578.6250 12.2374
3658.1500 12.1100
3737.6750 11.9171
3817.2000 12.2975
3896.7250 12.1013
