VARIABLES = "Lag Time" "MSD"
ZONE T = "MPC 751"
0.0000 0.0000
79.5250 11.5789
159.0500 11.6943
238.5750 11.8133
318.1000 12.0173
397.6250 11.8490
477.1500 11.6526
556.6750 11.9841
636.2000 11.9862
715.7250 11.9901
795.2500 11.8037
874.7750 11.8068
954.3000 12.1184
1033.8250 11.8143
1113.3500 11.9214
1192.8750 11.9870
1272.4000 11.7509
1351.9250 11.8543
1431.4500 12.1566
1510.9750 11.7288
1590.5000 12.2400
1670.0250 12.0769
1749.5500 12.1381
1829.0750 12.1097
1908.6000 12.1435
1988.1250 12.0854
2067.6500 12.1428
2147.1750 12.2064
2226.7000 12.2059
2306.2250 11.7801
2385.7500 12.0592
2465.2750 12.0741
2544.8000 11.8843
2624.3250 11.9773
2703.8500 12.1431
2783.3750 12.0901
2862.9000 12.1967
2942.4250 12.2564
3021.9500 12.1473
3101.4750 11.9220
3181.0000 12.3242
3260.5250 12.2822
3340.0500 12.1242
3419.5750 12.2484
3499.1000 12.6002
3578.6250 12.3642
3658.1500 12.4097
3737.6750 12.3924
3817.2000 12.3096
3896.7250 12.1985
