VARIABLES = "Lag Time" "MSD"
ZONE T = "MPC 758"
0.0000 0.0000
79.5250 11.0224
159.0500 11.2441
238.5750 11.2387
318.1000 11.4469
397.6250 11.5652
477.1500 11.5017
556.6750 11.4416
636.2000 11.6995
715.7250 11.7852
795.2500 11.8490
874.7750 11.6625
954.3000 11.7955
1033.8250 11.7668
1113.3500 11.8240
1192.8750 11.6132
1272.4000 11.5991
1351.9250 11.7948
1431.4500 11.5850
1510.9750 11.8939
1590.5000 11.5889
1670.0250 11.9070
1749.5500 12.0767
1829.0750 11.9932
1908.6000 12.0950
1988.1250 12.0143
2067.6500 11.9548
2147.1750 11.7281
2226.7000 11.8695
2306.2250 12.0617
2385.7500 11.9430
2465.2750 11.8916
2544.8000 11.8883
2624.3250 12.0772
2703.8500 11.7770
2783.3750 11.9124
2862.9000 11.9246
2942.4250 11.9599
3021.9500 11.8811
3101.4750 12.2281
3181.0000 12.0223
3260.5250 11.8686
3340.0500 11.9560
3419.5750 11.9561
3499.1000 12.0916
3578.6250 12.0108
3658.1500 11.9792
3737.6750 11.8993
3817.2000 11.9820
3896.7250 11.9220
