VARIABLES = "Lag Time" "MSD"
ZONE T = "MPC 769"
0.0000 0.0000
79.5250 11.1416
159.0500 11.2740
238.5750 11.3693
318.1000 11.7068
397.6250 11.6812
477.1500 11.7537
556.6750 11.8688
636.2000 11.7343
715.7250 11.7489
795.2500 11.5177
874.7750 11.7410
954.3000 11.5144
1033.8250 11.8595
1113.3500 11.6910
1192.8750 12.0110
1272.4000 11.9941
1351.9250 11.9864
1431.4500 11.6949
1510.9750 12.0089
1590.5000 11.9299
1670.0250 11.6255
1749.5500 11.9617
1829.0750 11.8553
1908.6000 12.3105
1988.1250 12.1434
2067.6500 11.6943
2147.1750 12.1974
2226.7000 11.8867
2306.2250 12.1454
2385.7500 12.1366
2465.2750 12.1749
2544.8000 11.8806
2624.3250 11.9528
2703.8500 12.0204
2783.3750 12.0767
2862.9000 12.4390
2942.4250 12.1581
3021.9500 12.5142
3101.4750 12.3324
3181.0000 11.9129
3260.5250 12.1120
3340.0500 11.8406
3419.5750 12.1967
3499.1000 12.0952
3578.6250 12.1725
3658.1500 12.1301
3737.6750 12.2843
3817.2000 12.4507
3896.7250 12.1817
