VARIABLES = "Lag Time" "MSD"
ZONE T = "MPC 745"
0.0000 0.0000
79.5250 11.5871
159.0500 11.7407
238.5750 11.7517
318.1000 11.3428
397.6250 11.8502
477.1500 11.9652
556.6750 11.8592
636.2000 11.7774
715.7250 11.7169
795.2500 12.0243
874.7750 11.8072
954.3000 12.0889
1033.8250 11.8489
1113.3500 12.0579
1192.8750 12.0537
1272.4000 12.4545
1351.9250 12.3042
1431.4500 12.1475
1510.9750 12.1898
1590.5000 12.1524
1670.0250 12.1762
1749.5500 12.1100
1829.0750 12.1808
1908.6000 12.1317
1988.1250 12.6344
2067.6500 12.0938
2147.1750 12.1376
2226.7000 12.2498
2306.2250 12.2422
2385.7500 12.2309
2465.2750 12.4227
2544.8000 12.3072
2624.3250 12.4605
2703.8500 12.3247
2783.3750 12.4217
2862.9000 12.6108
2942.4250 12.3652
3021.9500 12.4090
3101.4750 12.5131
3181.0000 12.8238
3260.5250 12.6873
3340.0500 12.5640
3419.5750 12.7165
3499.1000 12.8588
3578.6250 12.7464
3658.1500 12.8876
3737.6750 13.0219
3817.2000 12.7624
3896.7250 12.9809
