VARIABLES = "Lag Time" "MSD"
ZONE T = "MPC 767"
0.0000 0.0000
79.5250 10.8399
159.0500 11.0967
238.5750 11.4135
318.1000 11.0392
397.6250 11.2762
477.1500 11.3675
556.6750 10.9276
636.2000 10.8749
715.7250 11.5718
795.2500 11.6148
874.7750 11.6423
954.3000 11.3711
1033.8250 11.5821
1113.3500 11.9239
1192.8750 11.3081
1272.4000 11.3573
1351.9250 11.5264
1431.4500 11.7273
1510.9750 11.7845
1590.5000 11.7520
1670.0250 11.5949
1749.5500 11.8035
1829.0750 11.5016
1908.6000 11.7279
1988.1250 11.6116
2067.6500 11.7104
2147.1750 11.5636
2226.7000 11.7481
2306.2250 11.8236
2385.7500 11.7933
2465.2750 11.7671
2544.8000 11.7749
2624.3250 11.4764
2703.8500 11.6832
2783.3750 11.7337
2862.9000 11.8963
2942.4250 11.6057
3021.9500 11.7492
3101.4750 11.8930
3181.0000 11.8197
3260.5250 11.7778
3340.0500 11.9098
3419.5750 11.8100
3499.1000 11.9578
3578.6250 11.6796
3658.1500 11.7014
3737.6750 11.8203
3817.2000 11.6790
3896.7250 11.7313
