VARIABLES = "Lag Time" "MSD"
ZONE T = "MPC 739"
0.0000 0.0000
79.5250 11.6170
159.0500 11.6157
238.5750 11.7314
318.1000 11.8569
397.6250 11.8797
477.1500 12.1628
556.6750 12.1602
636.2000 12.0279
715.7250 11.9924
795.2500 11.9448
874.7750 11.9568
954.3000 11.9818
1033.8250 12.0532
1113.3500 12.1810
1192.8750 12.3023
1272.4000 12.3842
1351.9250 12.3373
1431.4500 12.2210
1510.9750 12.3403
1590.5000 12.5243
1670.0250 12.3399
1749.5500 12.2424
1829.0750 12.3267
1908.6000 12.3007
1988.1250 12.1946
2067.6500 12.7090
2147.1750 12.4529
2226.7000 12.4765
2306.2250 12.4393
2385.7500 12.7019
2465.2750 12.5956
2544.8000 12.4064
2624.3250 12.3663
2703.8500 12.9599
2783.3750 12.6035
2862.9000 12.7635
2942.4250 12.5267
3021.9500 12.7588
3101.4750 12.6047
3181.0000 12.9325
3260.5250 12.8594
3340.0500 12.4113
3419.5750 12.7002
3499.1000 12.4666
3578.6250 12.6609
3658.1500 12.7855
3737.6750 12.4302
3817.2000 12.7779
3896.7250 12.8485
