VARIABLES = "Lag Time" "MSD"
ZONE T = "MPC 723"
0.0000 0.0000
79.5250 11.8169
159.0500 12.0844
238.5750 12.1541
318.1000 12.4741
397.6250 12.2245
477.1500 12.4764
556.6750 12.5874
636.2000 12.2774
715.7250 12.3277
795.2500 12.1308
874.7750 12.5314
954.3000 12.4528
1033.8250 12.5883
1113.3500 12.6210
1192.8750 12.7456
1272.4000 12.6268
1351.9250 12.6013
1431.4500 12.4909
1510.9750 12.6653
1590.5000 12.5859
1670.0250 12.5861
1749.5500 12.8556
1829.0750 12.2806
1908.6000 12.5615
1988.1250 12.7983
2067.6500 12.6538
2147.1750 12.7549
2226.7000 12.6600
2306.2250 12.8966
2385.7500 12.7755
2465.2750 12.8567
2544.8000 12.9896
2624.3250 12.7271
2703.8500 12.7651
2783.3750 12.8617
2862.9000 12.9786
2942.4250 13.0008
3021.9500 12.9524
3101.4750 13.1898
3181.0000 12.9431
3260.5250 12.8720
3340.0500 13.1384
3419.5750 13.0700
3499.1000 12.9251
3578.6250 12.9654
3658.1500 13.0097
3737.6750 13.4014
3817.2000 13.0097
3896.7250 13.0756
