VARIABLES = "Lag Time" "MSD"
ZONE T = "MPC 744"
0.0000 0.0000
79.5250 11.7780
159.0500 11.8191
238.5750 11.9524
318.1000 12.2937
397.6250 11.7804
477.1500 12.2592
556.6750 11.8532
636.2000 12.0783
715.7250 12.1302
795.2500 12.2820
874.7750 12.1422
954.3000 12.0457
1033.8250 12.3863
1113.3500 12.0708
1192.8750 12.0746
1272.4000 12.3755
1351.9250 12.3727
1431.4500 12.3394
1510.9750 12.1585
1590.5000 12.3022
1670.0250 12.2796
1749.5500 12.1698
1829.0750 12.5059
1908.6000 12.6146
1988.1250 12.2610
2067.6500 12.3627
2147.1750 12.1697
2226.7000 12.7347
2306.2250 12.5368
2385.7500 12.5985
2465.2750 12.4077
2544.8000 12.6706
2624.3250 12.2956
2703.8500 12.2362
2783.3750 12.4105
2862.9000 12.2926
2942.4250 12.4557
3021.9500 12.5260
3101.4750 12.5438
3181.0000 12.4684
3260.5250 12.5713
3340.0500 12.4599
3419.5750 12.6817
3499.1000 12.5448
3578.6250 12.4869
3658.1500 12.5824
3737.6750 12.2821
3817.2000 12.6522
3896.7250 12.4654
