VARIABLES = "Lag Time" "MSD"
ZONE T = "MPC 78"
0.0000 0.0000
79.5250 146.4249
159.0500 221.1810
238.5750 263.1880
318.1000 287.7717
397.6250 301.9222
477.1500 311.6120
556.6750 314.7830
636.2000 316.3654
715.7250 315.5786
795.2500 312.3640
874.7750 317.5652
954.3000 321.3140
1033.8250 322.5653
1113.3500 325.0520
1192.8750 332.3190
1272.4000 334.6883
1351.9250 327.1535
1431.4500 318.5198
1510.9750 319.4178
1590.5000 321.4321
1670.0250 327.2139
1749.5500 338.4993
1829.0750 343.2392
1908.6000 343.7842
1988.1250 344.7067
2067.6500 341.7788
2147.1750 341.4097
2226.7000 341.8520
2306.2250 347.0847
2385.7500 348.1194
2465.2750 344.4556
2544.8000 345.6332
2624.3250 349.0493
2703.8500 348.7069
2783.3750 348.5116
2862.9000 346.8631
2942.4250 349.2052
3021.9500 353.4754
3101.4750 353.8721
3181.0000 347.9406
3260.5250 343.0507
3340.0500 337.5093
3419.5750 339.6932
3499.1000 339.9662
3578.6250 338.0454
3658.1500 330.6254
3737.6750 327.2158
3817.2000 328.1334
3896.7250 332.1255
