VARIABLES = "Lag Time" "MSD"
ZONE T = "MPC 713"
0.0000 0.0000
79.5250 12.3191
159.0500 12.3621
238.5750 12.8033
318.1000 12.2863
397.6250 12.5020
477.1500 12.6191
556.6750 12.8564
636.2000 12.9074
715.7250 13.1931
795.2500 12.7894
874.7750 12.7573
954.3000 12.6517
1033.8250 12.6595
1113.3500 12.7674
1192.8750 12.7631
1272.4000 12.8139
1351.9250 12.4805
1431.4500 13.0932
1510.9750 13.0598
1590.5000 12.9717
1670.0250 12.8944
1749.5500 13.0424
1829.0750 13.1274
1908.6000 13.1261
1988.1250 13.1603
2067.6500 12.9866
2147.1750 13.0421
2226.7000 12.9822
2306.2250 13.1536
2385.7500 13.1920
2465.2750 13.2122
2544.8000 13.5159
2624.3250 13.0504
2703.8500 12.9534
2783.3750 13.1980
2862.9000 13.3586
2942.4250 13.0387
3021.9500 13.4303
3101.4750 12.8460
3181.0000 13.1378
3260.5250 13.0286
3340.0500 12.9047
3419.5750 13.2654
3499.1000 13.0998
3578.6250 13.0605
3658.1500 13.1822
3737.6750 13.2006
3817.2000 13.3130
3896.7250 13.0921
