VARIABLES = "Lag Time" "MSD"
ZONE T = "MPC 721"
0.0000 0.0000
79.5250 12.0786
159.0500 12.0183
238.5750 12.4185
318.1000 12.2571
397.6250 12.3248
477.1500 12.4514
556.6750 12.4671
636.2000 12.6515
715.7250 12.7901
795.2500 12.4738
874.7750 12.7433
954.3000 12.4204
1033.8250 12.6044
1113.3500 12.7910
1192.8750 12.4672
1272.4000 12.7452
1351.9250 12.7935
1431.4500 12.7942
1510.9750 12.5915
1590.5000 12.7471
1670.0250 12.7596
1749.5500 12.6235
1829.0750 12.7172
1908.6000 12.5663
1988.1250 12.8782
2067.6500 12.6058
2147.1750 12.7941
2226.7000 12.7915
2306.2250 12.7062
2385.7500 12.6095
2465.2750 13.0508
2544.8000 12.8296
2624.3250 13.0968
2703.8500 12.6733
2783.3750 13.0706
2862.9000 12.9438
2942.4250 13.0142
3021.9500 12.7405
3101.4750 12.8511
3181.0000 12.9537
3260.5250 12.9590
3340.0500 12.9544
3419.5750 12.9701
3499.1000 12.8696
3578.6250 12.8202
3658.1500 12.7897
3737.6750 13.0313
3817.2000 13.0473
3896.7250 13.1292
