VARIABLES = "Lag Time" "MSD"
ZONE T = "MPC 788"
0.0000 0.0000
79.5250 10.4912
159.0500 10.7468
238.5750 10.8175
318.1000 10.7160
397.6250 10.6888
477.1500 10.9197
556.6750 11.0508
636.2000 11.0244
715.7250 10.8848
795.2500 11.0931
874.7750 10.9609
954.3000 11.0856
1033.8250 11.0898
1113.3500 10.9342
1192.8750 11.1599
1272.4000 10.8295
1351.9250 10.7748
1431.4500 11.3047
1510.9750 10.8951
1590.5000 11.0605
1670.0250 10.9604
1749.5500 11.0937
1829.0750 11.0751
1908.6000 10.9463
1988.1250 11.1665
2067.6500 10.9844
2147.1750 11.2535
2226.7000 11.4690
2306.2250 11.2415
2385.7500 11.2732
2465.2750 11.3074
2544.8000 11.2978
2624.3250 11.2928
2703.8500 11.2365
2783.3750 11.2762
2862.9000 11.1184
2942.4250 11.4220
3021.9500 11.3633
3101.4750 11.2118
3181.0000 11.4147
3260.5250 11.3702
3340.0500 11.1726
3419.5750 11.4899
3499.1000 11.3704
3578.6250 11.1374
3658.1500 11.1820
3737.6750 11.3540
3817.2000 11.3209
3896.7250 11.3873
