VARIABLES = "Lag Time" "MSD"
ZONE T = "MPC 79"
0.0000 0.0000
79.5250 139.5033
159.0500 214.2360
238.5750 257.6423
318.1000 281.4267
397.6250 294.4022
477.1500 300.1576
556.6750 305.7176
636.2000 307.2604
715.7250 315.1157
795.2500 316.9992
874.7750 324.9614
954.3000 325.6226
1033.8250 328.0036
1113.3500 324.8024
1192.8750 324.3942
1272.4000 318.1955
1351.9250 321.1998
1431.4500 325.1621
1510.9750 329.9200
1590.5000 328.8502
1670.0250 329.2412
1749.5500 326.2127
1829.0750 321.0600
1908.6000 316.0145
1988.1250 314.0712
2067.6500 319.5369
2147.1750 322.2234
2226.7000 324.0581
2306.2250 325.8452
2385.7500 328.8368
2465.2750 330.9328
2544.8000 334.5220
2624.3250 333.0318
2703.8500 333.2802
2783.3750 338.2818
2862.9000 336.9076
2942.4250 333.9448
3021.9500 336.0928
3101.4750 330.9487
3181.0000 326.1325
3260.5250 327.3379
3340.0500 325.7058
3419.5750 331.7908
3499.1000 335.3427
3578.6250 333.7615
3658.1500 334.5900
3737.6750 331.8127
3817.2000 331.1186
3896.7250 329.4862
