VARIABLES = "Lag Time" "MSD"
ZONE T = "MPC 707"
0.0000 0.0000
79.5250 11.9277
159.0500 12.3974
238.5750 12.1584
318.1000 12.3534
397.6250 12.5125
477.1500 12.1746
556.6750 12.4597
636.2000 12.4818
715.7250 12.4355
795.2500 12.3893
874.7750 12.5199
954.3000 12.8260
1033.8250 12.5211
1113.3500 12.5165
1192.8750 12.4030
1272.4000 12.3536
1351.9250 12.4705
1431.4500 12.6578
1510.9750 12.5259
1590.5000 12.6521
1670.0250 12.2185
1749.5500 12.7037
1829.0750 12.7926
1908.6000 12.6466
1988.1250 12.6532
2067.6500 12.6863
2147.1750 12.4565
2226.7000 12.4728
2306.2250 12.8727
2385.7500 12.6857
2465.2750 12.5170
2544.8000 12.5724
2624.3250 12.8830
2703.8500 12.3977
2783.3750 12.7653
2862.9000 12.5741
2942.4250 13.1507
3021.9500 12.8929
3101.4750 12.7347
3181.0000 13.0506
3260.5250 12.8336
3340.0500 12.6074
3419.5750 12.7180
3499.1000 12.5659
3578.6250 13.1599
3658.1500 12.6895
3737.6750 12.7048
3817.2000 12.9134
3896.7250 12.9748
