VARIABLES = "Lag Time" "MSD"
ZONE T = "MPC 762"
0.0000 0.0000
79.5250 11.2231
159.0500 11.1600
238.5750 11.1855
318.1000 11.1035
397.6250 11.1076
477.1500 11.2940
556.6750 11.5803
636.2000 11.4170
715.7250 11.2731
795.2500 11.3948
874.7750 11.5712
954.3000 11.4241
1033.8250 11.6791
1113.3500 11.6824
1192.8750 11.6469
1272.4000 11.7603
1351.9250 11.8822
1431.4500 11.6460
1510.9750 11.9238
1590.5000 11.7107
1670.0250 11.8941
1749.5500 11.7740
1829.0750 12.1867
1908.6000 11.7522
1988.1250 12.0551
2067.6500 11.9647
2147.1750 12.2062
2226.7000 12.3012
2306.2250 12.2780
2385.7500 12.1225
2465.2750 12.3120
2544.8000 12.1517
2624.3250 12.2152
2703.8500 12.3249
2783.3750 12.1836
2862.9000 12.2508
2942.4250 12.3876
3021.9500 12.4651
3101.4750 12.7329
3181.0000 12.5194
3260.5250 12.6904
3340.0500 12.7455
3419.5750 12.6264
3499.1000 12.5120
3578.6250 12.8545
3658.1500 12.9370
3737.6750 12.6207
3817.2000 12.8298
3896.7250 13.0578
