VARIABLES = "Lag Time" "MSD"
ZONE T = "MPC 757"
0.0000 0.0000
79.5250 10.7732
159.0500 11.0719
238.5750 11.1246
318.1000 11.0310
397.6250 10.8277
477.1500 11.1648
556.6750 11.0095
636.2000 11.2322
715.7250 11.5054
795.2500 11.5419
874.7750 11.1598
954.3000 11.3243
1033.8250 11.2457
1113.3500 11.2644
1192.8750 11.1622
1272.4000 11.4560
1351.9250 11.3734
1431.4500 11.1408
1510.9750 11.4177
1590.5000 11.4254
1670.0250 11.4360
1749.5500 11.3110
1829.0750 11.2400
1908.6000 11.4939
1988.1250 11.4057
2067.6500 11.4736
2147.1750 11.4502
2226.7000 11.3112
2306.2250 11.6939
2385.7500 11.3910
2465.2750 11.3643
2544.8000 11.5055
2624.3250 11.8094
2703.8500 11.5085
2783.3750 11.4969
2862.9000 11.6300
2942.4250 11.3419
3021.9500 11.4908
3101.4750 11.5602
3181.0000 11.4582
3260.5250 11.6637
3340.0500 11.7657
3419.5750 11.7417
3499.1000 11.4556
3578.6250 11.8049
3658.1500 11.5314
3737.6750 11.7185
3817.2000 11.6423
3896.7250 11.6071
