VARIABLES = "Lag Time" "MSD"
ZONE T = "MPC 731"
0.0000 0.0000
79.5250 12.2223
159.0500 12.2488
238.5750 12.1810
318.1000 12.4564
397.6250 12.5342
477.1500 12.6814
556.6750 12.7062
636.2000 12.5059
715.7250 12.6510
795.2500 12.3022
874.7750 12.5281
954.3000 12.7230
1033.8250 12.7742
1113.3500 12.2645
1192.8750 12.4825
1272.4000 12.6954
1351.9250 12.6909
1431.4500 12.3509
1510.9750 12.7602
1590.5000 12.8850
1670.0250 12.8627
1749.5500 12.6603
1829.0750 12.8936
1908.6000 12.7481
1988.1250 12.8445
2067.6500 12.7875
2147.1750 12.8778
2226.7000 12.8086
2306.2250 13.0193
2385.7500 12.9193
2465.2750 12.8416
2544.8000 12.9819
2624.3250 12.9316
2703.8500 12.6204
2783.3750 13.1305
2862.9000 13.0018
2942.4250 12.8087
3021.9500 12.6364
3101.4750 12.7407
3181.0000 12.9630
3260.5250 12.9733
3340.0500 12.7160
3419.5750 13.1034
3499.1000 13.0611
3578.6250 13.3488
3658.1500 13.2398
3737.6750 13.0719
3817.2000 13.1513
3896.7250 13.1428
