VARIABLES = "Lag Time" "MSD"
ZONE T = "MPC 773"
0.0000 0.0000
79.5250 10.2763
159.0500 10.2430
238.5750 10.4451
318.1000 10.3168
397.6250 10.5522
477.1500 10.4852
556.6750 10.5675
636.2000 10.7381
715.7250 10.9382
795.2500 10.5924
874.7750 10.7034
954.3000 10.8887
1033.8250 10.6034
1113.3500 10.6353
1192.8750 10.9102
1272.4000 10.6444
1351.9250 10.6395
1431.4500 10.8725
1510.9750 10.6977
1590.5000 10.6119
1670.0250 10.8128
1749.5500 10.6180
1829.0750 10.8147
1908.6000 10.7110
1988.1250 10.9187
2067.6500 10.8238
2147.1750 10.7745
2226.7000 10.9033
2306.2250 11.2134
2385.7500 10.9824
2465.2750 11.0798
2544.8000 11.0449
2624.3250 11.1118
2703.8500 10.9579
2783.3750 10.6345
2862.9000 10.9852
2942.4250 10.8559
3021.9500 11.0056
3101.4750 11.1785
3181.0000 10.8155
3260.5250 11.0389
3340.0500 11.1496
3419.5750 10.9621
3499.1000 10.7703
3578.6250 11.0049
3658.1500 10.9636
3737.6750 11.1820
3817.2000 10.9427
3896.7250 11.2864
