VARIABLES = "Lag Time" "MSD"
ZONE T = "MPC 780"
0.0000 0.0000
79.5250 11.1030
159.0500 11.2745
238.5750 11.0924
318.1000 11.0812
397.6250 11.2656
477.1500 11.3214
556.6750 11.3200
636.2000 11.5467
715.7250 11.3541
795.2500 11.5220
874.7750 11.4836
954.3000 11.3244
1033.8250 11.3769
1113.3500 11.6364
1192.8750 11.6319
1272.4000 11.5653
1351.9250 11.2284
1431.4500 11.5743
1510.9750 11.2314
1590.5000 11.5322
1670.0250 11.3014
1749.5500 11.8083
1829.0750 11.6949
1908.6000 11.6425
1988.1250 11.4169
2067.6500 11.7634
2147.1750 11.7971
2226.7000 11.5480
2306.2250 11.4684
2385.7500 11.4678
2465.2750 11.6103
2544.8000 11.4285
2624.3250 11.6526
2703.8500 11.4805
2783.3750 11.5324
2862.9000 11.5752
2942.4250 11.7549
3021.9500 11.6731
3101.4750 11.7897
3181.0000 11.4870
3260.5250 11.7617
3340.0500 11.5960
3419.5750 11.4467
3499.1000 11.6639
3578.6250 11.5998
3658.1500 11.5887
3737.6750 11.5323
3817.2000 11.6850
3896.7250 11.8182
