VARIABLES = "Lag Time" "MSD"
ZONE T = "MPC 775"
0.0000 0.0000
79.5250 10.7593
159.0500 11.0131
238.5750 10.9457
318.1000 10.8358
397.6250 11.3211
477.1500 11.2512
556.6750 11.2240
636.2000 10.9846
715.7250 11.3972
795.2500 11.5463
874.7750 11.3358
954.3000 11.5236
1033.8250 11.6368
1113.3500 11.7375
1192.8750 11.9590
1272.4000 11.5846
1351.9250 11.8166
1431.4500 11.9655
1510.9750 11.9913
1590.5000 12.1485
1670.0250 11.9693
1749.5500 11.9918
1829.0750 12.2639
1908.6000 12.4311
1988.1250 12.4136
2067.6500 12.5166
2147.1750 12.5058
2226.7000 12.5212
2306.2250 12.6477
2385.7500 12.6366
2465.2750 12.6995
2544.8000 12.8164
2624.3250 12.3929
2703.8500 12.7332
2783.3750 13.0499
2862.9000 12.7418
2942.4250 12.9471
3021.9500 13.0261
3101.4750 13.1189
3181.0000 13.2958
3260.5250 12.9285
3340.0500 13.1754
3419.5750 13.5420
3499.1000 13.4888
3578.6250 13.4319
3658.1500 13.2791
3737.6750 13.4605
3817.2000 13.7373
3896.7250 13.8282
