VARIABLES = "Lag Time" "MSD"
ZONE T = "MPC 799"
0.0000 0.0000
79.5250 10.4704
159.0500 10.6057
238.5750 10.6655
318.1000 10.6862
397.6250 10.5965
477.1500 10.9549
556.6750 10.6826
636.2000 10.8557
715.7250 11.1098
795.2500 11.0376
874.7750 11.1112
954.3000 11.0225
1033.8250 11.0767
1113.3500 11.2349
1192.8750 11.1830
1272.4000 11.2531
1351.9250 11.2731
1431.4500 11.4909
1510.9750 11.2109
1590.5000 11.4240
1670.0250 11.3665
1749.5500 11.2501
1829.0750 11.2476
1908.6000 11.3995
1988.1250 11.1696
2067.6500 11.1049
2147.1750 11.4855
2226.7000 11.2884
2306.2250 11.5489
2385.7500 11.7532
2465.2750 11.4904
2544.8000 11.4935
2624.3250 11.4492
2703.8500 11.7002
2783.3750 11.8198
2862.9000 11.6018
2942.4250 11.5560
3021.9500 11.5553
3101.4750 11.4073
3181.0000 11.4452
3260.5250 11.5411
3340.0500 11.3469
3419.5750 11.7104
3499.1000 11.5932
3578.6250 11.6113
3658.1500 11.5943
3737.6750 11.5266
3817.2000 11.6692
3896.7250 11.6954
