VARIABLES = "Lag Time" "MSD"
ZONE T = "MPC 74"
0.0000 0.0000
79.5250 178.1265
159.0500 261.0118
238.5750 305.3203
318.1000 326.5600
397.6250 332.4425
477.1500 342.2544
556.6750 354.7421
636.2000 357.2270
715.7250 362.1531
795.2500 360.9990
874.7750 363.5823
954.3000 366.4818
1033.8250 372.5365
1113.3500 372.5538
1192.8750 367.9957
1272.4000 370.3520
1351.9250 372.0656
1431.4500 363.5402
1510.9750 362.9669
1590.5000 365.3776
1670.0250 366.8694
1749.5500 367.0278
1829.0750 369.7550
1908.6000 369.1535
1988.1250 371.4179
2067.6500 378.6213
2147.1750 378.8628
2226.7000 374.0989
2306.2250 372.0532
2385.7500 372.6147
2465.2750 374.3042
2544.8000 382.1311
2624.3250 381.8418
2703.8500 381.5078
2783.3750 386.0687
2862.9000 385.1071
2942.4250 381.2851
3021.9500 379.5365
3101.4750 377.7456
3181.0000 377.5102
3260.5250 382.6449
3340.0500 389.4774
3419.5750 392.1638
3499.1000 390.9957
3578.6250 389.3902
3658.1500 388.8140
3737.6750 386.6445
3817.2000 387.6996
3896.7250 384.7709
