VARIABLES = "Lag Time" "MSD"
ZONE T = "MPC 740"
0.0000 0.0000
79.5250 11.6190
159.0500 11.6392
238.5750 11.6747
318.1000 11.8519
397.6250 11.8301
477.1500 12.0436
556.6750 12.0196
636.2000 12.1548
715.7250 11.9032
795.2500 12.1454
874.7750 11.8203
954.3000 12.0121
1033.8250 11.8420
1113.3500 11.7954
1192.8750 12.0815
1272.4000 11.7365
1351.9250 11.7121
1431.4500 12.0377
1510.9750 11.8583
1590.5000 12.1071
1670.0250 12.1760
1749.5500 12.0225
1829.0750 12.1246
1908.6000 11.9689
1988.1250 12.0141
2067.6500 12.1694
2147.1750 12.3471
2226.7000 12.2073
2306.2250 12.3034
2385.7500 12.4662
2465.2750 12.4641
2544.8000 12.2152
2624.3250 12.3027
2703.8500 12.5610
2783.3750 12.3142
2862.9000 12.5379
2942.4250 12.4901
3021.9500 12.3531
3101.4750 12.6263
3181.0000 12.6051
3260.5250 12.5818
3340.0500 12.7801
3419.5750 12.7004
3499.1000 12.5066
3578.6250 12.4113
3658.1500 12.6287
3737.6750 12.5074
3817.2000 12.4496
3896.7250 12.6096
