VARIABLES = "Lag Time" "MSD"
ZONE T = "MPC 764"
0.0000 0.0000
79.5250 10.9531
159.0500 11.1903
238.5750 10.9745
318.1000 10.8394
397.6250 11.2447
477.1500 10.9874
556.6750 11.1909
636.2000 11.2521
715.7250 11.1738
795.2500 11.1905
874.7750 11.1969
954.3000 11.3673
1033.8250 11.4098
1113.3500 11.3633
1192.8750 11.4295
1272.4000 11.3539
1351.9250 11.4354
1431.4500 11.2946
1510.9750 11.4384
1590.5000 11.2841
1670.0250 11.3587
1749.5500 11.2114
1829.0750 11.6110
1908.6000 11.6126
1988.1250 11.5780
2067.6500 11.5161
2147.1750 11.7298
2226.7000 11.6011
2306.2250 11.6469
2385.7500 11.4766
2465.2750 11.4934
2544.8000 11.6673
2624.3250 11.7663
2703.8500 11.6737
2783.3750 11.7327
2862.9000 11.6139
2942.4250 11.8454
3021.9500 11.8984
3101.4750 11.6055
3181.0000 11.7583
3260.5250 12.0565
3340.0500 11.7009
3419.5750 11.6093
3499.1000 11.5522
3578.6250 11.8869
3658.1500 11.8416
3737.6750 12.0619
3817.2000 11.8956
3896.7250 11.6649
