VARIABLES = "Lag Time" "MSD"
ZONE T = "MPC 883"
0.0000 0.0000
79.5250 8.7392
159.0500 8.8354
238.5750 8.8884
318.1000 8.9287
397.6250 8.9529
477.1500 9.2002
556.6750 8.8134
636.2000 8.9688
715.7250 9.0363
795.2500 9.2250
874.7750 9.1166
954.3000 9.1611
1033.8250 9.2275
1113.3500 9.0979
1192.8750 9.3208
1272.4000 9.2801
1351.9250 9.2138
1431.4500 9.0840
1510.9750 9.3765
1590.5000 9.4456
1670.0250 9.2284
1749.5500 9.3025
1829.0750 9.2274
1908.6000 9.3635
1988.1250 9.2774
2067.6500 9.2255
2147.1750 9.1291
2226.7000 9.3665
2306.2250 9.4070
2385.7500 9.2156
2465.2750 9.4557
2544.8000 9.3996
2624.3250 9.2794
2703.8500 9.6499
2783.3750 9.5525
2862.9000 9.5594
2942.4250 9.5093
3021.9500 9.6277
3101.4750 9.5773
3181.0000 9.4826
3260.5250 9.2788
3340.0500 9.3825
3419.5750 9.5793
3499.1000 9.5411
3578.6250 9.3509
3658.1500 9.3960
3737.6750 9.7228
3817.2000 9.6159
3896.7250 9.5727
