VARIABLES = "Lag Time" "MSD"
ZONE T = "MPC 873"
0.0000 0.0000
79.5250 9.0773
159.0500 9.3005
238.5750 9.6367
318.1000 9.3887
397.6250 9.4653
477.1500 9.4862
556.6750 9.5144
636.2000 9.4477
715.7250 9.2641
795.2500 9.2645
874.7750 9.4229
954.3000 9.5220
1033.8250 9.5628
1113.3500 9.5672
1192.8750 9.5557
1272.4000 9.3425
1351.9250 9.6818
1431.4500 9.5221
1510.9750 9.7685
1590.5000 9.4446
1670.0250 9.3348
1749.5500 9.3263
1829.0750 9.6666
1908.6000 9.5314
1988.1250 9.5467
2067.6500 9.3516
2147.1750 9.6358
2226.7000 9.6627
2306.2250 9.7412
2385.7500 9.6598
2465.2750 9.6657
2544.8000 9.5082
2624.3250 9.9025
2703.8500 9.3608
2783.3750 9.4523
2862.9000 9.3990
2942.4250 9.6897
3021.9500 9.6855
3101.4750 9.8125
3181.0000 9.7174
3260.5250 9.5939
3340.0500 9.3887
3419.5750 9.4202
3499.1000 9.6421
3578.6250 9.6465
3658.1500 9.7395
3737.6750 9.4676
3817.2000 9.5098
3896.7250 9.7816
