VARIABLES = "Lag Time" "MSD"
ZONE T = "MPC 857"
0.0000 0.0000
79.5250 9.1912
159.0500 9.3098
238.5750 9.5133
318.1000 9.3596
397.6250 9.6169
477.1500 9.5548
556.6750 9.3360
636.2000 9.5314
715.7250 9.8329
795.2500 9.4228
874.7750 9.4406
954.3000 9.7220
1033.8250 9.8370
1113.3500 9.6706
1192.8750 9.5863
1272.4000 9.9122
1351.9250 9.6947
1431.4500 9.8345
1510.9750 9.6795
1590.5000 9.8187
1670.0250 9.8653
1749.5500 9.5603
1829.0750 9.8100
1908.6000 9.7832
1988.1250 9.7892
2067.6500 9.7986
2147.1750 9.9651
2226.7000 10.0047
2306.2250 9.8705
2385.7500 9.6188
2465.2750 9.8744
2544.8000 10.0107
2624.3250 10.0772
2703.8500 10.0944
2783.3750 9.9471
2862.9000 10.0412
2942.4250 9.9630
3021.9500 10.1634
3101.4750 10.1584
3181.0000 10.2092
3260.5250 10.1215
3340.0500 10.3637
3419.5750 10.3974
3499.1000 10.2970
3578.6250 10.1963
3658.1500 10.3188
3737.6750 10.3506
3817.2000 10.4109
3896.7250 10.2462
