VARIABLES = "Lag Time" "MSD"
ZONE T = "MPC 87"
0.0000 0.0000
79.5250 132.4946
159.0500 168.2866
238.5750 181.5835
318.1000 192.4100
397.6250 197.8853
477.1500 201.9248
556.6750 198.6618
636.2000 202.5401
715.7250 201.3244
795.2500 204.3735
874.7750 203.3789
954.3000 208.2965
1033.8250 209.4337
1113.3500 214.9574
1192.8750 207.5305
1272.4000 207.0732
1351.9250 209.5307
1431.4500 210.5477
1510.9750 214.0453
1590.5000 212.4501
1670.0250 211.8023
1749.5500 216.0113
1829.0750 209.7962
1908.6000 212.1824
1988.1250 216.8071
2067.6500 219.5421
2147.1750 221.3207
2226.7000 219.0556
2306.2250 219.4175
2385.7500 225.4698
2465.2750 222.9726
2544.8000 220.9071
2624.3250 218.6340
2703.8500 223.4437
2783.3750 222.1200
2862.9000 220.3342
2942.4250 225.4946
3021.9500 227.1647
3101.4750 226.5100
3181.0000 225.8077
3260.5250 227.0056
3340.0500 227.2075
3419.5750 228.5714
3499.1000 227.6530
3578.6250 226.6270
3658.1500 224.6614
3737.6750 225.7834
3817.2000 228.6305
3896.7250 229.4984
