VARIABLES = "Lag Time" "MSD"
ZONE T = "MPC 830"
0.0000 0.0000
79.5250 10.0087
159.0500 10.2108
238.5750 10.3847
318.1000 10.2211
397.6250 10.3637
477.1500 10.6631
556.6750 10.6329
636.2000 10.4325
715.7250 10.6635
795.2500 10.7147
874.7750 10.6807
954.3000 10.8142
1033.8250 10.7713
1113.3500 10.8221
1192.8750 11.1740
1272.4000 10.9796
1351.9250 10.8188
1431.4500 11.2668
1510.9750 10.8903
1590.5000 11.1920
1670.0250 10.9450
1749.5500 11.2939
1829.0750 11.1230
1908.6000 11.3484
1988.1250 11.1280
2067.6500 11.1690
2147.1750 11.1993
2226.7000 11.2406
2306.2250 11.4920
2385.7500 11.6136
2465.2750 11.4729
2544.8000 11.5559
2624.3250 11.4919
2703.8500 11.5970
2783.3750 11.5664
2862.9000 11.6971
2942.4250 11.6823
3021.9500 11.4528
3101.4750 11.8661
3181.0000 11.6727
3260.5250 11.9443
3340.0500 11.6827
3419.5750 11.5841
3499.1000 11.5098
3578.6250 11.6927
3658.1500 11.6924
3737.6750 11.6752
3817.2000 11.4453
3896.7250 11.7918
