VARIABLES = "Lag Time" "MSD"
ZONE T = "MPC 859"
0.0000 0.0000
79.5250 9.6009
159.0500 9.7383
238.5750 9.7626
318.1000 9.7823
397.6250 9.7669
477.1500 9.5400
556.6750 9.7914
636.2000 9.7794
715.7250 9.9930
795.2500 10.0982
874.7750 9.9471
954.3000 10.0461
1033.8250 9.8958
1113.3500 9.8445
1192.8750 9.9210
1272.4000 9.7482
1351.9250 9.9561
1431.4500 9.9017
1510.9750 10.0690
1590.5000 10.0073
1670.0250 9.9128
1749.5500 9.9689
1829.0750 10.2509
1908.6000 10.1420
1988.1250 10.1922
2067.6500 10.1086
2147.1750 10.2788
2226.7000 10.2141
2306.2250 10.1286
2385.7500 10.3040
2465.2750 10.2428
2544.8000 10.2779
2624.3250 10.2390
2703.8500 10.2531
2783.3750 10.3318
2862.9000 10.2277
2942.4250 10.4513
3021.9500 10.3718
3101.4750 10.3863
3181.0000 10.3546
3260.5250 10.4431
3340.0500 10.4906
3419.5750 10.4424
3499.1000 10.3726
3578.6250 10.4466
3658.1500 10.3862
3737.6750 10.6122
3817.2000 10.3697
3896.7250 10.5143
