VARIABLES = "Lag Time" "MSD"
ZONE T = "MPC 884"
0.0000 0.0000
79.5250 8.8208
159.0500 9.0201
238.5750 9.2707
318.1000 9.0353
397.6250 9.3409
477.1500 9.0184
556.6750 9.2504
636.2000 9.0543
715.7250 9.2562
795.2500 9.0195
874.7750 9.1759
954.3000 9.2056
1033.8250 9.2415
1113.3500 9.4213
1192.8750 9.3320
1272.4000 9.3171
1351.9250 9.4338
1431.4500 9.2891
1510.9750 9.3059
1590.5000 9.3231
1670.0250 9.2840
1749.5500 9.2311
1829.0750 9.1341
1908.6000 9.2606
1988.1250 9.4455
2067.6500 9.2578
2147.1750 9.4518
2226.7000 9.4916
2306.2250 9.3697
2385.7500 9.4010
2465.2750 9.4529
2544.8000 9.3900
2624.3250 9.3364
2703.8500 9.4037
2783.3750 9.3657
2862.9000 9.4785
2942.4250 9.4371
3021.9500 9.4877
3101.4750 9.4525
3181.0000 9.4723
3260.5250 9.4710
3340.0500 9.5090
3419.5750 9.4264
3499.1000 9.2801
3578.6250 9.4378
3658.1500 9.4371
3737.6750 9.2801
3817.2000 9.4320
3896.7250 9.3198
