VARIABLES = "Lag Time" "MSD"
ZONE T = "MPC 852"
0.0000 0.0000
79.5250 9.3816
159.0500 9.5772
238.5750 9.9424
318.1000 9.9592
397.6250 9.8749
477.1500 10.0238
556.6750 10.0380
636.2000 9.8217
715.7250 9.8832
795.2500 9.8317
874.7750 9.7905
954.3000 10.1116
1033.8250 10.0261
1113.3500 9.9458
1192.8750 10.1551
1272.4000 10.0876
1351.9250 9.8174
1431.4500 9.9991
1510.9750 9.8864
1590.5000 10.3782
1670.0250 10.0141
1749.5500 9.8529
1829.0750 10.0233
1908.6000 9.8707
1988.1250 10.1211
2067.6500 9.9394
2147.1750 10.2096
2226.7000 9.8202
2306.2250 10.1661
2385.7500 10.1706
2465.2750 10.1389
2544.8000 10.2497
2624.3250 10.0038
2703.8500 10.1900
2783.3750 10.0514
2862.9000 10.3481
2942.4250 10.2334
3021.9500 10.3390
3101.4750 10.3087
3181.0000 9.9744
3260.5250 10.1443
3340.0500 10.2138
3419.5750 10.2191
3499.1000 10.4602
3578.6250 10.3157
3658.1500 10.2669
3737.6750 10.2390
3817.2000 10.3168
3896.7250 10.1815
