VARIABLES = "Lag Time" "MSD"
ZONE T = "MPC 861"
0.0000 0.0000
79.5250 8.9565
159.0500 9.1897
238.5750 9.3750
318.1000 9.1754
397.6250 9.3183
477.1500 9.2828
556.6750 9.2035
636.2000 9.7073
715.7250 9.4195
795.2500 9.4265
874.7750 9.4615
954.3000 9.4881
1033.8250 9.6088
1113.3500 9.7531
1192.8750 9.8283
1272.4000 9.6213
1351.9250 9.6440
1431.4500 9.7420
1510.9750 9.5419
1590.5000 9.6295
1670.0250 9.6745
1749.5500 9.6890
1829.0750 9.4988
1908.6000 9.7979
1988.1250 9.8499
2067.6500 9.8625
2147.1750 9.9049
2226.7000 9.8561
2306.2250 9.9781
2385.7500 9.9077
2465.2750 9.9464
2544.8000 9.9578
2624.3250 9.8050
2703.8500 9.8298
2783.3750 10.1455
2862.9000 10.2161
2942.4250 10.2361
3021.9500 10.2081
3101.4750 10.1890
3181.0000 10.0968
3260.5250 10.3500
3340.0500 10.2970
3419.5750 10.1428
3499.1000 10.0749
3578.6250 10.2721
3658.1500 10.2978
3737.6750 10.3490
3817.2000 10.2043
3896.7250 10.2989
