VARIABLES = "Lag Time" "MSD"
ZONE T = "MPC 807"
0.0000 0.0000
79.5250 9.9817
159.0500 10.2039
238.5750 10.2578
318.1000 10.2813
397.6250 10.2871
477.1500 10.5150
556.6750 10.5119
636.2000 10.4037
715.7250 10.5555
795.2500 10.6058
874.7750 10.4640
954.3000 10.3714
1033.8250 10.6145
1113.3500 10.7198
1192.8750 10.6463
1272.4000 10.6473
1351.9250 10.5366
1431.4500 10.8327
1510.9750 10.8005
1590.5000 10.7475
1670.0250 10.5670
1749.5500 10.7034
1829.0750 10.7471
1908.6000 10.7581
1988.1250 10.5711
2067.6500 10.6852
2147.1750 10.7958
2226.7000 10.8528
2306.2250 10.6956
2385.7500 10.9012
2465.2750 10.7431
2544.8000 10.7316
2624.3250 10.8934
2703.8500 10.8936
2783.3750 11.2605
2862.9000 11.0110
2942.4250 10.7157
3021.9500 10.6023
3101.4750 10.9292
3181.0000 10.9618
3260.5250 10.9868
3340.0500 11.0099
3419.5750 10.7906
3499.1000 11.1181
3578.6250 11.3263
3658.1500 11.0781
3737.6750 11.1830
3817.2000 10.9289
3896.7250 11.1495
