VARIABLES = "Lag Time" "MSD"
ZONE T = "MPC 886"
0.0000 0.0000
79.5250 8.7957
159.0500 8.6767
238.5750 8.7221
318.1000 8.7923
397.6250 8.8219
477.1500 8.9123
556.6750 9.1485
636.2000 9.0314
715.7250 8.7849
795.2500 8.9105
874.7750 8.9787
954.3000 9.0961
1033.8250 8.7708
1113.3500 9.1261
1192.8750 9.0681
1272.4000 9.0388
1351.9250 9.1562
1431.4500 9.2081
1510.9750 9.0807
1590.5000 8.9197
1670.0250 8.9446
1749.5500 9.1874
1829.0750 9.0100
1908.6000 9.0103
1988.1250 9.0593
2067.6500 8.7797
2147.1750 9.2828
2226.7000 8.9516
2306.2250 9.0222
2385.7500 9.1350
2465.2750 9.0934
2544.8000 9.1286
2624.3250 9.1529
2703.8500 9.2353
2783.3750 9.0228
2862.9000 9.0547
2942.4250 9.0448
3021.9500 9.1762
3101.4750 9.1573
3181.0000 9.0371
3260.5250 9.0903
3340.0500 9.2286
3419.5750 9.0286
3499.1000 9.2034
3578.6250 9.0899
3658.1500 9.2116
3737.6750 9.1639
3817.2000 9.0652
3896.7250 9.1768
