VARIABLES = "Lag Time" "MSD"
ZONE T = "MPC 823"
0.0000 0.0000
79.5250 10.2891
159.0500 10.2836
238.5750 10.2277
318.1000 10.3352
397.6250 10.4401
477.1500 10.4305
556.6750 10.5637
636.2000 10.6219
715.7250 10.6518
795.2500 10.6251
874.7750 10.7027
954.3000 10.8695
1033.8250 10.5750
1113.3500 10.8061
1192.8750 10.7673
1272.4000 10.9283
1351.9250 10.4999
1431.4500 10.9311
1510.9750 10.7442
1590.5000 10.7232
1670.0250 10.7363
1749.5500 11.1529
1829.0750 10.9009
1908.6000 10.7677
1988.1250 10.9843
2067.6500 10.7193
2147.1750 10.8694
2226.7000 11.1063
2306.2250 10.7711
2385.7500 10.8315
2465.2750 10.8707
2544.8000 10.8086
2624.3250 10.9115
2703.8500 11.0726
2783.3750 11.1329
2862.9000 10.8999
2942.4250 11.0572
3021.9500 11.2146
3101.4750 11.1314
3181.0000 10.9281
3260.5250 11.0433
3340.0500 10.9507
3419.5750 11.0013
3499.1000 11.0532
3578.6250 10.9609
3658.1500 11.0811
3737.6750 11.2483
3817.2000 11.2975
3896.7250 11.2123
