VARIABLES = "Lag Time" "MSD"
ZONE T = "MPC 88"
0.0000 0.0000
79.5250 141.5266
159.0500 161.5354
238.5750 173.6466
318.1000 186.0560
397.6250 196.5425
477.1500 204.2937
556.6750 215.1897
636.2000 219.1537
715.7250 224.1209
795.2500 236.5306
874.7750 242.9060
954.3000 252.3244
1033.8250 261.9870
1113.3500 269.6415
1192.8750 274.7565
1272.4000 287.6861
1351.9250 296.0381
1431.4500 301.5667
1510.9750 309.8331
1590.5000 313.7650
1670.0250 325.1558
1749.5500 332.2972
1829.0750 338.1480
1908.6000 349.8402
1988.1250 354.7268
2067.6500 357.8659
2147.1750 364.2014
2226.7000 371.7170
2306.2250 380.5983
2385.7500 383.6716
2465.2750 391.5037
2544.8000 399.9690
2624.3250 405.3223
2703.8500 411.6062
2783.3750 413.0619
2862.9000 420.1920
2942.4250 425.4800
3021.9500 431.3729
3101.4750 439.6542
3181.0000 447.0067
3260.5250 453.2261
3340.0500 459.3724
3419.5750 465.3273
3499.1000 471.4124
3578.6250 476.8230
3658.1500 479.3699
3737.6750 484.5036
3817.2000 491.9949
3896.7250 492.3658
