VARIABLES = "Lag Time" "MSD"
ZONE T = "MPC 860"
0.0000 0.0000
79.5250 9.0983
159.0500 9.4493
238.5750 9.3010
318.1000 9.5087
397.6250 9.2773
477.1500 9.3533
556.6750 9.4728
636.2000 9.6678
715.7250 9.5893
795.2500 9.3005
874.7750 9.3924
954.3000 9.6867
1033.8250 9.3639
1113.3500 9.4576
1192.8750 9.5875
1272.4000 9.5061
1351.9250 9.6168
1431.4500 9.4964
1510.9750 9.5214
1590.5000 9.6485
1670.0250 9.5642
1749.5500 9.7994
1829.0750 9.7670
1908.6000 9.8172
1988.1250 9.6524
2067.6500 9.5836
2147.1750 9.8779
2226.7000 9.7815
2306.2250 9.6443
2385.7500 9.6776
2465.2750 9.9543
2544.8000 9.8308
2624.3250 9.6132
2703.8500 9.5472
2783.3750 9.8170
2862.9000 9.9426
2942.4250 9.6977
3021.9500 9.7501
3101.4750 9.8248
3181.0000 10.0197
3260.5250 9.9472
3340.0500 9.6171
3419.5750 9.6185
3499.1000 9.6786
3578.6250 9.5478
3658.1500 9.8741
3737.6750 9.6241
3817.2000 9.6664
3896.7250 9.5544
