VARIABLES = "Lag Time" "MSD"
ZONE T = "MPC 825"
0.0000 0.0000
79.5250 10.2894
159.0500 10.1770
238.5750 10.2025
318.1000 10.4786
397.6250 10.1587
477.1500 10.4750
556.6750 10.4984
636.2000 10.4900
715.7250 10.3627
795.2500 10.6915
874.7750 10.6668
954.3000 10.7270
1033.8250 10.7554
1113.3500 10.9815
1192.8750 10.6936
1272.4000 10.7184
1351.9250 10.7908
1431.4500 10.9394
1510.9750 10.7541
1590.5000 10.9252
1670.0250 10.9751
1749.5500 10.8976
1829.0750 11.0305
1908.6000 10.7471
1988.1250 11.0685
2067.6500 11.0436
2147.1750 10.8542
2226.7000 11.0705
2306.2250 11.0806
2385.7500 11.1238
2465.2750 11.3295
2544.8000 10.9229
2624.3250 10.9955
2703.8500 11.2841
2783.3750 11.1746
2862.9000 11.4765
2942.4250 11.1881
3021.9500 11.2611
3101.4750 11.2205
3181.0000 11.3732
3260.5250 11.3128
3340.0500 11.4255
3419.5750 11.4229
3499.1000 11.3109
3578.6250 11.6270
3658.1500 11.4186
3737.6750 11.7281
3817.2000 11.7852
3896.7250 11.5996
