VARIABLES = "Lag Time" "MSD"
ZONE T = "MPC 851"
0.0000 0.0000
79.5250 9.0807
159.0500 9.1554
238.5750 9.1392
318.1000 9.2288
397.6250 9.2752
477.1500 8.9957
556.6750 9.2932
636.2000 9.3969
715.7250 9.3654
795.2500 9.2152
874.7750 9.4828
954.3000 9.5391
1033.8250 9.5339
1113.3500 9.2051
1192.8750 9.5837
1272.4000 9.5537
1351.9250 9.4641
1431.4500 9.4622
1510.9750 9.4346
1590.5000 9.5583
1670.0250 9.5156
1749.5500 9.6693
1829.0750 9.4430
1908.6000 9.5552
1988.1250 9.5608
2067.6500 9.6532
2147.1750 9.5628
2226.7000 9.5549
2306.2250 9.6179
2385.7500 9.4716
2465.2750 9.5132
2544.8000 9.4443
2624.3250 9.5820
2703.8500 9.6907
2783.3750 9.6860
2862.9000 9.5971
2942.4250 9.5279
3021.9500 9.5272
3101.4750 9.4838
3181.0000 9.7681
3260.5250 9.7186
3340.0500 9.5218
3419.5750 9.6114
3499.1000 9.7933
3578.6250 9.6850
3658.1500 9.7240
3737.6750 9.8497
3817.2000 9.6620
3896.7250 9.6580
