VARIABLES = "Lag Time" "MSD"
ZONE T = "MPC 814"
0.0000 0.0000
79.5250 10.0249
159.0500 9.9769
238.5750 10.1949
318.1000 10.1601
397.6250 10.1490
477.1500 10.3323
556.6750 10.0678
636.2000 10.0724
715.7250 10.1748
795.2500 10.3267
874.7750 10.3728
954.3000 10.1435
1033.8250 10.3077
1113.3500 10.5336
1192.8750 10.0852
1272.4000 10.4411
1351.9250 10.3167
1431.4500 10.0833
1510.9750 10.4185
1590.5000 10.2969
1670.0250 10.6397
1749.5500 10.4466
1829.0750 10.4231
1908.6000 10.3032
1988.1250 10.5370
2067.6500 10.2606
2147.1750 10.5430
2226.7000 10.4620
2306.2250 10.5174
2385.7500 10.6576
2465.2750 10.3931
2544.8000 10.3066
2624.3250 10.3965
2703.8500 10.5859
2783.3750 10.1554
2862.9000 10.3880
2942.4250 10.5306
3021.9500 10.7300
3101.4750 10.6100
3181.0000 10.4912
3260.5250 10.2865
3340.0500 10.5426
3419.5750 10.5341
3499.1000 10.4037
3578.6250 10.3326
3658.1500 10.2454
3737.6750 10.6555
3817.2000 10.5092
3896.7250 10.5015
