VARIABLES = "Lag Time" "MSD"
ZONE T = "MPC 889"
0.0000 0.0000
79.5250 8.8813
159.0500 8.7886
238.5750 8.8703
318.1000 8.8773
397.6250 8.8495
477.1500 8.8804
556.6750 8.8857
636.2000 9.0715
715.7250 8.8984
795.2500 9.1124
874.7750 8.9185
954.3000 8.8798
1033.8250 8.9347
1113.3500 8.9979
1192.8750 9.2048
1272.4000 8.9552
1351.9250 9.0087
1431.4500 9.0395
1510.9750 9.1162
1590.5000 8.8530
1670.0250 9.1773
1749.5500 9.0258
1829.0750 9.0433
1908.6000 8.9856
1988.1250 9.1654
2067.6500 9.2539
2147.1750 9.2705
2226.7000 9.1134
2306.2250 9.1460
2385.7500 9.3072
2465.2750 9.2545
2544.8000 9.2072
2624.3250 9.3746
2703.8500 9.2692
2783.3750 9.1802
2862.9000 9.2925
2942.4250 9.2159
3021.9500 9.4379
3101.4750 9.0717
3181.0000 9.3315
3260.5250 9.4198
3340.0500 9.3981
3419.5750 9.4563
3499.1000 9.3760
3578.6250 9.4338
3658.1500 9.4491
3737.6750 9.3087
3817.2000 9.4018
3896.7250 9.4883
