VARIABLES = "Lag Time" "MSD"
ZONE T = "MPC 863"
0.0000 0.0000
79.5250 9.0675
159.0500 9.3639
238.5750 9.3415
318.1000 9.3952
397.6250 9.4480
477.1500 9.4235
556.6750 9.7115
636.2000 9.5937
715.7250 9.3603
795.2500 9.4724
874.7750 9.7334
954.3000 9.4101
1033.8250 9.5418
1113.3500 9.7150
1192.8750 9.6734
1272.4000 9.7622
1351.9250 9.5488
1431.4500 9.6709
1510.9750 9.6119
1590.5000 9.7938
1670.0250 9.6728
1749.5500 9.7373
1829.0750 9.8676
1908.6000 9.8808
1988.1250 9.7263
2067.6500 9.6753
2147.1750 9.7103
2226.7000 9.7729
2306.2250 9.7245
2385.7500 10.0628
2465.2750 9.8101
2544.8000 9.7104
2624.3250 9.8379
2703.8500 9.7360
2783.3750 9.8247
2862.9000 9.8066
2942.4250 9.3826
3021.9500 9.7415
3101.4750 9.8556
3181.0000 9.5626
3260.5250 9.7976
3340.0500 9.8044
3419.5750 9.6940
3499.1000 9.5031
3578.6250 9.9878
3658.1500 9.7466
3737.6750 9.5710
3817.2000 9.7628
3896.7250 9.6837
