VARIABLES = "Lag Time" "MSD"
ZONE T = "MPC 855"
0.0000 0.0000
79.5250 9.4002
159.0500 9.6497
238.5750 9.8615
318.1000 9.7152
397.6250 9.8081
477.1500 9.7480
556.6750 9.8098
636.2000 9.9658
715.7250 9.8392
795.2500 9.9289
874.7750 9.9779
954.3000 10.0124
1033.8250 10.0629
1113.3500 10.1007
1192.8750 10.2204
1272.4000 10.0086
1351.9250 10.1010
1431.4500 10.0364
1510.9750 10.0452
1590.5000 10.0808
1670.0250 10.2606
1749.5500 10.1257
1829.0750 10.3087
1908.6000 10.2257
1988.1250 10.1504
2067.6500 10.0710
2147.1750 10.2921
2226.7000 10.2740
2306.2250 10.2600
2385.7500 10.2730
2465.2750 10.0560
2544.8000 10.2331
2624.3250 10.3654
2703.8500 10.4054
2783.3750 10.4170
2862.9000 10.4429
2942.4250 10.3630
3021.9500 10.3497
3101.4750 10.4571
3181.0000 10.3818
3260.5250 10.4937
3340.0500 10.5712
3419.5750 10.2926
3499.1000 10.5963
3578.6250 10.3948
3658.1500 10.5810
3737.6750 10.5124
3817.2000 10.7093
3896.7250 10.5308
