VARIABLES = "Lag Time" "MSD"
ZONE T = "MPC 820"
0.0000 0.0000
79.5250 10.0839
159.0500 10.1190
238.5750 9.9338
318.1000 10.3977
397.6250 10.2794
477.1500 10.2782
556.6750 10.3860
636.2000 10.5069
715.7250 10.1051
795.2500 10.2896
874.7750 10.2940
954.3000 10.2298
1033.8250 10.4843
1113.3500 10.8137
1192.8750 10.4532
1272.4000 10.4052
1351.9250 10.5218
1431.4500 10.5784
1510.9750 10.5473
1590.5000 10.5838
1670.0250 10.3092
1749.5500 10.6928
1829.0750 10.5522
1908.6000 10.3555
1988.1250 10.6526
2067.6500 10.2664
2147.1750 10.4528
2226.7000 10.7183
2306.2250 10.3606
2385.7500 10.6967
2465.2750 10.6466
2544.8000 10.4298
2624.3250 10.4429
2703.8500 10.3693
2783.3750 10.4313
2862.9000 10.4415
2942.4250 10.4330
3021.9500 10.5212
3101.4750 10.6465
3181.0000 10.4962
3260.5250 10.6501
3340.0500 10.5636
3419.5750 10.5881
3499.1000 10.7749
3578.6250 10.5074
3658.1500 10.7441
3737.6750 10.4707
3817.2000 10.5628
3896.7250 10.5211
