VARIABLES = "Lag Time" "MSD"
ZONE T = "MPC 84"
0.0000 0.0000
79.5250 134.9907
159.0500 167.6710
238.5750 178.7077
318.1000 187.9837
397.6250 194.4339
477.1500 200.3169
556.6750 203.1646
636.2000 211.2598
715.7250 219.0699
795.2500 217.3009
874.7750 220.0812
954.3000 230.7466
1033.8250 229.1202
1113.3500 231.5332
1192.8750 232.9765
1272.4000 232.5327
1351.9250 236.5012
1431.4500 238.8026
1510.9750 241.9160
1590.5000 242.4395
1670.0250 243.2639
1749.5500 246.8402
1829.0750 247.1969
1908.6000 249.4907
1988.1250 249.6810
2067.6500 248.3886
2147.1750 253.4475
2226.7000 258.3990
2306.2250 256.3301
2385.7500 257.7356
2465.2750 260.7647
2544.8000 262.4450
2624.3250 260.3347
2703.8500 261.8282
2783.3750 263.6808
2862.9000 266.4036
2942.4250 263.0832
3021.9500 262.0895
3101.4750 262.8461
3181.0000 262.9803
3260.5250 266.2115
3340.0500 269.6015
3419.5750 270.2137
3499.1000 270.0599
3578.6250 274.1176
3658.1500 273.3954
3737.6750 276.6837
3817.2000 276.5379
3896.7250 274.1542
