VARIABLES = "Lag Time" "MSD"
ZONE T = "MPC 843"
0.0000 0.0000
79.5250 9.7128
159.0500 10.0263
238.5750 10.1143
318.1000 10.1482
397.6250 10.2110
477.1500 9.9638
556.6750 9.9628
636.2000 9.9127
715.7250 10.1544
795.2500 10.2892
874.7750 10.1415
954.3000 10.1081
1033.8250 10.4981
1113.3500 10.2655
1192.8750 10.2651
1272.4000 10.2447
1351.9250 10.1338
1431.4500 10.2299
1510.9750 10.3033
1590.5000 10.2579
1670.0250 10.2687
1749.5500 10.1680
1829.0750 10.2187
1908.6000 10.2484
1988.1250 10.4492
2067.6500 10.4220
2147.1750 10.5445
2226.7000 10.2839
2306.2250 10.4230
2385.7500 10.3525
2465.2750 10.1822
2544.8000 10.3391
2624.3250 10.2967
2703.8500 10.3201
2783.3750 10.4108
2862.9000 10.7855
2942.4250 10.4915
3021.9500 10.4058
3101.4750 10.3867
3181.0000 10.3348
3260.5250 10.3748
3340.0500 10.5541
3419.5750 10.5248
3499.1000 10.3934
3578.6250 10.3457
3658.1500 10.6027
3737.6750 10.4675
3817.2000 10.3761
3896.7250 10.2953
