VARIABLES = "Lag Time" "MSD"
ZONE T = "MPC 840"
0.0000 0.0000
79.5250 9.5212
159.0500 9.7265
238.5750 9.8836
318.1000 9.8902
397.6250 10.0508
477.1500 9.9214
556.6750 10.0223
636.2000 10.0000
715.7250 10.1107
795.2500 10.1400
874.7750 10.1626
954.3000 10.2348
1033.8250 10.0476
1113.3500 10.1312
1192.8750 10.1286
1272.4000 10.2489
1351.9250 10.1649
1431.4500 10.0977
1510.9750 10.2282
1590.5000 10.2182
1670.0250 10.3671
1749.5500 10.1730
1829.0750 10.2916
1908.6000 10.4053
1988.1250 10.2181
2067.6500 10.5138
2147.1750 10.4354
2226.7000 10.4598
2306.2250 10.3287
2385.7500 10.3075
2465.2750 10.2446
2544.8000 10.3622
2624.3250 10.1541
2703.8500 10.3268
2783.3750 10.1794
2862.9000 10.5835
2942.4250 10.4054
3021.9500 10.4492
3101.4750 10.5043
3181.0000 10.2516
3260.5250 10.5960
3340.0500 10.2605
3419.5750 10.5192
3499.1000 10.2818
3578.6250 10.5424
3658.1500 10.3011
3737.6750 10.2824
3817.2000 10.6020
3896.7250 10.3786
