VARIABLES = "Lag Time" "MSD"
ZONE T = "MPC 803"
0.0000 0.0000
79.5250 10.3585
159.0500 10.4970
238.5750 10.4790
318.1000 10.5172
397.6250 10.7414
477.1500 10.9573
556.6750 10.8610
636.2000 10.8564
715.7250 10.9411
795.2500 11.0816
874.7750 10.9651
954.3000 11.2432
1033.8250 11.1335
1113.3500 11.2701
1192.8750 11.1315
1272.4000 11.2085
1351.9250 11.3549
1431.4500 11.0943
1510.9750 11.4705
1590.5000 11.2244
1670.0250 11.5352
1749.5500 11.5416
1829.0750 11.1462
1908.6000 11.4362
1988.1250 11.4312
2067.6500 11.3431
2147.1750 11.1242
2226.7000 11.3059
2306.2250 11.4423
2385.7500 11.3864
2465.2750 11.5240
2544.8000 11.4429
2624.3250 11.4972
2703.8500 11.3147
2783.3750 11.5357
2862.9000 11.5464
2942.4250 11.5484
3021.9500 11.5254
3101.4750 11.6504
3181.0000 11.5558
3260.5250 11.4756
3340.0500 11.4415
3419.5750 11.4204
3499.1000 11.6757
3578.6250 11.3951
3658.1500 11.5569
3737.6750 11.6405
3817.2000 11.7501
3896.7250 11.6022
