VARIABLES = "Lag Time" "MSD"
ZONE T = "MPC 82"
0.0000 0.0000
79.5250 154.0071
159.0500 179.1964
238.5750 187.4993
318.1000 201.4472
397.6250 202.4239
477.1500 214.4076
556.6750 220.2899
636.2000 225.1026
715.7250 223.1806
795.2500 225.0776
874.7750 229.8596
954.3000 233.2360
1033.8250 239.7375
1113.3500 239.4188
1192.8750 240.7930
1272.4000 241.0786
1351.9250 247.0570
1431.4500 250.4293
1510.9750 255.5050
1590.5000 253.7600
1670.0250 257.8011
1749.5500 264.6227
1829.0750 263.1002
1908.6000 265.6074
1988.1250 269.0468
2067.6500 272.3763
2147.1750 276.4367
2226.7000 279.5441
2306.2250 276.6381
2385.7500 274.8117
2465.2750 277.1350
2544.8000 279.4862
2624.3250 281.6336
2703.8500 282.5509
2783.3750 279.0917
2862.9000 285.1780
2942.4250 291.9070
3021.9500 294.8865
3101.4750 296.0377
3181.0000 299.5276
3260.5250 300.0968
3340.0500 301.0135
3419.5750 304.3300
3499.1000 304.4548
3578.6250 306.5819
3658.1500 317.3132
3737.6750 319.6337
3817.2000 321.5666
3896.7250 324.5032
