VARIABLES = "Lag Time" "MSD"
ZONE T = "MPC 890"
0.0000 0.0000
79.5250 8.6353
159.0500 8.7375
238.5750 8.6801
318.1000 8.8402
397.6250 8.8187
477.1500 8.8340
556.6750 8.8204
636.2000 8.8939
715.7250 8.7560
795.2500 8.6847
874.7750 8.7532
954.3000 8.8802
1033.8250 8.8924
1113.3500 8.9891
1192.8750 8.9814
1272.4000 8.7328
1351.9250 8.9639
1431.4500 8.8529
1510.9750 8.8755
1590.5000 9.1039
1670.0250 9.0566
1749.5500 8.8480
1829.0750 8.7743
1908.6000 9.0896
1988.1250 8.9767
2067.6500 8.7548
2147.1750 9.0650
2226.7000 8.8570
2306.2250 8.9977
2385.7500 9.1740
2465.2750 8.8876
2544.8000 8.9650
2624.3250 8.8867
2703.8500 8.7494
2783.3750 9.1355
2862.9000 9.0724
2942.4250 8.8246
3021.9500 9.2460
3101.4750 9.0247
3181.0000 8.8834
3260.5250 9.1746
3340.0500 8.9277
3419.5750 8.9334
3499.1000 9.2270
3578.6250 9.1253
3658.1500 9.2514
3737.6750 9.0446
3817.2000 9.1378
3896.7250 9.1210
