VARIABLES = "Lag Time" "MSD"
ZONE T = "MPC 869"
0.0000 0.0000
79.5250 9.2362
159.0500 9.4544
238.5750 9.3407
318.1000 9.3595
397.6250 9.3237
477.1500 9.2039
556.6750 9.4434
636.2000 9.4056
715.7250 9.5358
795.2500 9.4085
874.7750 9.3659
954.3000 9.3199
1033.8250 9.3102
1113.3500 9.6874
1192.8750 9.4612
1272.4000 9.5526
1351.9250 9.4958
1431.4500 9.4856
1510.9750 9.4362
1590.5000 9.4340
1670.0250 9.4032
1749.5500 9.4555
1829.0750 9.5094
1908.6000 9.4309
1988.1250 9.5316
2067.6500 9.6253
2147.1750 9.7110
2226.7000 9.6752
2306.2250 9.5895
2385.7500 9.6155
2465.2750 9.3078
2544.8000 9.8831
2624.3250 9.5425
2703.8500 9.7280
2783.3750 9.6359
2862.9000 9.6107
2942.4250 9.7373
3021.9500 9.7165
3101.4750 9.6563
3181.0000 9.9035
3260.5250 9.6311
3340.0500 9.8077
3419.5750 9.5456
3499.1000 9.9889
3578.6250 10.0471
3658.1500 9.9539
3737.6750 9.6206
3817.2000 9.5409
3896.7250 9.7748
