VARIABLES = "Lag Time" "MSD"
ZONE T = "MPC 862"
0.0000 0.0000
79.5250 9.3151
159.0500 9.6233
238.5750 9.6808
318.1000 9.7531
397.6250 9.7469
477.1500 9.5955
556.6750 9.7542
636.2000 9.9485
715.7250 9.9604
795.2500 9.7132
874.7750 9.9908
954.3000 10.1333
1033.8250 10.2306
1113.3500 10.0740
1192.8750 10.2739
1272.4000 10.1298
1351.9250 10.0965
1431.4500 10.2596
1510.9750 10.1811
1590.5000 10.2504
1670.0250 10.4127
1749.5500 10.2730
1829.0750 10.2658
1908.6000 10.4060
1988.1250 10.2041
2067.6500 10.6631
2147.1750 10.3883
2226.7000 10.6571
2306.2250 10.5971
2385.7500 10.5241
2465.2750 10.4714
2544.8000 11.0136
2624.3250 10.7527
2703.8500 10.5898
2783.3750 10.8670
2862.9000 10.8098
2942.4250 10.8013
3021.9500 10.7913
3101.4750 10.9132
3181.0000 10.7307
3260.5250 10.8741
3340.0500 10.6939
3419.5750 10.9572
3499.1000 10.6090
3578.6250 10.7225
3658.1500 10.8119
3737.6750 10.7047
3817.2000 10.9651
3896.7250 10.6244
