VARIABLES = "Lag Time" "MSD"
ZONE T = "MPC 895"
0.0000 0.0000
79.5250 9.1690
159.0500 9.4694
238.5750 9.5677
318.1000 9.3969
397.6250 9.4413
477.1500 9.5188
556.6750 9.4001
636.2000 9.3499
715.7250 9.5378
795.2500 9.5339
874.7750 9.5643
954.3000 9.5608
1033.8250 9.6161
1113.3500 9.7004
1192.8750 9.4780
1272.4000 9.6219
1351.9250 9.4292
1431.4500 9.4685
1510.9750 9.5419
1590.5000 9.4735
1670.0250 9.3084
1749.5500 9.5714
1829.0750 9.6999
1908.6000 9.7873
1988.1250 9.6849
2067.6500 9.5247
2147.1750 9.6092
2226.7000 9.6887
2306.2250 9.4882
2385.7500 9.6108
2465.2750 9.7188
2544.8000 9.6140
2624.3250 9.6850
2703.8500 9.5835
2783.3750 9.6155
2862.9000 9.6153
2942.4250 9.5543
3021.9500 9.8680
3101.4750 9.4698
3181.0000 9.7113
3260.5250 9.7484
3340.0500 9.8374
3419.5750 9.5619
3499.1000 9.8383
3578.6250 9.5294
3658.1500 9.4787
3737.6750 9.8111
3817.2000 9.8105
3896.7250 9.8334
