VARIABLES = "Lag Time" "MSD"
ZONE T = "MPC 810"
0.0000 0.0000
79.5250 10.5201
159.0500 10.8322
238.5750 10.9593
318.1000 10.9296
397.6250 10.8851
477.1500 10.9975
556.6750 10.8010
636.2000 11.0734
715.7250 11.2889
795.2500 11.2079
874.7750 11.1513
954.3000 11.0830
1033.8250 11.2752
1113.3500 11.4402
1192.8750 11.2000
1272.4000 11.4358
1351.9250 11.0649
1431.4500 11.2694
1510.9750 11.5039
1590.5000 11.1315
1670.0250 11.1807
1749.5500 11.4892
1829.0750 11.4451
1908.6000 11.4540
1988.1250 11.4472
2067.6500 11.4506
2147.1750 11.4002
2226.7000 11.5695
2306.2250 11.5009
2385.7500 11.3881
2465.2750 11.4430
2544.8000 11.5632
2624.3250 11.6886
2703.8500 11.5517
2783.3750 11.5130
2862.9000 11.7983
2942.4250 11.6621
3021.9500 11.5071
3101.4750 11.6095
3181.0000 11.6172
3260.5250 11.6526
3340.0500 11.5337
3419.5750 11.5047
3499.1000 11.6196
3578.6250 11.5650
3658.1500 11.4560
3737.6750 11.9045
3817.2000 11.9110
3896.7250 11.7145
