VARIABLES = "Lag Time" "MSD"
ZONE T = "MPC 834"
0.0000 0.0000
79.5250 9.5978
159.0500 10.1226
238.5750 10.4051
318.1000 9.9395
397.6250 10.4141
477.1500 10.3579
556.6750 10.3933
636.2000 10.6985
715.7250 10.5064
795.2500 10.5054
874.7750 10.4395
954.3000 10.3709
1033.8250 10.4991
1113.3500 10.4159
1192.8750 10.4941
1272.4000 10.4302
1351.9250 10.5598
1431.4500 10.6113
1510.9750 10.4519
1590.5000 10.7288
1670.0250 10.5794
1749.5500 10.5622
1829.0750 10.5875
1908.6000 10.7319
1988.1250 10.7571
2067.6500 10.7357
2147.1750 10.6157
2226.7000 10.6558
2306.2250 10.5822
2385.7500 10.6417
2465.2750 10.8432
2544.8000 10.8583
2624.3250 10.5382
2703.8500 10.6174
2783.3750 10.6942
2862.9000 10.8658
2942.4250 10.6994
3021.9500 10.8002
3101.4750 10.7183
3181.0000 10.7864
3260.5250 10.7134
3340.0500 10.6651
3419.5750 10.7064
3499.1000 10.7971
3578.6250 10.7020
3658.1500 10.8658
3737.6750 10.9189
3817.2000 10.7350
3896.7250 10.8813
