VARIABLES = "Lag Time" "MSD"
ZONE T = "MPC 847"
0.0000 0.0000
79.5250 9.5358
159.0500 9.9509
238.5750 9.6231
318.1000 9.9453
397.6250 9.8123
477.1500 10.0298
556.6750 10.1284
636.2000 10.1654
715.7250 10.0139
795.2500 9.8450
874.7750 9.9692
954.3000 10.0323
1033.8250 10.2166
1113.3500 10.2014
1192.8750 10.2576
1272.4000 10.2583
1351.9250 10.4732
1431.4500 10.2656
1510.9750 10.3964
1590.5000 10.3087
1670.0250 10.0368
1749.5500 10.2440
1829.0750 10.2321
1908.6000 10.1056
1988.1250 10.1450
2067.6500 9.9442
2147.1750 10.1665
2226.7000 10.0469
2306.2250 9.9486
2385.7500 10.3846
2465.2750 10.3830
2544.8000 10.1468
2624.3250 10.0100
2703.8500 10.0134
2783.3750 10.1193
2862.9000 10.2982
2942.4250 10.2674
3021.9500 10.1102
3101.4750 9.8909
3181.0000 10.2940
3260.5250 10.4009
3340.0500 10.2574
3419.5750 10.3555
3499.1000 10.4372
3578.6250 10.1362
3658.1500 10.3339
3737.6750 10.0715
3817.2000 10.4710
3896.7250 10.3037
