VARIABLES = "Lag Time" "MSD"
ZONE T = "MPC 897"
0.0000 0.0000
79.5250 8.3141
159.0500 8.3573
238.5750 8.2593
318.1000 8.4028
397.6250 8.3626
477.1500 8.5921
556.6750 8.3193
636.2000 8.5856
715.7250 8.4345
795.2500 8.5577
874.7750 8.2812
954.3000 8.5195
1033.8250 8.4999
1113.3500 8.5841
1192.8750 8.5633
1272.4000 8.5665
1351.9250 8.4037
1431.4500 8.7029
1510.9750 8.4393
1590.5000 8.5840
1670.0250 8.4532
1749.5500 8.3474
1829.0750 8.5492
1908.6000 8.5875
1988.1250 8.5509
2067.6500 8.3768
2147.1750 8.5165
2226.7000 8.5685
2306.2250 8.6637
2385.7500 8.6178
2465.2750 8.6710
2544.8000 8.6294
2624.3250 8.5624
2703.8500 8.6332
2783.3750 8.7903
2862.9000 8.6907
2942.4250 8.7585
3021.9500 8.5411
3101.4750 8.6849
3181.0000 8.6183
3260.5250 8.5828
3340.0500 8.8269
3419.5750 8.5983
3499.1000 8.6368
3578.6250 8.5032
3658.1500 8.7535
3737.6750 8.6672
3817.2000 8.6512
3896.7250 8.9524
