VARIABLES = "Lag Time" "MSD"
ZONE T = "MPC 822"
0.0000 0.0000
79.5250 10.1883
159.0500 10.0269
238.5750 10.2981
318.1000 9.9847
397.6250 10.2890
477.1500 10.2649
556.6750 10.4115
636.2000 10.3375
715.7250 10.4065
795.2500 10.1308
874.7750 10.4723
954.3000 10.5873
1033.8250 10.3451
1113.3500 10.5380
1192.8750 10.3988
1272.4000 10.6342
1351.9250 10.6175
1431.4500 10.8122
1510.9750 10.8903
1590.5000 10.7071
1670.0250 10.6163
1749.5500 10.5956
1829.0750 10.5087
1908.6000 10.7761
1988.1250 10.5739
2067.6500 10.6688
2147.1750 10.6366
2226.7000 10.5949
2306.2250 10.9545
2385.7500 11.0592
2465.2750 10.6223
2544.8000 10.7989
2624.3250 10.7351
2703.8500 10.9718
2783.3750 10.9876
2862.9000 10.9122
2942.4250 10.6972
3021.9500 10.9537
3101.4750 10.9183
3181.0000 11.0789
3260.5250 10.9724
3340.0500 11.1346
3419.5750 11.0325
3499.1000 11.2184
3578.6250 10.9788
3658.1500 11.3067
3737.6750 11.2048
3817.2000 11.0060
3896.7250 10.7533
