VARIABLES = "Lag Time" "MSD"
ZONE T = "MPC 867"
0.0000 0.0000
79.5250 8.7468
159.0500 9.0290
238.5750 9.1071
318.1000 8.9910
397.6250 9.1147
477.1500 8.9230
556.6750 8.9977
636.2000 9.3273
715.7250 9.0464
795.2500 9.1466
874.7750 9.0351
954.3000 9.3611
1033.8250 9.1374
1113.3500 9.2123
1192.8750 9.1546
1272.4000 9.1429
1351.9250 9.2288
1431.4500 9.2924
1510.9750 9.2315
1590.5000 9.0964
1670.0250 9.2089
1749.5500 9.2544
1829.0750 9.2688
1908.6000 9.2004
1988.1250 9.2934
2067.6500 9.3846
2147.1750 9.4344
2226.7000 9.2517
2306.2250 9.2876
2385.7500 9.3318
2465.2750 9.3592
2544.8000 9.4243
2624.3250 9.5543
2703.8500 9.4948
2783.3750 9.2851
2862.9000 9.1258
2942.4250 9.3939
3021.9500 9.5469
3101.4750 9.3418
3181.0000 9.3200
3260.5250 9.2118
3340.0500 9.4812
3419.5750 9.2326
3499.1000 9.3883
3578.6250 9.3628
3658.1500 9.2748
3737.6750 9.3201
3817.2000 9.1834
3896.7250 9.3750
