VARIABLES = "Lag Time" "MSD"
ZONE T = "MPC 887"
0.0000 0.0000
79.5250 8.6940
159.0500 8.9912
238.5750 9.0426
318.1000 9.2774
397.6250 9.0951
477.1500 9.0984
556.6750 8.9086
636.2000 9.1479
715.7250 9.3623
795.2500 9.0520
874.7750 9.0089
954.3000 9.1504
1033.8250 9.2675
1113.3500 9.1523
1192.8750 9.1497
1272.4000 9.1955
1351.9250 9.1811
1431.4500 9.1695
1510.9750 9.3780
1590.5000 9.2778
1670.0250 9.4627
1749.5500 9.1730
1829.0750 9.4699
1908.6000 9.5473
1988.1250 9.3046
2067.6500 9.4225
2147.1750 9.2348
2226.7000 9.5750
2306.2250 9.4944
2385.7500 9.5456
2465.2750 9.5387
2544.8000 9.2729
2624.3250 9.6617
2703.8500 9.4890
2783.3750 9.7699
2862.9000 9.5205
2942.4250 9.3342
3021.9500 9.3271
3101.4750 9.4128
3181.0000 9.2226
3260.5250 9.4539
3340.0500 9.5580
3419.5750 9.4912
3499.1000 9.5497
3578.6250 9.6122
3658.1500 9.7093
3737.6750 9.3819
3817.2000 9.3902
3896.7250 9.4185
