VARIABLES = "Lag Time" "MSD"
ZONE T = "MPC 896"
0.0000 0.0000
79.5250 8.7549
159.0500 8.8441
238.5750 8.9792
318.1000 9.2569
397.6250 9.1141
477.1500 9.0534
556.6750 9.3054
636.2000 9.4282
715.7250 9.3133
795.2500 9.3984
874.7750 9.4760
954.3000 9.1676
1033.8250 9.4691
1113.3500 9.1681
1192.8750 9.4575
1272.4000 9.5187
1351.9250 9.3458
1431.4500 9.3916
1510.9750 9.4169
1590.5000 9.6569
1670.0250 9.5146
1749.5500 9.3050
1829.0750 9.8255
1908.6000 9.4793
1988.1250 9.6471
2067.6500 9.5651
2147.1750 9.6772
2226.7000 9.5225
2306.2250 9.5836
2385.7500 9.5537
2465.2750 9.6285
2544.8000 9.7230
2624.3250 9.5152
2703.8500 9.7419
2783.3750 9.8060
2862.9000 9.8730
2942.4250 9.7253
3021.9500 9.8998
3101.4750 9.7709
3181.0000 9.8037
3260.5250 9.8487
3340.0500 9.7882
3419.5750 9.5880
3499.1000 10.1494
3578.6250 9.9013
3658.1500 9.6473
3737.6750 9.9052
3817.2000 9.9908
3896.7250 9.9626
