VARIABLES = "Lag Time" "MSD"
ZONE T = "MPC 848"
0.0000 0.0000
79.5250 9.2659
159.0500 9.5306
238.5750 9.5631
318.1000 9.8555
397.6250 9.6664
477.1500 9.9101
556.6750 9.6009
636.2000 9.8563
715.7250 10.0129
795.2500 9.7107
874.7750 9.8084
954.3000 9.9942
1033.8250 9.7882
1113.3500 9.6346
1192.8750 10.0905
1272.4000 10.0932
1351.9250 9.9472
1431.4500 10.0444
1510.9750 9.8549
1590.5000 10.1576
1670.0250 9.8997
1749.5500 10.0024
1829.0750 10.1917
1908.6000 10.1599
1988.1250 10.1277
2067.6500 10.2024
2147.1750 10.0282
2226.7000 10.1319
2306.2250 10.2244
2385.7500 10.2177
2465.2750 10.2586
2544.8000 10.2586
2624.3250 10.2184
2703.8500 10.2131
2783.3750 10.2772
2862.9000 10.3655
2942.4250 10.2675
3021.9500 10.1836
3101.4750 10.3559
3181.0000 10.4167
3260.5250 10.3526
3340.0500 10.6514
3419.5750 10.4305
3499.1000 10.4464
3578.6250 10.5267
3658.1500 10.3172
3737.6750 10.2583
3817.2000 10.4582
3896.7250 10.5199
