VARIABLES = "Lag Time" "MSD"
ZONE T = "MPC 882"
0.0000 0.0000
79.5250 8.8624
159.0500 8.8841
238.5750 9.0081
318.1000 8.9252
397.6250 8.9587
477.1500 9.1271
556.6750 9.1314
636.2000 9.0270
715.7250 8.9950
795.2500 9.1352
874.7750 8.9778
954.3000 9.3177
1033.8250 9.2584
1113.3500 9.3369
1192.8750 9.2529
1272.4000 9.3125
1351.9250 9.2916
1431.4500 9.1771
1510.9750 9.2973
1590.5000 9.3189
1670.0250 9.2741
1749.5500 9.3848
1829.0750 9.2570
1908.6000 9.3552
1988.1250 9.3757
2067.6500 9.3160
2147.1750 9.2796
2226.7000 9.4063
2306.2250 9.3264
2385.7500 9.5173
2465.2750 9.2428
2544.8000 9.3105
2624.3250 9.3080
2703.8500 9.4390
2783.3750 9.4734
2862.9000 9.4549
2942.4250 9.3466
3021.9500 9.6710
3101.4750 9.5197
3181.0000 9.3878
3260.5250 9.5799
3340.0500 9.4041
3419.5750 9.5419
3499.1000 9.4096
3578.6250 9.4604
3658.1500 9.7082
3737.6750 9.6098
3817.2000 9.4063
3896.7250 9.6070
