VARIABLES = "Lag Time" "MSD"
ZONE T = "MPC 893"
0.0000 0.0000
79.5250 8.9613
159.0500 8.9459
238.5750 9.2765
318.1000 9.3855
397.6250 9.3589
477.1500 9.4398
556.6750 9.2330
636.2000 9.5431
715.7250 9.2171
795.2500 9.2303
874.7750 9.3109
954.3000 9.2590
1033.8250 9.1292
1113.3500 9.6105
1192.8750 9.3679
1272.4000 9.2822
1351.9250 9.4619
1431.4500 9.3656
1510.9750 9.4510
1590.5000 9.4377
1670.0250 9.4030
1749.5500 9.2140
1829.0750 9.4502
1908.6000 9.6588
1988.1250 9.2945
2067.6500 9.4645
2147.1750 9.5278
2226.7000 9.4415
2306.2250 9.2897
2385.7500 9.4983
2465.2750 9.6711
2544.8000 9.4173
2624.3250 9.4485
2703.8500 9.4729
2783.3750 9.4563
2862.9000 9.3714
2942.4250 9.5694
3021.9500 9.6060
3101.4750 9.6463
3181.0000 9.6947
3260.5250 9.6444
3340.0500 9.4674
3419.5750 9.5001
3499.1000 9.3424
3578.6250 9.3582
3658.1500 9.5182
3737.6750 9.7732
3817.2000 9.4816
3896.7250 9.7273
