VARIABLES = "Lag Time" "MSD"
ZONE T = "MPC 850"
0.0000 0.0000
79.5250 9.4761
159.0500 9.6828
238.5750 10.0238
318.1000 9.9256
397.6250 9.8947
477.1500 10.1646
556.6750 10.2458
636.2000 10.3044
715.7250 10.0727
795.2500 10.0545
874.7750 10.5255
954.3000 10.0417
1033.8250 10.4068
1113.3500 10.4269
1192.8750 10.3092
1272.4000 10.4617
1351.9250 10.3232
1431.4500 10.6000
1510.9750 10.4054
1590.5000 10.5916
1670.0250 10.4878
1749.5500 10.2556
1829.0750 10.6186
1908.6000 10.4327
1988.1250 10.6076
2067.6500 10.4052
2147.1750 10.7552
2226.7000 10.5702
2306.2250 10.8627
2385.7500 10.8565
2465.2750 10.7452
2544.8000 10.5038
2624.3250 10.5423
2703.8500 10.6198
2783.3750 10.8632
2862.9000 10.8515
2942.4250 10.8022
3021.9500 10.9176
3101.4750 10.7087
3181.0000 10.8484
3260.5250 10.9216
3340.0500 11.0004
3419.5750 11.0514
3499.1000 11.0749
3578.6250 11.1863
3658.1500 11.0246
3737.6750 11.1216
3817.2000 11.3247
3896.7250 11.1178
