VARIABLES = "Lag Time" "MSD"
ZONE T = "MPC 885"
0.0000 0.0000
79.5250 8.8253
159.0500 9.0548
238.5750 8.9942
318.1000 8.9669
397.6250 9.0784
477.1500 9.1033
556.6750 9.1400
636.2000 8.9886
715.7250 9.1872
795.2500 9.3210
874.7750 9.3153
954.3000 9.3026
1033.8250 9.4375
1113.3500 9.2364
1192.8750 9.3063
1272.4000 9.4467
1351.9250 9.2238
1431.4500 9.4657
1510.9750 9.2470
1590.5000 9.4796
1670.0250 9.2115
1749.5500 9.5007
1829.0750 9.3228
1908.6000 9.2397
1988.1250 9.2241
2067.6500 9.3905
2147.1750 9.6454
2226.7000 9.2850
2306.2250 9.4845
2385.7500 9.4251
2465.2750 9.3836
2544.8000 9.2043
2624.3250 9.4749
2703.8500 9.4010
2783.3750 9.3139
2862.9000 9.3645
2942.4250 9.6071
3021.9500 9.3937
3101.4750 9.6774
3181.0000 9.2421
3260.5250 9.3914
3340.0500 9.7417
3419.5750 9.7546
3499.1000 9.6400
3578.6250 9.4413
3658.1500 9.6466
3737.6750 9.5887
3817.2000 9.7111
3896.7250 9.6345
