VARIABLES = "Lag Time" "MSD"
ZONE T = "MPC 986"
0.0000 0.0000
79.5250 7.5156
159.0500 7.8309
238.5750 8.0793
318.1000 7.7941
397.6250 7.8521
477.1500 7.9795
556.6750 7.9962
636.2000 8.1561
715.7250 8.0349
795.2500 7.9420
874.7750 7.9994
954.3000 8.0215
1033.8250 8.2137
1113.3500 7.9746
1192.8750 8.1616
1272.4000 8.0754
1351.9250 8.0607
1431.4500 8.0070
1510.9750 8.3187
1590.5000 8.0510
1670.0250 8.0168
1749.5500 7.9593
1829.0750 8.0236
1908.6000 7.8804
1988.1250 8.0901
2067.6500 8.1152
2147.1750 8.0545
2226.7000 7.9265
2306.2250 8.0567
2385.7500 8.1058
2465.2750 8.0639
2544.8000 8.1446
2624.3250 8.1861
2703.8500 7.9573
2783.3750 8.0234
2862.9000 7.9808
2942.4250 8.0843
3021.9500 8.1694
3101.4750 8.2371
3181.0000 8.1480
3260.5250 8.2586
3340.0500 8.1352
3419.5750 8.1356
3499.1000 8.0336
3578.6250 7.9911
3658.1500 8.0799
3737.6750 8.1520
3817.2000 8.0965
3896.7250 8.1235
