VARIABLES = "Lag Time" "MSD"
ZONE T = "MPC 984"
0.0000 0.0000
79.5250 7.6217
159.0500 7.7873
238.5750 7.8578
318.1000 7.8521
397.6250 7.9201
477.1500 7.9577
556.6750 8.0124
636.2000 8.1769
715.7250 7.9135
795.2500 7.8832
874.7750 7.9286
954.3000 7.9456
1033.8250 7.8930
1113.3500 8.1485
1192.8750 8.0601
1272.4000 7.8923
1351.9250 7.9294
1431.4500 8.0489
1510.9750 8.0150
1590.5000 8.0223
1670.0250 7.9286
1749.5500 8.1173
1829.0750 8.1667
1908.6000 8.2150
1988.1250 7.9069
2067.6500 7.9532
2147.1750 7.7956
2226.7000 7.9232
2306.2250 8.1732
2385.7500 8.1472
2465.2750 8.0793
2544.8000 8.1064
2624.3250 8.0421
2703.8500 8.0297
2783.3750 8.2544
2862.9000 8.1024
2942.4250 7.9750
3021.9500 8.0662
3101.4750 8.1062
3181.0000 8.1263
3260.5250 8.1779
3340.0500 8.1008
3419.5750 8.0499
3499.1000 8.1982
3578.6250 8.1024
3658.1500 7.9158
3737.6750 8.0820
3817.2000 8.1513
3896.7250 8.1788
