VARIABLES = "Lag Time" "MSD"
ZONE T = "MPC 916"
0.0000 0.0000
79.5250 8.1216
159.0500 8.2170
238.5750 8.4743
318.1000 8.6731
397.6250 8.2701
477.1500 8.4316
556.6750 8.4699
636.2000 8.7236
715.7250 8.5684
795.2500 8.7849
874.7750 8.4139
954.3000 8.7282
1033.8250 8.2317
1113.3500 8.5803
1192.8750 8.4818
1272.4000 8.4577
1351.9250 8.6515
1431.4500 8.6643
1510.9750 8.7528
1590.5000 8.5475
1670.0250 8.7816
1749.5500 8.5601
1829.0750 8.6731
1908.6000 8.5923
1988.1250 8.6038
2067.6500 8.5621
2147.1750 8.6711
2226.7000 8.5225
2306.2250 8.6093
2385.7500 8.5526
2465.2750 8.6915
2544.8000 8.6120
2624.3250 8.6125
2703.8500 8.7223
2783.3750 8.6191
2862.9000 8.7640
2942.4250 8.8558
3021.9500 8.7051
3101.4750 8.6771
3181.0000 8.9014
3260.5250 8.6783
3340.0500 8.7825
3419.5750 9.0382
3499.1000 8.9111
3578.6250 8.6240
3658.1500 8.8175
3737.6750 8.7824
3817.2000 8.7860
3896.7250 8.6767
