VARIABLES = "Lag Time" "MSD"
ZONE T = "MPC 990"
0.0000 0.0000
79.5250 7.2056
159.0500 7.3755
238.5750 7.3988
318.1000 7.3196
397.6250 7.4946
477.1500 7.5085
556.6750 7.5246
636.2000 7.5735
715.7250 7.5413
795.2500 7.5545
874.7750 7.4829
954.3000 7.7339
1033.8250 7.5111
1113.3500 7.4541
1192.8750 7.4709
1272.4000 7.6663
1351.9250 7.6267
1431.4500 7.6216
1510.9750 7.8407
1590.5000 7.4492
1670.0250 7.6360
1749.5500 7.7467
1829.0750 7.7670
1908.6000 7.6791
1988.1250 7.6045
2067.6500 7.5789
2147.1750 7.7177
2226.7000 7.6756
2306.2250 7.4268
2385.7500 7.6056
2465.2750 7.6161
2544.8000 7.6949
2624.3250 7.7887
2703.8500 7.6653
2783.3750 7.6654
2862.9000 7.6791
2942.4250 7.7116
3021.9500 7.6696
3101.4750 7.8449
3181.0000 7.6079
3260.5250 7.8332
3340.0500 7.5521
3419.5750 7.6396
3499.1000 7.9048
3578.6250 7.7804
3658.1500 7.7621
3737.6750 7.7412
3817.2000 7.8465
3896.7250 7.6488
