VARIABLES = "Lag Time" "MSD"
ZONE T = "MPC 918"
0.0000 0.0000
79.5250 8.2270
159.0500 8.5666
238.5750 8.5070
318.1000 8.4718
397.6250 8.4961
477.1500 8.6995
556.6750 8.6188
636.2000 8.5441
715.7250 8.7788
795.2500 8.6484
874.7750 8.5398
954.3000 8.7057
1033.8250 8.6679
1113.3500 8.7479
1192.8750 8.7185
1272.4000 8.7749
1351.9250 8.9897
1431.4500 8.8361
1510.9750 8.7289
1590.5000 8.8209
1670.0250 8.9125
1749.5500 8.6621
1829.0750 8.9241
1908.6000 9.0383
1988.1250 8.9499
2067.6500 8.9628
2147.1750 9.0229
2226.7000 8.9350
2306.2250 9.0359
2385.7500 8.8822
2465.2750 9.0937
2544.8000 9.0706
2624.3250 9.0665
2703.8500 9.1623
2783.3750 9.0798
2862.9000 9.1313
2942.4250 9.0760
3021.9500 9.1900
3101.4750 9.2906
3181.0000 9.1054
3260.5250 9.2349
3340.0500 9.4867
3419.5750 9.3468
3499.1000 9.2434
3578.6250 9.4499
3658.1500 9.4349
3737.6750 9.3382
3817.2000 9.3668
3896.7250 9.5167
