VARIABLES = "Lag Time" "MSD"
ZONE T = "MPC 949"
0.0000 0.0000
79.5250 7.9154
159.0500 7.8522
238.5750 7.8847
318.1000 8.0936
397.6250 7.9512
477.1500 8.1256
556.6750 7.9643
636.2000 8.0199
715.7250 8.0358
795.2500 8.2069
874.7750 8.0082
954.3000 8.2466
1033.8250 8.1614
1113.3500 7.9797
1192.8750 8.1749
1272.4000 8.1740
1351.9250 8.0426
1431.4500 8.0979
1510.9750 8.2193
1590.5000 8.2461
1670.0250 8.2586
1749.5500 8.1669
1829.0750 8.1526
1908.6000 8.3032
1988.1250 8.3392
2067.6500 8.0349
2147.1750 8.3090
2226.7000 8.1108
2306.2250 8.3709
2385.7500 8.1814
2465.2750 8.2179
2544.8000 8.2109
2624.3250 8.2714
2703.8500 8.1778
2783.3750 8.2461
2862.9000 8.3112
2942.4250 8.2518
3021.9500 8.2931
3101.4750 8.2047
3181.0000 8.3468
3260.5250 8.3093
3340.0500 8.0946
3419.5750 8.2983
3499.1000 8.3042
3578.6250 8.3118
3658.1500 8.3447
3737.6750 8.3791
3817.2000 8.4893
3896.7250 8.3316
