VARIABLES = "Lag Time" "MSD"
ZONE T = "MPC 999"
0.0000 0.0000
79.5250 7.3802
159.0500 7.3196
238.5750 7.5222
318.1000 7.3743
397.6250 7.7054
477.1500 7.3872
556.6750 7.4441
636.2000 7.4788
715.7250 7.3852
795.2500 7.4302
874.7750 7.5087
954.3000 7.4550
1033.8250 7.4497
1113.3500 7.5119
1192.8750 7.3653
1272.4000 7.4509
1351.9250 7.5125
1431.4500 7.3477
1510.9750 7.6044
1590.5000 7.7587
1670.0250 7.6930
1749.5500 7.4237
1829.0750 7.5447
1908.6000 7.5416
1988.1250 7.5291
2067.6500 7.6161
2147.1750 7.6088
2226.7000 7.3863
2306.2250 7.5620
2385.7500 7.3126
2465.2750 7.7438
2544.8000 7.5862
2624.3250 7.4491
2703.8500 7.5777
2783.3750 7.7590
2862.9000 7.4582
2942.4250 7.5474
3021.9500 7.5484
3101.4750 7.6195
3181.0000 7.7162
3260.5250 7.5126
3340.0500 7.5594
3419.5750 7.3213
3499.1000 7.4591
3578.6250 7.3311
3658.1500 7.4829
3737.6750 7.5732
3817.2000 7.5118
3896.7250 7.5839
