VARIABLES = "Lag Time" "MSD"
ZONE T = "MPC 92"
0.0000 0.0000
79.5250 160.7111
159.0500 186.2723
238.5750 194.3162
318.1000 199.9802
397.6250 208.3970
477.1500 204.9840
556.6750 204.2326
636.2000 209.7818
715.7250 213.3458
795.2500 212.7973
874.7750 215.2012
954.3000 224.6940
1033.8250 228.0546
1113.3500 225.3217
1192.8750 227.0906
1272.4000 228.4239
1351.9250 229.7388
1431.4500 229.7933
1510.9750 230.2405
1590.5000 230.1930
1670.0250 231.6266
1749.5500 237.2225
1829.0750 235.6103
1908.6000 235.7437
1988.1250 235.0140
2067.6500 236.6964
2147.1750 237.5609
2226.7000 243.3984
2306.2250 242.8447
2385.7500 244.8571
2465.2750 243.8958
2544.8000 246.3077
2624.3250 247.9989
2703.8500 247.5221
2783.3750 251.2389
2862.9000 251.3114
2942.4250 254.0178
3021.9500 252.6176
3101.4750 254.5379
3181.0000 250.5631
3260.5250 254.6838
3340.0500 262.4955
3419.5750 255.6945
3499.1000 255.4405
3578.6250 255.6818
3658.1500 257.2315
3737.6750 256.8992
3817.2000 256.0708
3896.7250 258.8888
