VARIABLES = "Lag Time" "MSD"
ZONE T = "MPC 904"
0.0000 0.0000
79.5250 8.4936
159.0500 8.7150
238.5750 8.8496
318.1000 8.6348
397.6250 8.6617
477.1500 8.7011
556.6750 8.6211
636.2000 8.6651
715.7250 8.7987
795.2500 8.5794
874.7750 8.8179
954.3000 8.7576
1033.8250 8.6827
1113.3500 8.6891
1192.8750 8.7250
1272.4000 8.5614
1351.9250 8.6828
1431.4500 8.6071
1510.9750 8.7260
1590.5000 8.7580
1670.0250 8.8280
1749.5500 8.7161
1829.0750 8.7802
1908.6000 8.8106
1988.1250 8.9417
2067.6500 8.9059
2147.1750 8.8289
2226.7000 8.6897
2306.2250 8.8565
2385.7500 8.9029
2465.2750 9.0440
2544.8000 8.8514
2624.3250 8.8213
2703.8500 8.8417
2783.3750 8.8074
2862.9000 8.9006
2942.4250 8.8611
3021.9500 8.8595
3101.4750 8.8513
3181.0000 9.0116
3260.5250 8.9013
3340.0500 8.8043
3419.5750 8.7494
3499.1000 9.0681
3578.6250 8.8718
3658.1500 8.9889
3737.6750 8.9434
3817.2000 8.8813
3896.7250 9.1452
