VARIABLES = "Lag Time" "MSD"
ZONE T = "MPC 978"
0.0000 0.0000
79.5250 7.6266
159.0500 7.7489
238.5750 7.7150
318.1000 7.9316
397.6250 7.8599
477.1500 8.0525
556.6750 8.0414
636.2000 7.9187
715.7250 8.0526
795.2500 7.9348
874.7750 7.9552
954.3000 7.7992
1033.8250 8.0312
1113.3500 8.1232
1192.8750 8.1223
1272.4000 8.1554
1351.9250 7.8233
1431.4500 8.1217
1510.9750 8.1409
1590.5000 8.0885
1670.0250 8.1976
1749.5500 8.0847
1829.0750 8.0172
1908.6000 7.9618
1988.1250 8.1110
2067.6500 8.2392
2147.1750 8.0188
2226.7000 8.0939
2306.2250 8.0769
2385.7500 8.1289
2465.2750 8.0784
2544.8000 8.2856
2624.3250 8.1871
2703.8500 8.2645
2783.3750 8.2935
2862.9000 8.1227
2942.4250 8.3084
3021.9500 8.3268
3101.4750 8.2087
3181.0000 7.9588
3260.5250 8.1565
3340.0500 8.3001
3419.5750 8.2605
3499.1000 8.4116
3578.6250 8.1760
3658.1500 8.4253
3737.6750 8.2891
3817.2000 8.2795
3896.7250 8.2403
