VARIABLES = "Lag Time" "MSD"
ZONE T = "MPC 959"
0.0000 0.0000
79.5250 7.6728
159.0500 7.7175
238.5750 7.7217
318.1000 7.4953
397.6250 7.6167
477.1500 7.7672
556.6750 7.7546
636.2000 7.6801
715.7250 7.7705
795.2500 7.7510
874.7750 7.7399
954.3000 7.4831
1033.8250 7.7954
1113.3500 7.6133
1192.8750 7.5398
1272.4000 7.6326
1351.9250 7.7474
1431.4500 7.7492
1510.9750 7.9259
1590.5000 7.5976
1670.0250 7.9646
1749.5500 7.7862
1829.0750 7.8500
1908.6000 7.7646
1988.1250 7.8056
2067.6500 7.7593
2147.1750 7.7681
2226.7000 7.6924
2306.2250 7.8450
2385.7500 7.8027
2465.2750 7.7884
2544.8000 7.7087
2624.3250 7.8070
2703.8500 7.8331
2783.3750 7.7591
2862.9000 7.7749
2942.4250 7.7379
3021.9500 7.6495
3101.4750 7.8963
3181.0000 7.8058
3260.5250 7.7799
3340.0500 7.7028
3419.5750 7.9510
3499.1000 7.7736
3578.6250 7.7587
3658.1500 7.7146
3737.6750 7.9859
3817.2000 7.9398
3896.7250 7.7831
