VARIABLES = "Lag Time" "MSD"
ZONE T = "MPC 937"
0.0000 0.0000
79.5250 8.1524
159.0500 8.1498
238.5750 8.1130
318.1000 8.2761
397.6250 8.3344
477.1500 8.2065
556.6750 8.2907
636.2000 8.1846
715.7250 8.4576
795.2500 8.2485
874.7750 8.4392
954.3000 8.3994
1033.8250 8.1564
1113.3500 8.3070
1192.8750 8.4142
1272.4000 8.2573
1351.9250 8.4113
1431.4500 8.4271
1510.9750 8.2821
1590.5000 8.4674
1670.0250 8.3827
1749.5500 8.3165
1829.0750 8.2271
1908.6000 8.5776
1988.1250 8.4595
2067.6500 8.3143
2147.1750 8.4136
2226.7000 8.4259
2306.2250 8.3279
2385.7500 8.2666
2465.2750 8.5426
2544.8000 8.4116
2624.3250 8.4907
2703.8500 8.5025
2783.3750 8.4688
2862.9000 8.4972
2942.4250 8.4675
3021.9500 8.4721
3101.4750 8.4727
3181.0000 8.3905
3260.5250 8.5651
3340.0500 8.5653
3419.5750 8.4782
3499.1000 8.2718
3578.6250 8.3276
3658.1500 8.5603
3737.6750 8.3705
3817.2000 8.4862
3896.7250 8.4773
