VARIABLES = "Lag Time" "MSD"
ZONE T = "MPC 961"
0.0000 0.0000
79.5250 7.4848
159.0500 7.6494
238.5750 7.6705
318.1000 7.6500
397.6250 7.7742
477.1500 7.8057
556.6750 7.9297
636.2000 7.7226
715.7250 7.7537
795.2500 7.7388
874.7750 7.7281
954.3000 7.8989
1033.8250 7.8914
1113.3500 7.8280
1192.8750 7.7485
1272.4000 7.7840
1351.9250 7.6670
1431.4500 7.9078
1510.9750 7.8104
1590.5000 7.8952
1670.0250 8.0380
1749.5500 8.0723
1829.0750 7.9821
1908.6000 8.0511
1988.1250 7.8171
2067.6500 7.9567
2147.1750 8.0133
2226.7000 7.9497
2306.2250 7.9474
2385.7500 8.0052
2465.2750 7.9376
2544.8000 8.1332
2624.3250 7.8621
2703.8500 7.9363
2783.3750 8.0732
2862.9000 7.8533
2942.4250 8.0030
3021.9500 8.0042
3101.4750 8.0412
3181.0000 7.8297
3260.5250 8.0463
3340.0500 7.8688
3419.5750 7.9029
3499.1000 7.9816
3578.6250 7.8965
3658.1500 8.1559
3737.6750 8.1156
3817.2000 7.7636
3896.7250 7.9335
