VARIABLES = "Lag Time" "MSD"
ZONE T = "MPC 900"
0.0000 0.0000
79.5250 9.1305
159.0500 8.9992
238.5750 8.9512
318.1000 9.2164
397.6250 9.3408
477.1500 9.2161
556.6750 9.2256
636.2000 9.3267
715.7250 9.4523
795.2500 9.2594
874.7750 9.4085
954.3000 9.3716
1033.8250 9.4114
1113.3500 9.4897
1192.8750 9.4710
1272.4000 9.4745
1351.9250 9.7553
1431.4500 9.4461
1510.9750 9.4466
1590.5000 9.6216
1670.0250 9.6161
1749.5500 9.5831
1829.0750 9.6078
1908.6000 9.7539
1988.1250 9.7519
2067.6500 9.3434
2147.1750 9.6237
2226.7000 9.7626
2306.2250 9.7784
2385.7500 9.7274
2465.2750 9.6013
2544.8000 9.5938
2624.3250 9.6925
2703.8500 9.6256
2783.3750 9.8982
2862.9000 9.5858
2942.4250 9.6838
3021.9500 9.8343
3101.4750 9.7913
3181.0000 9.9729
3260.5250 9.8665
3340.0500 9.9439
3419.5750 9.8368
3499.1000 9.6635
3578.6250 9.8239
3658.1500 9.8643
3737.6750 9.8548
3817.2000 9.8333
3896.7250 10.0021
