VARIABLES = "Lag Time" "MSD"
ZONE T = "MPC 942"
0.0000 0.0000
79.5250 8.4872
159.0500 8.6780
238.5750 8.7170
318.1000 8.6291
397.6250 8.7187
477.1500 8.5683
556.6750 8.7740
636.2000 8.6614
715.7250 8.7196
795.2500 8.4885
874.7750 9.0005
954.3000 8.8728
1033.8250 8.8452
1113.3500 8.7265
1192.8750 8.9611
1272.4000 8.7485
1351.9250 8.7839
1431.4500 8.8311
1510.9750 8.9405
1590.5000 8.9960
1670.0250 8.8270
1749.5500 8.6565
1829.0750 8.8004
1908.6000 8.7348
1988.1250 8.6710
2067.6500 8.7861
2147.1750 8.6586
2226.7000 8.8448
2306.2250 8.6572
2385.7500 8.7321
2465.2750 8.8688
2544.8000 8.6586
2624.3250 8.9707
2703.8500 8.8517
2783.3750 8.7743
2862.9000 8.7839
2942.4250 8.8946
3021.9500 8.7467
3101.4750 8.7042
3181.0000 8.8605
3260.5250 8.8685
3340.0500 8.8625
3419.5750 8.6609
3499.1000 9.0333
3578.6250 9.0762
3658.1500 8.7588
3737.6750 8.8117
3817.2000 8.9241
3896.7250 8.9875
