VARIABLES = "Lag Time" "MSD"
ZONE T = "MPC 943"
0.0000 0.0000
79.5250 7.7590
159.0500 7.8971
238.5750 7.9431
318.1000 8.1394
397.6250 8.0896
477.1500 8.1148
556.6750 8.1809
636.2000 7.9875
715.7250 8.2717
795.2500 8.2417
874.7750 8.3378
954.3000 8.1138
1033.8250 8.0267
1113.3500 8.0460
1192.8750 8.1242
1272.4000 8.1390
1351.9250 8.3016
1431.4500 8.3250
1510.9750 8.2053
1590.5000 8.1948
1670.0250 8.2573
1749.5500 8.1962
1829.0750 8.4347
1908.6000 8.2267
1988.1250 8.1639
2067.6500 8.1797
2147.1750 8.3817
2226.7000 8.0573
2306.2250 8.3621
2385.7500 8.3784
2465.2750 8.1851
2544.8000 8.2877
2624.3250 8.2205
2703.8500 8.2473
2783.3750 8.3865
2862.9000 8.3078
2942.4250 8.3984
3021.9500 8.1725
3101.4750 8.3362
3181.0000 8.3449
3260.5250 8.2389
3340.0500 8.2494
3419.5750 8.2822
3499.1000 8.2379
3578.6250 8.4147
3658.1500 8.3681
3737.6750 8.3707
3817.2000 8.4367
3896.7250 8.3522
