VARIABLES = "Lag Time" "MSD"
ZONE T = "MPC 927"
0.0000 0.0000
79.5250 8.4408
159.0500 8.4905
238.5750 8.7716
318.1000 8.6805
397.6250 8.7240
477.1500 8.7607
556.6750 8.7982
636.2000 8.6427
715.7250 8.7460
795.2500 8.7240
874.7750 8.5390
954.3000 8.6878
1033.8250 8.7850
1113.3500 8.5432
1192.8750 8.7159
1272.4000 8.6935
1351.9250 8.6597
1431.4500 8.8621
1510.9750 8.8257
1590.5000 8.7850
1670.0250 8.9281
1749.5500 8.8369
1829.0750 8.8428
1908.6000 8.7983
1988.1250 8.7434
2067.6500 8.8939
2147.1750 8.8299
2226.7000 9.0550
2306.2250 8.6715
2385.7500 8.8937
2465.2750 8.7645
2544.8000 8.8107
2624.3250 9.1628
2703.8500 9.2429
2783.3750 8.9508
2862.9000 8.8893
2942.4250 9.0119
3021.9500 9.0572
3101.4750 8.7651
3181.0000 8.7447
3260.5250 9.1535
3340.0500 9.0177
3419.5750 9.2097
3499.1000 9.0537
3578.6250 9.0568
3658.1500 8.9688
3737.6750 9.0104
3817.2000 8.9525
3896.7250 8.9514
