VARIABLES = "Lag Time" "MSD"
ZONE T = "MPC 970"
0.0000 0.0000
79.5250 7.9577
159.0500 8.0066
238.5750 7.9743
318.1000 7.9758
397.6250 7.9317
477.1500 8.1327
556.6750 8.1261
636.2000 8.2280
715.7250 8.1485
795.2500 7.9232
874.7750 8.3949
954.3000 8.2347
1033.8250 8.0945
1113.3500 7.9834
1192.8750 8.1400
1272.4000 8.4638
1351.9250 8.3921
1431.4500 8.3624
1510.9750 8.2556
1590.5000 8.2286
1670.0250 8.3477
1749.5500 8.5456
1829.0750 8.2643
1908.6000 8.5915
1988.1250 8.5397
2067.6500 8.4352
2147.1750 8.3203
2226.7000 8.3786
2306.2250 8.4130
2385.7500 8.2574
2465.2750 8.4531
2544.8000 8.5573
2624.3250 8.5237
2703.8500 8.4003
2783.3750 8.3640
2862.9000 8.5306
2942.4250 8.3809
3021.9500 8.3790
3101.4750 8.3526
3181.0000 8.6737
3260.5250 8.5074
3340.0500 8.3475
3419.5750 8.6085
3499.1000 8.6689
3578.6250 8.4112
3658.1500 8.5570
3737.6750 8.5493
3817.2000 8.5008
3896.7250 8.4893
