VARIABLES = "Lag Time" "MSD"
ZONE T = "MPC 967"
0.0000 0.0000
79.5250 7.7737
159.0500 7.9455
238.5750 8.1229
318.1000 8.1764
397.6250 8.2602
477.1500 8.2287
556.6750 8.2546
636.2000 8.3665
715.7250 8.4111
795.2500 8.4484
874.7750 8.4976
954.3000 8.4264
1033.8250 8.3431
1113.3500 8.3524
1192.8750 8.4341
1272.4000 8.7171
1351.9250 8.3028
1431.4500 8.4244
1510.9750 8.3790
1590.5000 8.4718
1670.0250 8.2178
1749.5500 8.4389
1829.0750 8.3847
1908.6000 8.4706
1988.1250 8.4131
2067.6500 8.5944
2147.1750 8.5264
2226.7000 8.6119
2306.2250 8.4690
2385.7500 8.5645
2465.2750 8.5541
2544.8000 8.6352
2624.3250 8.5739
2703.8500 8.4960
2783.3750 8.5630
2862.9000 8.6933
2942.4250 8.6401
3021.9500 8.8193
3101.4750 8.4970
3181.0000 8.6383
3260.5250 8.4853
3340.0500 8.7421
3419.5750 8.5532
3499.1000 8.5773
3578.6250 8.5308
3658.1500 8.4487
3737.6750 8.6803
3817.2000 8.5901
3896.7250 8.4741
