VARIABLES = "Lag Time" "MSD"
ZONE T = "MPC 933"
0.0000 0.0000
79.5250 8.2371
159.0500 8.5037
238.5750 8.5951
318.1000 8.3934
397.6250 8.2895
477.1500 8.3814
556.6750 8.5430
636.2000 8.5915
715.7250 8.5142
795.2500 8.5094
874.7750 8.5203
954.3000 8.5138
1033.8250 8.4272
1113.3500 8.4586
1192.8750 8.4575
1272.4000 8.6627
1351.9250 8.5566
1431.4500 8.6195
1510.9750 8.5707
1590.5000 8.5387
1670.0250 8.5256
1749.5500 8.5691
1829.0750 8.4848
1908.6000 8.5393
1988.1250 8.3820
2067.6500 8.6674
2147.1750 8.7799
2226.7000 8.5577
2306.2250 8.7035
2385.7500 8.4796
2465.2750 8.4513
2544.8000 8.6701
2624.3250 8.4955
2703.8500 8.6350
2783.3750 8.7476
2862.9000 8.5846
2942.4250 8.7532
3021.9500 8.7341
3101.4750 8.6147
3181.0000 8.7069
3260.5250 8.8891
3340.0500 8.6536
3419.5750 8.6833
3499.1000 8.5248
3578.6250 8.7480
3658.1500 8.7383
3737.6750 8.7426
3817.2000 8.5775
3896.7250 8.6396
