VARIABLES = "Lag Time" "MSD"
ZONE T = "MPC 979"
0.0000 0.0000
79.5250 7.6018
159.0500 7.8617
238.5750 8.0250
318.1000 8.0441
397.6250 8.1190
477.1500 8.0040
556.6750 7.8267
636.2000 8.1146
715.7250 8.2256
795.2500 8.1685
874.7750 8.1425
954.3000 8.1802
1033.8250 8.0804
1113.3500 8.1030
1192.8750 8.1286
1272.4000 8.4529
1351.9250 8.2045
1431.4500 8.2495
1510.9750 8.3339
1590.5000 8.2858
1670.0250 8.3175
1749.5500 8.2660
1829.0750 8.1767
1908.6000 8.3653
1988.1250 8.1824
2067.6500 8.2410
2147.1750 8.1817
2226.7000 8.0006
2306.2250 8.3009
2385.7500 8.2386
2465.2750 8.1817
2544.8000 8.1717
2624.3250 8.0866
2703.8500 8.0626
2783.3750 8.0008
2862.9000 8.1995
2942.4250 8.3501
3021.9500 8.3675
3101.4750 8.4059
3181.0000 8.1874
3260.5250 8.2425
3340.0500 8.2300
3419.5750 8.2279
3499.1000 8.1131
3578.6250 8.4358
3658.1500 8.2880
3737.6750 8.3788
3817.2000 8.3301
3896.7250 8.3140
