VARIABLES = "Lag Time" "MSD"
ZONE T = "MPC 965"
0.0000 0.0000
79.5250 7.7296
159.0500 7.9381
238.5750 7.9101
318.1000 7.9931
397.6250 7.8749
477.1500 8.0550
556.6750 8.0503
636.2000 7.9345
715.7250 8.0222
795.2500 8.2338
874.7750 8.1342
954.3000 8.0857
1033.8250 7.9357
1113.3500 8.0250
1192.8750 8.0778
1272.4000 8.1469
1351.9250 8.1832
1431.4500 8.0412
1510.9750 8.1871
1590.5000 8.1594
1670.0250 8.1414
1749.5500 8.0629
1829.0750 8.0902
1908.6000 8.2787
1988.1250 8.2599
2067.6500 8.0602
2147.1750 8.1201
2226.7000 8.1954
2306.2250 8.3134
2385.7500 8.1088
2465.2750 8.2154
2544.8000 8.3343
2624.3250 8.0752
2703.8500 8.2038
2783.3750 8.2100
2862.9000 8.3285
2942.4250 8.1093
3021.9500 8.2578
3101.4750 8.2214
3181.0000 8.2578
3260.5250 8.3247
3340.0500 8.1435
3419.5750 8.1614
3499.1000 8.2064
3578.6250 8.2153
3658.1500 8.3392
3737.6750 8.2697
3817.2000 8.0996
3896.7250 8.3481
