VARIABLES = "Lag Time" "MSD"
ZONE T = "MPC 963"
0.0000 0.0000
79.5250 7.9342
159.0500 8.1251
238.5750 8.1599
318.1000 8.2789
397.6250 8.0537
477.1500 8.2226
556.6750 8.1437
636.2000 8.1265
715.7250 8.0946
795.2500 8.2405
874.7750 8.2664
954.3000 8.1851
1033.8250 8.2583
1113.3500 8.3755
1192.8750 8.1595
1272.4000 8.2015
1351.9250 8.3224
1431.4500 8.2032
1510.9750 8.3332
1590.5000 8.2620
1670.0250 8.3795
1749.5500 8.4697
1829.0750 8.3446
1908.6000 8.2660
1988.1250 8.3426
2067.6500 8.3243
2147.1750 8.3840
2226.7000 8.3504
2306.2250 8.1823
2385.7500 8.4123
2465.2750 8.1648
2544.8000 8.2062
2624.3250 8.2375
2703.8500 8.2921
2783.3750 8.1107
2862.9000 8.2566
2942.4250 8.2197
3021.9500 8.4498
3101.4750 8.2603
3181.0000 8.4003
3260.5250 8.2994
3340.0500 8.1639
3419.5750 8.2478
3499.1000 8.1593
3578.6250 8.3059
3658.1500 8.0881
3737.6750 8.2546
3817.2000 8.3037
3896.7250 8.3497
