VARIABLES = "Lag Time" "MSD"
ZONE T = "MPC 996"
0.0000 0.0000
79.5250 7.2781
159.0500 7.3770
238.5750 7.4545
318.1000 7.5010
397.6250 7.6448
477.1500 7.6400
556.6750 7.5010
636.2000 7.4677
715.7250 7.5396
795.2500 7.6435
874.7750 7.7235
954.3000 7.6226
1033.8250 7.6194
1113.3500 7.6254
1192.8750 7.3850
1272.4000 7.6577
1351.9250 7.7173
1431.4500 7.6072
1510.9750 7.7247
1590.5000 7.7828
1670.0250 7.5810
1749.5500 8.0074
1829.0750 7.8697
1908.6000 7.8721
1988.1250 7.7936
2067.6500 7.6263
2147.1750 7.7630
2226.7000 7.6563
2306.2250 7.7695
2385.7500 7.6736
2465.2750 7.7563
2544.8000 7.7115
2624.3250 7.6904
2703.8500 7.7173
2783.3750 7.5824
2862.9000 7.7766
2942.4250 7.6247
3021.9500 7.7446
3101.4750 7.7834
3181.0000 7.8360
3260.5250 7.7331
3340.0500 7.6638
3419.5750 7.9913
3499.1000 7.7042
3578.6250 7.8485
3658.1500 7.5394
3737.6750 7.6617
3817.2000 7.8335
3896.7250 7.7348
