VARIABLES = "Lag Time" "MSD"
ZONE T = "MPC 966"
0.0000 0.0000
79.5250 7.5892
159.0500 7.5323
238.5750 7.6034
318.1000 7.8878
397.6250 7.6976
477.1500 7.7098
556.6750 7.7736
636.2000 7.6740
715.7250 7.9913
795.2500 7.7406
874.7750 7.9716
954.3000 7.9660
1033.8250 7.8236
1113.3500 7.8464
1192.8750 7.7411
1272.4000 7.7619
1351.9250 7.7362
1431.4500 7.8721
1510.9750 7.9530
1590.5000 7.9819
1670.0250 8.0602
1749.5500 7.8382
1829.0750 7.7021
1908.6000 8.0626
1988.1250 7.8572
2067.6500 8.1004
2147.1750 8.0974
2226.7000 8.0406
2306.2250 7.9485
2385.7500 7.9872
2465.2750 7.9480
2544.8000 8.0283
2624.3250 8.1077
2703.8500 8.1667
2783.3750 8.0099
2862.9000 8.2619
2942.4250 8.0245
3021.9500 8.0482
3101.4750 8.0995
3181.0000 7.9417
3260.5250 8.1899
3340.0500 8.0371
3419.5750 8.1740
3499.1000 8.1355
3578.6250 8.1559
3658.1500 8.0636
3737.6750 8.0900
3817.2000 8.0116
3896.7250 8.2638
