VARIABLES = "Lag Time" "MSD"
ZONE T = "MPC 987"
0.0000 0.0000
79.5250 7.4440
159.0500 7.6558
238.5750 7.7749
318.1000 7.7485
397.6250 7.8514
477.1500 7.9429
556.6750 7.8099
636.2000 7.8983
715.7250 7.9398
795.2500 7.8765
874.7750 7.8600
954.3000 8.0257
1033.8250 7.9083
1113.3500 7.9852
1192.8750 7.8965
1272.4000 7.8927
1351.9250 7.7819
1431.4500 7.9878
1510.9750 8.0776
1590.5000 7.8176
1670.0250 7.9394
1749.5500 7.9298
1829.0750 7.9349
1908.6000 7.8304
1988.1250 7.9588
2067.6500 8.0550
2147.1750 8.0091
2226.7000 7.7743
2306.2250 7.9232
2385.7500 7.9373
2465.2750 8.0439
2544.8000 8.1318
2624.3250 8.1255
2703.8500 8.1549
2783.3750 7.8661
2862.9000 8.1729
2942.4250 7.9963
3021.9500 7.9702
3101.4750 8.0801
3181.0000 8.0306
3260.5250 8.1328
3340.0500 8.0025
3419.5750 8.0529
3499.1000 8.1458
3578.6250 7.8489
3658.1500 7.9783
3737.6750 8.0825
3817.2000 7.9863
3896.7250 8.0583
