VARIABLES = "Lag Time" "MSD"
ZONE T = "MPC 919"
0.0000 0.0000
79.5250 8.4425
159.0500 8.9049
238.5750 8.8906
318.1000 8.9431
397.6250 8.7384
477.1500 8.7193
556.6750 8.9558
636.2000 8.9261
715.7250 8.9441
795.2500 8.8741
874.7750 8.9068
954.3000 8.8950
1033.8250 8.9484
1113.3500 9.0369
1192.8750 9.0859
1272.4000 8.8711
1351.9250 8.9706
1431.4500 9.0180
1510.9750 9.1594
1590.5000 9.1356
1670.0250 9.0530
1749.5500 9.0565
1829.0750 9.1059
1908.6000 9.1162
1988.1250 9.0423
2067.6500 8.9852
2147.1750 8.9825
2226.7000 8.8793
2306.2250 8.9692
2385.7500 9.1604
2465.2750 9.2587
2544.8000 9.2128
2624.3250 9.0861
2703.8500 8.9825
2783.3750 8.9681
2862.9000 9.0950
2942.4250 9.1622
3021.9500 9.2323
3101.4750 9.3147
3181.0000 9.1733
3260.5250 9.2767
3340.0500 9.2314
3419.5750 9.2049
3499.1000 9.1941
3578.6250 9.2118
3658.1500 9.0289
3737.6750 9.1387
3817.2000 9.1849
3896.7250 9.2946
