VARIABLES = "Lag Time" "MSD"
ZONE T = "MPC 9"
0.0000 0.0000
79.5250 983.1357
159.0500 1913.3312
238.5750 2822.9569
318.1000 3739.9870
397.6250 4641.8839
477.1500 5537.7890
556.6750 6437.3863
636.2000 7355.6858
715.7250 8213.6118
795.2500 9021.6682
874.7750 9892.8740
954.3000 10699.0287
1033.8250 11518.9250
1113.3500 12311.4306
1192.8750 13113.3501
1272.4000 13893.4682
1351.9250 14675.2038
1431.4500 15394.1745
1510.9750 16098.4024
1590.5000 16831.0022
1670.0250 17572.8156
1749.5500 18319.6225
1829.0750 19074.5408
1908.6000 19844.3460
1988.1250 20561.6044
2067.6500 21289.6475
2147.1750 22034.8229
2226.7000 22781.5204
2306.2250 23520.7581
2385.7500 24236.3954
2465.2750 24960.2652
2544.8000 25609.2808
2624.3250 26275.2209
2703.8500 26955.7204
2783.3750 27609.6910
2862.9000 28289.9785
2942.4250 28939.8273
3021.9500 29591.3718
3101.4750 30208.8034
3181.0000 30838.8961
3260.5250 31496.7610
3340.0500 32161.1404
3419.5750 32828.4068
3499.1000 33481.2977
3578.6250 34129.4551
3658.1500 34772.2992
3737.6750 35438.4851
3817.2000 36084.3251
3896.7250 36714.6851
