VARIABLES = "Lag Time" "MSD"
ZONE T = "MPC 983"
0.0000 0.0000
79.5250 7.6069
159.0500 7.6653
238.5750 7.6267
318.1000 7.7238
397.6250 7.7480
477.1500 7.4525
556.6750 7.7057
636.2000 7.8086
715.7250 7.6812
795.2500 7.8410
874.7750 7.7352
954.3000 7.8300
1033.8250 7.8127
1113.3500 7.7203
1192.8750 7.8015
1272.4000 7.7204
1351.9250 7.7240
1431.4500 7.7492
1510.9750 7.7326
1590.5000 7.7128
1670.0250 7.7663
1749.5500 7.5399
1829.0750 7.8438
1908.6000 7.7337
1988.1250 7.8317
2067.6500 7.8564
2147.1750 7.7066
2226.7000 7.9317
2306.2250 7.8666
2385.7500 7.7261
2465.2750 7.7605
2544.8000 7.6773
2624.3250 7.6313
2703.8500 7.9797
2783.3750 7.9433
2862.9000 7.7020
2942.4250 7.7650
3021.9500 8.0001
3101.4750 7.6559
3181.0000 7.8860
3260.5250 7.8450
3340.0500 7.8030
3419.5750 7.8713
3499.1000 7.6782
3578.6250 7.7460
3658.1500 7.8204
3737.6750 7.7076
3817.2000 7.7392
3896.7250 7.7834
