VARIABLES = "Lag Time" "MSD"
ZONE T = "MPC 955"
0.0000 0.0000
79.5250 7.8501
159.0500 8.0237
238.5750 7.9815
318.1000 7.8526
397.6250 7.9454
477.1500 8.0062
556.6750 8.1081
636.2000 8.1106
715.7250 8.1550
795.2500 8.1612
874.7750 8.1882
954.3000 8.0956
1033.8250 8.1314
1113.3500 8.0395
1192.8750 8.2347
1272.4000 8.1223
1351.9250 8.1156
1431.4500 8.0348
1510.9750 8.0938
1590.5000 8.2061
1670.0250 8.1121
1749.5500 8.1799
1829.0750 8.1768
1908.6000 8.2099
1988.1250 8.1787
2067.6500 8.1126
2147.1750 8.3886
2226.7000 8.2877
2306.2250 8.1538
2385.7500 8.1217
2465.2750 8.2386
2544.8000 8.0096
2624.3250 8.2644
2703.8500 8.1926
2783.3750 8.1973
2862.9000 8.2216
2942.4250 8.1671
3021.9500 8.1400
3101.4750 8.3497
3181.0000 8.4390
3260.5250 8.2648
3340.0500 8.2755
3419.5750 8.2792
3499.1000 8.2189
3578.6250 8.3364
3658.1500 8.3757
3737.6750 8.2433
3817.2000 8.3624
3896.7250 8.1787
