VARIABLES = "Lag Time" "MSD"
ZONE T = "MPC 922"
0.0000 0.0000
79.5250 8.4119
159.0500 9.0287
238.5750 8.9653
318.1000 8.7444
397.6250 8.6588
477.1500 8.6369
556.6750 9.0796
636.2000 8.7620
715.7250 8.8898
795.2500 8.8047
874.7750 8.8145
954.3000 8.6300
1033.8250 8.7799
1113.3500 8.9344
1192.8750 8.9610
1272.4000 8.9701
1351.9250 8.9531
1431.4500 8.8026
1510.9750 8.6793
1590.5000 9.0165
1670.0250 9.0098
1749.5500 9.2096
1829.0750 9.0715
1908.6000 9.0946
1988.1250 8.9063
2067.6500 9.0330
2147.1750 8.9740
2226.7000 8.9715
2306.2250 8.9964
2385.7500 9.0951
2465.2750 9.0198
2544.8000 9.0408
2624.3250 9.0996
2703.8500 9.0485
2783.3750 9.1045
2862.9000 9.1954
2942.4250 9.2020
3021.9500 9.1513
3101.4750 8.9980
3181.0000 9.0241
3260.5250 9.0011
3340.0500 8.9752
3419.5750 9.0691
3499.1000 9.2765
3578.6250 9.1097
3658.1500 8.8079
3737.6750 8.9859
3817.2000 9.1182
3896.7250 9.1770
