VARIABLES = "Lag Time" "MSD"
ZONE T = "MPC 994"
0.0000 0.0000
79.5250 7.4269
159.0500 7.5383
238.5750 7.6195
318.1000 7.7200
397.6250 7.6096
477.1500 7.7098
556.6750 7.7004
636.2000 7.5636
715.7250 7.7789
795.2500 7.8431
874.7750 7.6489
954.3000 7.7033
1033.8250 7.8775
1113.3500 7.6411
1192.8750 7.8542
1272.4000 7.9494
1351.9250 7.6541
1431.4500 7.6780
1510.9750 7.6537
1590.5000 7.7570
1670.0250 7.7155
1749.5500 7.6608
1829.0750 7.7566
1908.6000 7.7588
1988.1250 7.8623
2067.6500 7.6968
2147.1750 7.9501
2226.7000 7.6029
2306.2250 7.6586
2385.7500 7.7657
2465.2750 7.7083
2544.8000 7.8562
2624.3250 7.6728
2703.8500 7.6350
2783.3750 7.7697
2862.9000 7.6603
2942.4250 7.6664
3021.9500 7.6825
3101.4750 7.6379
3181.0000 7.6500
3260.5250 7.7225
3340.0500 7.7567
3419.5750 7.7368
3499.1000 7.7572
3578.6250 7.7900
3658.1500 7.7667
3737.6750 7.8182
3817.2000 7.6400
3896.7250 7.6712
