VARIABLES = "Lag Time" "MSD"
ZONE T = "MPC 939"
0.0000 0.0000
79.5250 7.8708
159.0500 8.0258
238.5750 7.9872
318.1000 7.9964
397.6250 7.9113
477.1500 8.2022
556.6750 7.8809
636.2000 8.1786
715.7250 8.0366
795.2500 8.1909
874.7750 8.0878
954.3000 8.0165
1033.8250 8.1933
1113.3500 8.0936
1192.8750 8.3048
1272.4000 8.1868
1351.9250 8.2121
1431.4500 8.0539
1510.9750 8.2927
1590.5000 8.2949
1670.0250 8.0975
1749.5500 8.2347
1829.0750 8.2415
1908.6000 8.1219
1988.1250 8.1870
2067.6500 8.0076
2147.1750 8.3650
2226.7000 8.3974
2306.2250 8.0929
2385.7500 8.0319
2465.2750 8.2618
2544.8000 8.2514
2624.3250 8.0870
2703.8500 8.2574
2783.3750 8.2656
2862.9000 8.0814
2942.4250 8.2193
3021.9500 8.1574
3101.4750 8.0664
3181.0000 8.3358
3260.5250 8.1650
3340.0500 8.2856
3419.5750 8.2742
3499.1000 8.2256
3578.6250 8.2423
3658.1500 8.3299
3737.6750 8.1615
3817.2000 8.2053
3896.7250 8.3294
