VARIABLES = "Lag Time" "MSD"
ZONE T = "MPC 901"
0.0000 0.0000
79.5250 8.7377
159.0500 8.9674
238.5750 8.7715
318.1000 8.8302
397.6250 9.1227
477.1500 9.3623
556.6750 9.1769
636.2000 9.1058
715.7250 9.1113
795.2500 9.4245
874.7750 9.1321
954.3000 9.2953
1033.8250 8.9845
1113.3500 9.1054
1192.8750 9.2096
1272.4000 9.1929
1351.9250 9.1367
1431.4500 9.0251
1510.9750 9.2841
1590.5000 9.2857
1670.0250 9.0907
1749.5500 9.2681
1829.0750 9.2103
1908.6000 9.3871
1988.1250 9.1803
2067.6500 9.2786
2147.1750 9.3582
2226.7000 9.2564
2306.2250 9.4630
2385.7500 9.2073
2465.2750 9.1972
2544.8000 9.3211
2624.3250 9.2856
2703.8500 9.1818
2783.3750 9.4102
2862.9000 9.4260
2942.4250 9.4067
3021.9500 9.3164
3101.4750 9.4179
3181.0000 9.3285
3260.5250 9.1948
3340.0500 9.2199
3419.5750 9.2400
3499.1000 9.2763
3578.6250 9.1284
3658.1500 9.2961
3737.6750 9.2050
3817.2000 9.2352
3896.7250 9.1319
