VARIABLES = "Lag Time" "MSD"
ZONE T = "MPC 997"
0.0000 0.0000
79.5250 7.5645
159.0500 7.6858
238.5750 7.6534
318.1000 7.7016
397.6250 7.8351
477.1500 7.7402
556.6750 7.6956
636.2000 7.7336
715.7250 7.8855
795.2500 7.8375
874.7750 7.6896
954.3000 7.7457
1033.8250 7.7151
1113.3500 7.9229
1192.8750 7.9336
1272.4000 7.7786
1351.9250 7.9736
1431.4500 7.9177
1510.9750 7.7344
1590.5000 7.8407
1670.0250 7.6311
1749.5500 7.7068
1829.0750 7.9261
1908.6000 7.5262
1988.1250 7.5280
2067.6500 7.6243
2147.1750 7.7165
2226.7000 7.6516
2306.2250 7.8708
2385.7500 7.8462
2465.2750 7.7001
2544.8000 7.8236
2624.3250 7.7971
2703.8500 7.9087
2783.3750 7.8481
2862.9000 7.9254
2942.4250 7.8327
3021.9500 7.7931
3101.4750 7.6977
3181.0000 7.7887
3260.5250 7.8856
3340.0500 7.9132
3419.5750 7.8404
3499.1000 7.8222
3578.6250 7.8724
3658.1500 7.6394
3737.6750 7.7345
3817.2000 7.8390
3896.7250 7.8500
