VARIABLES = "Lag Time" "MSD"
ZONE T = "MPC 920"
0.0000 0.0000
79.5250 8.5609
159.0500 8.4011
238.5750 8.5927
318.1000 8.7238
397.6250 8.4459
477.1500 8.6085
556.6750 8.6785
636.2000 8.6638
715.7250 8.8284
795.2500 8.6350
874.7750 8.7917
954.3000 8.6370
1033.8250 8.8513
1113.3500 8.7936
1192.8750 8.9100
1272.4000 8.7359
1351.9250 8.7214
1431.4500 8.8411
1510.9750 8.8331
1590.5000 8.8481
1670.0250 9.0404
1749.5500 8.9786
1829.0750 8.9412
1908.6000 8.9988
1988.1250 8.7785
2067.6500 8.9097
2147.1750 9.1025
2226.7000 9.1520
2306.2250 8.9716
2385.7500 9.0668
2465.2750 9.0824
2544.8000 8.9642
2624.3250 8.9194
2703.8500 9.0628
2783.3750 8.8808
2862.9000 8.8918
2942.4250 8.7736
3021.9500 9.0322
3101.4750 9.1033
3181.0000 9.1781
3260.5250 8.8444
3340.0500 9.1857
3419.5750 9.1949
3499.1000 9.0301
3578.6250 9.0308
3658.1500 9.0792
3737.6750 9.3362
3817.2000 9.2255
3896.7250 9.1809
