VARIABLES = "Lag Time" "MSD"
ZONE T = "MPC 968"
0.0000 0.0000
79.5250 7.7871
159.0500 8.2593
238.5750 8.2936
318.1000 8.4351
397.6250 8.3007
477.1500 8.5844
556.6750 8.4553
636.2000 8.5197
715.7250 8.4851
795.2500 8.4549
874.7750 8.5695
954.3000 8.6410
1033.8250 8.4531
1113.3500 8.5050
1192.8750 8.6208
1272.4000 8.5880
1351.9250 8.7168
1431.4500 8.8140
1510.9750 8.7101
1590.5000 8.8129
1670.0250 8.6729
1749.5500 8.7134
1829.0750 8.8201
1908.6000 8.6798
1988.1250 8.6194
2067.6500 8.7666
2147.1750 8.6853
2226.7000 8.7331
2306.2250 8.7031
2385.7500 8.7680
2465.2750 8.6533
2544.8000 8.8248
2624.3250 8.8795
2703.8500 8.6338
2783.3750 8.7603
2862.9000 8.7398
2942.4250 8.8872
3021.9500 8.7440
3101.4750 9.0013
3181.0000 8.9538
3260.5250 8.8702
3340.0500 8.8599
3419.5750 8.8089
3499.1000 9.0745
3578.6250 9.0256
3658.1500 9.0657
3737.6750 8.8932
3817.2000 9.0972
3896.7250 8.9283
