VARIABLES = "Lag Time" "MSD"
ZONE T = "MPC 981"
0.0000 0.0000
79.5250 7.6875
159.0500 7.8404
238.5750 7.7235
318.1000 8.0076
397.6250 7.9448
477.1500 7.8814
556.6750 8.0290
636.2000 7.9148
715.7250 7.8697
795.2500 8.0414
874.7750 7.9338
954.3000 7.8760
1033.8250 8.0538
1113.3500 7.7678
1192.8750 7.9139
1272.4000 7.9905
1351.9250 8.0344
1431.4500 7.8686
1510.9750 8.0312
1590.5000 7.9730
1670.0250 7.9272
1749.5500 7.9999
1829.0750 7.9450
1908.6000 7.9909
1988.1250 7.9328
2067.6500 8.0494
2147.1750 8.1126
2226.7000 8.1217
2306.2250 7.9071
2385.7500 8.1294
2465.2750 8.0731
2544.8000 7.9805
2624.3250 8.1590
2703.8500 8.0389
2783.3750 8.0255
2862.9000 8.0029
2942.4250 8.1168
3021.9500 8.0593
3101.4750 8.0854
3181.0000 8.0626
3260.5250 7.9176
3340.0500 7.9729
3419.5750 8.2717
3499.1000 7.9652
3578.6250 8.1143
3658.1500 8.0926
3737.6750 7.8513
3817.2000 8.0604
3896.7250 7.9099
