VARIABLES = "Lag Time" "MSD"
ZONE T = "MPC 938"
0.0000 0.0000
79.5250 7.9134
159.0500 8.1906
238.5750 8.2098
318.1000 8.0249
397.6250 8.1162
477.1500 8.2986
556.6750 8.3134
636.2000 8.0762
715.7250 8.2801
795.2500 8.2706
874.7750 8.3043
954.3000 8.3056
1033.8250 8.3980
1113.3500 8.2784
1192.8750 8.1564
1272.4000 8.3293
1351.9250 8.2916
1431.4500 8.2254
1510.9750 8.2819
1590.5000 8.3859
1670.0250 8.3835
1749.5500 8.3359
1829.0750 8.4000
1908.6000 8.2441
1988.1250 8.2880
2067.6500 8.2932
2147.1750 8.3432
2226.7000 8.2926
2306.2250 8.1373
2385.7500 8.2818
2465.2750 8.3304
2544.8000 8.4416
2624.3250 8.2874
2703.8500 8.3944
2783.3750 8.4806
2862.9000 8.1588
2942.4250 8.3760
3021.9500 8.2734
3101.4750 8.3277
3181.0000 8.3158
3260.5250 8.2783
3340.0500 8.4453
3419.5750 8.4492
3499.1000 8.7536
3578.6250 8.4553
3658.1500 8.4660
3737.6750 8.4981
3817.2000 8.4379
3896.7250 8.6159
