VARIABLES = "Lag Time" "MSD"
ZONE T = "MPC 947"
0.0000 0.0000
79.5250 7.9182
159.0500 8.3612
238.5750 8.2940
318.1000 8.3289
397.6250 8.2514
477.1500 8.2162
556.6750 8.3276
636.2000 8.4272
715.7250 8.4223
795.2500 8.1781
874.7750 8.3229
954.3000 8.3366
1033.8250 8.2998
1113.3500 8.4076
1192.8750 8.2576
1272.4000 8.4892
1351.9250 8.3910
1431.4500 8.3164
1510.9750 8.3078
1590.5000 8.2641
1670.0250 8.3895
1749.5500 8.3888
1829.0750 8.4235
1908.6000 8.3382
1988.1250 8.5035
2067.6500 8.4662
2147.1750 8.5582
2226.7000 8.4398
2306.2250 8.3774
2385.7500 8.3349
2465.2750 8.5087
2544.8000 8.2803
2624.3250 8.5341
2703.8500 8.3922
2783.3750 8.6040
2862.9000 8.5552
2942.4250 8.4988
3021.9500 8.3425
3101.4750 8.2050
3181.0000 8.2818
3260.5250 8.5146
3340.0500 8.4445
3419.5750 8.7067
3499.1000 8.6042
3578.6250 8.6219
3658.1500 8.5149
3737.6750 8.4722
3817.2000 8.4432
3896.7250 8.5964
