VARIABLES = "Lag Time" "MSD"
ZONE T = "MPC 971"
0.0000 0.0000
79.5250 7.8706
159.0500 7.8755
238.5750 8.0591
318.1000 8.0011
397.6250 8.0990
477.1500 8.2404
556.6750 7.9907
636.2000 8.2376
715.7250 8.1698
795.2500 8.0172
874.7750 8.2086
954.3000 7.8533
1033.8250 8.0698
1113.3500 8.1998
1192.8750 8.1358
1272.4000 8.1992
1351.9250 8.0665
1431.4500 8.1499
1510.9750 8.0628
1590.5000 8.0893
1670.0250 8.2007
1749.5500 8.3049
1829.0750 8.3846
1908.6000 8.0779
1988.1250 8.1643
2067.6500 8.3820
2147.1750 8.3316
2226.7000 8.3617
2306.2250 8.1317
2385.7500 8.2089
2465.2750 8.2085
2544.8000 7.9878
2624.3250 8.3307
2703.8500 8.2442
2783.3750 8.3818
2862.9000 8.2700
2942.4250 8.4654
3021.9500 8.4949
3101.4750 8.2781
3181.0000 8.3542
3260.5250 8.2820
3340.0500 8.4317
3419.5750 8.4819
3499.1000 8.1923
3578.6250 8.2902
3658.1500 8.1373
3737.6750 8.2159
3817.2000 8.1019
3896.7250 8.4260
