VARIABLES = "Lag Time" "MSD"
ZONE T = "MPC 944"
0.0000 0.0000
79.5250 8.0894
159.0500 8.2143
238.5750 8.1125
318.1000 8.0653
397.6250 8.2791
477.1500 8.4386
556.6750 8.4344
636.2000 8.5167
715.7250 8.3601
795.2500 8.3643
874.7750 8.5826
954.3000 8.3581
1033.8250 8.4593
1113.3500 8.5973
1192.8750 8.4211
1272.4000 8.6217
1351.9250 8.4175
1431.4500 8.5848
1510.9750 8.4411
1590.5000 8.7127
1670.0250 8.5486
1749.5500 8.4843
1829.0750 8.5056
1908.6000 8.5263
1988.1250 8.7827
2067.6500 8.7419
2147.1750 8.5664
2226.7000 8.5993
2306.2250 8.5789
2385.7500 8.6559
2465.2750 8.8668
2544.8000 8.4235
2624.3250 8.6018
2703.8500 8.5832
2783.3750 8.6445
2862.9000 8.5652
2942.4250 8.8148
3021.9500 8.6855
3101.4750 8.7669
3181.0000 8.7631
3260.5250 8.6383
3340.0500 8.7602
3419.5750 8.8170
3499.1000 8.9018
3578.6250 8.8530
3658.1500 8.6825
3737.6750 9.0400
3817.2000 8.8458
3896.7250 8.8851
