VARIABLES = "Lag Time" "MSD"
ZONE T = "MPC 903"
0.0000 0.0000
79.5250 8.5476
159.0500 8.8181
238.5750 8.9031
318.1000 9.0867
397.6250 9.0825
477.1500 9.0881
556.6750 9.3360
636.2000 9.4304
715.7250 8.9946
795.2500 9.1481
874.7750 9.3553
954.3000 9.3761
1033.8250 9.6150
1113.3500 9.3704
1192.8750 9.5066
1272.4000 9.6044
1351.9250 9.4578
1431.4500 9.6357
1510.9750 9.5398
1590.5000 9.3909
1670.0250 9.7517
1749.5500 9.3534
1829.0750 9.2917
1908.6000 9.6478
1988.1250 9.6755
2067.6500 9.5179
2147.1750 9.5982
2226.7000 9.6753
2306.2250 9.8214
2385.7500 9.7208
2465.2750 9.7842
2544.8000 9.6238
2624.3250 10.0842
2703.8500 9.7925
2783.3750 9.9509
2862.9000 10.0883
2942.4250 9.9346
3021.9500 10.1342
3101.4750 10.0777
3181.0000 9.9945
3260.5250 9.7006
3340.0500 9.9443
3419.5750 9.9682
3499.1000 9.8334
3578.6250 10.1989
3658.1500 10.0469
3737.6750 9.9212
3817.2000 9.9847
3896.7250 9.8994
