VARIABLES = "Lag Time" "MSD"
ZONE T = "MPC 91"
0.0000 0.0000
79.5250 144.9688
159.0500 174.8517
238.5750 181.9952
318.1000 189.9166
397.6250 194.8157
477.1500 200.0200
556.6750 208.0647
636.2000 216.7533
715.7250 219.8699
795.2500 227.1541
874.7750 233.1799
954.3000 233.3842
1033.8250 238.3093
1113.3500 244.6915
1192.8750 252.0313
1272.4000 256.8364
1351.9250 258.8859
1431.4500 263.1275
1510.9750 263.4172
1590.5000 268.7486
1670.0250 271.1529
1749.5500 273.4296
1829.0750 279.0754
1908.6000 282.5411
1988.1250 284.5959
2067.6500 291.5675
2147.1750 292.4512
2226.7000 293.4414
2306.2250 295.9640
2385.7500 301.5852
2465.2750 305.9641
2544.8000 312.6768
2624.3250 315.4102
2703.8500 319.8148
2783.3750 325.1085
2862.9000 325.6920
2942.4250 328.6976
3021.9500 335.7711
3101.4750 343.6180
3181.0000 344.1774
3260.5250 345.6787
3340.0500 353.9386
3419.5750 356.6434
3499.1000 359.4787
3578.6250 363.0816
3658.1500 366.8935
3737.6750 371.1286
3817.2000 367.3530
3896.7250 372.9687
