VARIABLES = "Lag Time" "MSD"
ZONE T = "MPC 917"
0.0000 0.0000
79.5250 8.2161
159.0500 8.0381
238.5750 8.0694
318.1000 8.2676
397.6250 8.3565
477.1500 8.1802
556.6750 8.1559
636.2000 8.3959
715.7250 8.0123
795.2500 8.2928
874.7750 8.3201
954.3000 8.4327
1033.8250 8.6679
1113.3500 8.5725
1192.8750 8.3369
1272.4000 8.5430
1351.9250 8.3883
1431.4500 8.4881
1510.9750 8.6008
1590.5000 8.3859
1670.0250 8.5108
1749.5500 8.5020
1829.0750 8.5100
1908.6000 8.5462
1988.1250 8.3191
2067.6500 8.6667
2147.1750 8.4489
2226.7000 8.5877
2306.2250 8.2873
2385.7500 8.6941
2465.2750 8.5630
2544.8000 8.7277
2624.3250 8.5726
2703.8500 8.7414
2783.3750 8.7659
2862.9000 8.4564
2942.4250 8.7252
3021.9500 8.5492
3101.4750 8.5755
3181.0000 8.7528
3260.5250 8.6453
3340.0500 8.5727
3419.5750 8.5595
3499.1000 8.6522
3578.6250 8.5373
3658.1500 8.6469
3737.6750 8.8100
3817.2000 8.6135
3896.7250 8.6970
