VARIABLES = "Time" "MSD"
ZONE T = "BD 1"
0.0000 0.0000
34.1960 73.8548
68.3920 148.0678
102.5880 218.4331
136.7840 290.4378
170.9800 365.1677
205.1760 441.5488
239.3720 521.5160
273.5680 601.5345
307.7640 679.5763
341.9600 757.1710
376.1560 834.1457
410.3520 912.5723
444.5480 986.5122
478.7440 1062.7653
512.9400 1137.4397
547.1360 1213.8527
581.3320 1288.9242
615.5280 1368.0298
649.7240 1446.8311
683.9200 1527.0458
718.1160 1609.6579
752.3120 1687.7236
786.5080 1766.6535
820.7040 1843.3035
854.9000 1920.3154
889.0960 1992.7109
923.2920 2063.2834
957.4880 2131.7985
991.6840 2201.3250
1025.8800 2271.4331
1060.0760 2339.8673
1094.2720 2406.8767
1128.4680 2471.8282
1162.6640 2536.8719
1196.8600 2601.0613
1231.0560 2666.6099
1265.2520 2733.0902
1299.4480 2800.1935
1333.6440 2865.7555
1367.8400 2935.1297
1402.0360 3005.9077
1436.2320 3075.4494
1470.4280 3146.8389
1504.6240 3218.1757
1538.8200 3289.4530
1573.0160 3362.6207
1607.2120 3436.5587
1641.4080 3511.2958
1675.6040 3585.2368
