VARIABLES = "Time" "MSD"
ZONE T = "BD 1041"
0.0000 0.0000
34.1960 6.3528
68.3920 6.3373
102.5880 6.3321
136.7840 6.3691
170.9800 6.3725
205.1760 6.2935
239.3720 6.5356
273.5680 6.3932
307.7640 6.3928
341.9600 6.3065
376.1560 6.4099
410.3520 6.5128
444.5480 6.3993
478.7440 6.3719
512.9400 6.4430
547.1360 6.3591
581.3320 6.3857
615.5280 6.3347
649.7240 6.5599
683.9200 6.4827
718.1160 6.4453
752.3120 6.4400
786.5080 6.2703
820.7040 6.3848
854.9000 6.5516
889.0960 6.5004
923.2920 6.3402
957.4880 6.5578
991.6840 6.4190
1025.8800 6.5012
1060.0760 6.2912
1094.2720 6.5781
1128.4680 6.4008
1162.6640 6.6390
1196.8600 6.4122
1231.0560 6.4209
1265.2520 6.4491
1299.4480 6.5523
1333.6440 6.5611
1367.8400 6.4597
1402.0360 6.4610
1436.2320 6.5120
1470.4280 6.6333
1504.6240 6.5478
1538.8200 6.4267
1573.0160 6.4280
1607.2120 6.6161
1641.4080 6.4056
1675.6040 6.4734
