VARIABLES = "Time" "MSD"
ZONE T = "BD 1047"
0.0000 0.0000
34.1960 6.7275
68.3920 6.9745
102.5880 6.8893
136.7840 6.8202
170.9800 6.8166
205.1760 6.8525
239.3720 6.7120
273.5680 6.7736
307.7640 6.8255
341.9600 6.7810
376.1560 6.9873
410.3520 7.0224
444.5480 6.9419
478.7440 6.9705
512.9400 6.9431
547.1360 7.0010
581.3320 6.9921
615.5280 6.9420
649.7240 6.9224
683.9200 6.9968
718.1160 7.0618
752.3120 6.8931
786.5080 6.8744
820.7040 7.0125
854.9000 7.0127
889.0960 6.9978
923.2920 6.9011
957.4880 6.8019
991.6840 6.8559
1025.8800 6.7970
1060.0760 6.9886
1094.2720 6.8794
1128.4680 6.9709
1162.6640 6.8828
1196.8600 6.9461
1231.0560 6.8895
1265.2520 7.0136
1299.4480 6.8220
1333.6440 6.8273
1367.8400 6.7823
1402.0360 6.8517
1436.2320 6.8714
1470.4280 6.7942
1504.6240 6.8905
1538.8200 6.9573
1573.0160 6.9017
1607.2120 6.8836
1641.4080 6.8912
1675.6040 6.9518
