VARIABLES = "Time" "MSD"
ZONE T = "BD 1023"
0.0000 0.0000
34.1960 6.6038
68.3920 6.5956
102.5880 6.5078
136.7840 6.6954
170.9800 6.6791
205.1760 6.8509
239.3720 6.7986
273.5680 6.8052
307.7640 6.8421
341.9600 6.9506
376.1560 7.0044
410.3520 6.9465
444.5480 6.7595
478.7440 6.7957
512.9400 6.8360
547.1360 6.8231
581.3320 6.9163
615.5280 6.9860
649.7240 6.7503
683.9200 6.8215
718.1160 6.8074
752.3120 6.6975
786.5080 6.8349
820.7040 6.8930
854.9000 6.8140
889.0960 6.8687
923.2920 6.8859
957.4880 6.7441
991.6840 6.8564
1025.8800 6.7406
1060.0760 6.8360
1094.2720 6.8070
1128.4680 6.8960
1162.6640 6.9174
1196.8600 6.9235
1231.0560 6.9017
1265.2520 6.8657
1299.4480 6.8026
1333.6440 6.8241
1367.8400 6.9381
1402.0360 6.9023
1436.2320 6.7300
1470.4280 6.8292
1504.6240 6.9986
1538.8200 6.8907
1573.0160 6.6261
1607.2120 6.9333
1641.4080 6.9106
1675.6040 6.8046
