VARIABLES = "Time" "MSD"
ZONE T = "BD 106"
0.0000 0.0000
34.1960 54.1156
68.3920 87.0387
102.5880 108.5804
136.7840 123.1409
170.9800 131.5722
205.1760 138.2685
239.3720 144.2108
273.5680 146.8779
307.7640 149.4193
341.9600 149.8834
376.1560 152.1214
410.3520 151.9699
444.5480 149.5909
478.7440 150.4096
512.9400 149.2149
547.1360 149.1529
581.3320 149.9984
615.5280 150.9673
649.7240 152.4392
683.9200 152.4893
718.1160 154.7616
752.3120 154.2186
786.5080 154.3488
820.7040 152.2931
854.9000 151.2856
889.0960 152.8599
923.2920 153.4895
957.4880 155.8754
991.6840 155.3734
1025.8800 154.6541
1060.0760 156.1111
1094.2720 153.8889
1128.4680 152.3433
1162.6640 152.1088
1196.8600 152.7138
1231.0560 155.2915
1265.2520 155.7092
1299.4480 155.9421
1333.6440 153.9592
1367.8400 153.2967
1402.0360 153.9913
1436.2320 153.3903
1470.4280 153.4251
1504.6240 155.1556
1538.8200 154.3803
1573.0160 154.3682
1607.2120 154.3746
1641.4080 151.8815
1675.6040 150.6929
