VARIABLES = "Time" "MSD"
ZONE T = "BD 1003"
0.0000 0.0000
34.1960 6.7584
68.3920 6.8328
102.5880 6.8784
136.7840 6.9806
170.9800 7.0679
205.1760 7.1507
239.3720 6.9704
273.5680 7.0324
307.7640 6.8583
341.9600 6.9801
376.1560 7.1248
410.3520 6.9280
444.5480 6.9717
478.7440 6.9735
512.9400 7.0860
547.1360 6.8841
581.3320 6.9572
615.5280 6.8326
649.7240 7.1030
683.9200 7.0591
718.1160 6.9819
752.3120 7.0389
786.5080 6.8819
820.7040 7.1038
854.9000 7.0665
889.0960 7.0412
923.2920 6.8930
957.4880 6.9408
991.6840 7.0914
1025.8800 7.0624
1060.0760 6.8352
1094.2720 7.0210
1128.4680 7.0542
1162.6640 7.0011
1196.8600 6.9846
1231.0560 6.8945
1265.2520 7.1277
1299.4480 7.0607
1333.6440 6.9164
1367.8400 7.0557
1402.0360 6.9961
1436.2320 6.9811
1470.4280 6.8900
1504.6240 7.1659
1538.8200 7.1452
1573.0160 7.0108
1607.2120 7.1127
1641.4080 6.9841
1675.6040 7.0697
