VARIABLES = "Time" "MSD"
ZONE T = "BD 1087"
0.0000 0.0000
34.1960 5.9764
68.3920 6.0263
102.5880 6.0797
136.7840 6.0654
170.9800 6.0853
205.1760 6.1011
239.3720 6.0872
273.5680 6.0210
307.7640 6.0542
341.9600 6.1564
376.1560 6.1883
410.3520 5.9798
444.5480 6.1464
478.7440 6.0412
512.9400 6.0227
547.1360 6.1880
581.3320 5.8349
615.5280 6.1638
649.7240 6.1015
683.9200 5.9717
718.1160 6.0971
752.3120 6.0405
786.5080 6.0825
820.7040 6.0156
854.9000 6.0242
889.0960 6.2591
923.2920 6.0304
957.4880 6.0543
991.6840 6.1283
1025.8800 6.1765
1060.0760 6.0868
1094.2720 6.1732
1128.4680 6.1887
1162.6640 6.0867
1196.8600 6.1402
1231.0560 6.0885
1265.2520 5.9704
1299.4480 6.0950
1333.6440 5.9981
1367.8400 6.0617
1402.0360 6.0334
1436.2320 6.1593
1470.4280 6.0524
1504.6240 6.0357
1538.8200 6.1094
1573.0160 6.0138
1607.2120 6.0805
1641.4080 5.9444
1675.6040 5.9731
