VARIABLES = "Time" "MSD"
ZONE T = "BD 1036"
0.0000 0.0000
34.1960 6.6547
68.3920 6.7078
102.5880 6.6501
136.7840 6.8948
170.9800 6.6439
205.1760 6.7053
239.3720 6.8064
273.5680 6.8560
307.7640 6.8704
341.9600 6.8436
376.1560 6.8310
410.3520 6.7388
444.5480 6.7576
478.7440 6.6975
512.9400 6.7630
547.1360 6.7928
581.3320 6.7212
615.5280 6.6950
649.7240 6.6513
683.9200 6.8915
718.1160 6.7545
752.3120 6.8347
786.5080 6.8131
820.7040 6.8469
854.9000 6.8739
889.0960 6.6731
923.2920 6.8977
957.4880 6.8119
991.6840 6.9216
1025.8800 6.8026
1060.0760 6.8127
1094.2720 6.7765
1128.4680 6.7185
1162.6640 6.8666
1196.8600 6.9195
1231.0560 6.6231
1265.2520 6.6898
1299.4480 6.7538
1333.6440 6.8632
1367.8400 6.8344
1402.0360 6.8038
1436.2320 6.7721
1470.4280 6.7240
1504.6240 6.7672
1538.8200 6.8122
1573.0160 6.8540
1607.2120 6.7092
1641.4080 6.7427
1675.6040 6.8303
