VARIABLES = "Time" "MSD"
ZONE T = "BD 1085"
0.0000 0.0000
34.1960 6.0390
68.3920 6.1351
102.5880 6.1340
136.7840 6.2569
170.9800 6.1106
205.1760 6.2114
239.3720 6.1630
273.5680 6.2872
307.7640 6.1654
341.9600 6.0918
376.1560 5.9900
410.3520 6.0783
444.5480 6.0326
478.7440 6.1631
512.9400 6.1351
547.1360 6.3281
581.3320 6.0576
615.5280 6.0758
649.7240 6.0261
683.9200 6.0982
718.1160 6.1125
752.3120 6.2519
786.5080 6.1521
820.7040 6.1114
854.9000 6.2084
889.0960 6.1149
923.2920 6.1904
957.4880 6.1548
991.6840 6.2128
1025.8800 6.0815
1060.0760 6.1834
1094.2720 6.0928
1128.4680 6.1336
1162.6640 6.2087
1196.8600 6.3226
1231.0560 6.1945
1265.2520 6.0328
1299.4480 6.2169
1333.6440 6.3278
1367.8400 6.1428
1402.0360 6.1024
1436.2320 5.9825
1470.4280 6.1094
1504.6240 6.1692
1538.8200 6.1830
1573.0160 6.0395
1607.2120 6.1954
1641.4080 6.1837
1675.6040 6.0125
