VARIABLES = "Time" "MSD"
ZONE T = "BD 1083"
0.0000 0.0000
34.1960 5.9040
68.3920 5.9823
102.5880 6.1717
136.7840 5.9266
170.9800 5.9305
205.1760 6.0202
239.3720 6.1508
273.5680 5.9414
307.7640 6.0880
341.9600 6.0898
376.1560 6.0271
410.3520 5.9409
444.5480 6.0410
478.7440 6.0584
512.9400 6.2308
547.1360 6.0360
581.3320 5.9704
615.5280 5.7890
649.7240 5.9430
683.9200 6.0988
718.1160 6.2586
752.3120 6.0049
786.5080 5.8346
820.7040 6.0784
854.9000 6.0315
889.0960 6.1601
923.2920 5.9610
957.4880 6.1013
991.6840 5.9517
1025.8800 6.0329
1060.0760 5.9881
1094.2720 5.9265
1128.4680 6.1149
1162.6640 6.0097
1196.8600 5.9983
1231.0560 5.9580
1265.2520 5.9605
1299.4480 5.9603
1333.6440 6.0919
1367.8400 6.0002
1402.0360 6.0018
1436.2320 6.0165
1470.4280 6.0763
1504.6240 6.0617
1538.8200 6.0036
1573.0160 6.0767
1607.2120 6.2104
1641.4080 6.0833
1675.6040 5.9106
