VARIABLES = "Time" "MSD"
ZONE T = "BD 1059"
0.0000 0.0000
34.1960 6.5444
68.3920 6.5408
102.5880 6.5810
136.7840 6.5745
170.9800 6.4858
205.1760 6.4158
239.3720 6.5685
273.5680 6.4656
307.7640 6.7223
341.9600 6.5894
376.1560 6.6844
410.3520 6.3675
444.5480 6.5545
478.7440 6.4717
512.9400 6.6349
547.1360 6.4148
581.3320 6.5543
615.5280 6.5814
649.7240 6.5201
683.9200 6.5931
718.1160 6.7345
752.3120 6.4153
786.5080 6.5381
820.7040 6.4919
854.9000 6.5215
889.0960 6.6008
923.2920 6.5998
957.4880 6.5936
991.6840 6.6058
1025.8800 6.5257
1060.0760 6.5931
1094.2720 6.6181
1128.4680 6.5605
1162.6640 6.5684
1196.8600 6.6463
1231.0560 6.5223
1265.2520 6.6499
1299.4480 6.5169
1333.6440 6.4375
1367.8400 6.4196
1402.0360 6.5438
1436.2320 6.7770
1470.4280 6.6033
1504.6240 6.6810
1538.8200 6.5545
1573.0160 6.6567
1607.2120 6.4721
1641.4080 6.5971
1675.6040 6.4554
