VARIABLES = "Time" "MSD"
ZONE T = "BD 1050"
0.0000 0.0000
34.1960 6.4374
68.3920 6.4679
102.5880 6.6399
136.7840 6.5251
170.9800 6.5472
205.1760 6.4323
239.3720 6.4122
273.5680 6.5562
307.7640 6.4414
341.9600 6.5952
376.1560 6.6148
410.3520 6.6004
444.5480 6.5799
478.7440 6.5881
512.9400 6.6424
547.1360 6.7452
581.3320 6.6303
615.5280 6.4860
649.7240 6.5550
683.9200 6.6622
718.1160 6.6738
752.3120 6.5704
786.5080 6.5310
820.7040 6.5174
854.9000 6.6035
889.0960 6.5297
923.2920 6.5137
957.4880 6.4572
991.6840 6.7517
1025.8800 6.6847
1060.0760 6.5862
1094.2720 6.5710
1128.4680 6.6283
1162.6640 6.6442
1196.8600 6.5988
1231.0560 6.7384
1265.2520 6.7334
1299.4480 6.7146
1333.6440 6.6951
1367.8400 6.6804
1402.0360 6.6783
1436.2320 6.6009
1470.4280 6.6724
1504.6240 6.6226
1538.8200 6.6950
1573.0160 6.5910
1607.2120 6.7357
1641.4080 6.6272
1675.6040 6.6679
