VARIABLES = "Time" "MSD"
ZONE T = "BD 1075"
0.0000 0.0000
34.1960 6.0285
68.3920 5.9927
102.5880 5.9992
136.7840 6.1865
170.9800 6.0456
205.1760 6.1228
239.3720 6.1044
273.5680 6.0748
307.7640 5.9951
341.9600 6.0050
376.1560 5.9624
410.3520 5.8757
444.5480 6.0288
478.7440 5.9312
512.9400 6.1249
547.1360 6.1191
581.3320 6.0465
615.5280 5.9583
649.7240 6.0921
683.9200 6.0223
718.1160 5.9641
752.3120 6.0273
786.5080 5.9230
820.7040 6.2066
854.9000 5.8454
889.0960 6.0789
923.2920 5.9190
957.4880 6.2273
991.6840 6.0737
1025.8800 6.0662
1060.0760 6.0244
1094.2720 5.9592
1128.4680 6.0991
1162.6640 6.0252
1196.8600 6.0260
1231.0560 6.0539
1265.2520 6.0977
1299.4480 6.0698
1333.6440 5.9986
1367.8400 5.9851
1402.0360 6.0839
1436.2320 5.9625
1470.4280 6.1667
1504.6240 6.1265
1538.8200 6.0545
1573.0160 5.9466
1607.2120 6.1037
1641.4080 6.1289
1675.6040 5.9995
