VARIABLES = "Time" "MSD"
ZONE T = "BD 1070"
0.0000 0.0000
34.1960 6.1097
68.3920 6.0092
102.5880 6.1446
136.7840 6.0830
170.9800 6.2590
205.1760 6.2374
239.3720 6.1513
273.5680 6.2022
307.7640 6.1752
341.9600 6.2536
376.1560 6.1092
410.3520 6.2310
444.5480 6.3359
478.7440 6.1928
512.9400 6.3087
547.1360 6.1555
581.3320 6.1455
615.5280 6.0973
649.7240 6.2313
683.9200 6.1774
718.1160 6.1298
752.3120 6.1446
786.5080 6.2132
820.7040 6.1859
854.9000 6.1944
889.0960 6.0650
923.2920 6.1903
957.4880 6.2541
991.6840 6.1475
1025.8800 6.2588
1060.0760 6.3075
1094.2720 6.2180
1128.4680 6.3055
1162.6640 6.2225
1196.8600 6.2912
1231.0560 6.2595
1265.2520 6.0887
1299.4480 6.2507
1333.6440 6.4037
1367.8400 6.2423
1402.0360 6.1113
1436.2320 6.2006
1470.4280 6.1610
1504.6240 6.0851
1538.8200 6.0251
1573.0160 6.0982
1607.2120 6.1343
1641.4080 6.1560
1675.6040 6.3130
