VARIABLES = "Time" "MSD"
ZONE T = "BD 1015"
0.0000 0.0000
34.1960 6.8042
68.3920 6.9513
102.5880 7.0199
136.7840 6.9814
170.9800 6.9977
205.1760 7.0459
239.3720 7.0896
273.5680 7.0377
307.7640 6.9741
341.9600 7.0549
376.1560 7.1436
410.3520 7.1553
444.5480 6.8944
478.7440 6.8641
512.9400 6.9250
547.1360 7.1242
581.3320 7.1813
615.5280 6.9390
649.7240 7.1744
683.9200 7.0123
718.1160 7.0531
752.3120 7.1106
786.5080 7.1667
820.7040 7.0655
854.9000 7.1203
889.0960 7.1227
923.2920 7.0954
957.4880 7.0641
991.6840 7.1599
1025.8800 7.0770
1060.0760 7.0967
1094.2720 7.1375
1128.4680 7.2753
1162.6640 7.0223
1196.8600 7.1166
1231.0560 7.0825
1265.2520 7.2043
1299.4480 6.9177
1333.6440 7.0130
1367.8400 7.1465
1402.0360 7.0669
1436.2320 7.1356
1470.4280 6.9751
1504.6240 6.8998
1538.8200 6.9287
1573.0160 6.9683
1607.2120 7.0392
1641.4080 7.0209
1675.6040 6.9179
