VARIABLES = "Time" "MSD"
ZONE T = "BD 1089"
0.0000 0.0000
34.1960 5.7502
68.3920 5.8509
102.5880 5.7809
136.7840 5.8419
170.9800 5.7365
205.1760 5.7632
239.3720 5.8645
273.5680 5.6614
307.7640 5.7955
341.9600 5.8426
376.1560 5.8335
410.3520 5.9799
444.5480 5.8423
478.7440 5.9031
512.9400 5.9107
547.1360 5.9501
581.3320 5.8941
615.5280 5.9375
649.7240 5.9552
683.9200 5.8822
718.1160 5.8155
752.3120 5.8270
786.5080 5.8724
820.7040 5.7851
854.9000 5.7613
889.0960 5.8873
923.2920 5.9077
957.4880 5.8004
991.6840 5.8876
1025.8800 5.9567
1060.0760 5.7632
1094.2720 5.8464
1128.4680 5.9956
1162.6640 5.9561
1196.8600 5.8825
1231.0560 5.8081
1265.2520 5.8323
1299.4480 5.9195
1333.6440 5.9043
1367.8400 5.9468
1402.0360 5.9914
1436.2320 5.8454
1470.4280 5.7650
1504.6240 5.8574
1538.8200 5.7581
1573.0160 5.8452
1607.2120 5.8550
1641.4080 5.7520
1675.6040 5.8342
