VARIABLES = "Time" "MSD"
ZONE T = "BD 1021"
0.0000 0.0000
34.1960 7.0844
68.3920 7.1042
102.5880 7.1190
136.7840 7.1441
170.9800 7.0221
205.1760 7.0086
239.3720 7.1464
273.5680 7.1830
307.7640 7.1273
341.9600 7.1608
376.1560 7.2705
410.3520 7.1832
444.5480 7.1086
478.7440 7.1281
512.9400 7.2838
547.1360 7.2476
581.3320 7.0632
615.5280 7.3645
649.7240 7.0324
683.9200 7.1280
718.1160 6.9623
752.3120 7.1006
786.5080 7.0362
820.7040 7.2335
854.9000 7.1705
889.0960 7.0737
923.2920 7.2768
957.4880 6.9933
991.6840 7.1967
1025.8800 7.2092
1060.0760 7.1059
1094.2720 7.2789
1128.4680 7.1460
1162.6640 7.2522
1196.8600 7.2518
1231.0560 7.1544
1265.2520 7.0959
1299.4480 7.2783
1333.6440 7.2026
1367.8400 7.1106
1402.0360 7.0966
1436.2320 6.9412
1470.4280 6.9650
1504.6240 7.2229
1538.8200 6.9847
1573.0160 7.2359
1607.2120 7.1352
1641.4080 7.0868
1675.6040 7.1134
