VARIABLES = "Time" "MSD"
ZONE T = "BD 102"
0.0000 0.0000
34.1960 57.8576
68.3920 95.9546
102.5880 119.0332
136.7840 139.5486
170.9800 155.3065
205.1760 166.8807
239.3720 175.0466
273.5680 180.7864
307.7640 185.3027
341.9600 187.3574
376.1560 189.2520
410.3520 189.9820
444.5480 192.6111
478.7440 192.1801
512.9400 191.0651
547.1360 190.3569
581.3320 191.6976
615.5280 193.0528
649.7240 194.0976
683.9200 195.3698
718.1160 194.2773
752.3120 193.1974
786.5080 195.3109
820.7040 197.7352
854.9000 199.4782
889.0960 198.2082
923.2920 198.3464
957.4880 196.3185
991.6840 196.3181
1025.8800 195.6574
1060.0760 194.4597
1094.2720 192.0882
1128.4680 192.6126
1162.6640 192.5784
1196.8600 192.4811
1231.0560 192.0712
1265.2520 191.7187
1299.4480 191.1787
1333.6440 191.4602
1367.8400 192.9008
1402.0360 191.5880
1436.2320 189.8597
1470.4280 190.6090
1504.6240 190.2719
1538.8200 189.9957
1573.0160 189.2574
1607.2120 190.7738
1641.4080 191.4789
1675.6040 190.5534
