VARIABLES = "Time" "MSD"
ZONE T = "BD 1048"
0.0000 0.0000
34.1960 6.3960
68.3920 6.4468
102.5880 6.4701
136.7840 6.5136
170.9800 6.4930
205.1760 6.4928
239.3720 6.3419
273.5680 6.5433
307.7640 6.4315
341.9600 6.3723
376.1560 6.5849
410.3520 6.4557
444.5480 6.3274
478.7440 6.3724
512.9400 6.5031
547.1360 6.4756
581.3320 6.4691
615.5280 6.4427
649.7240 6.5185
683.9200 6.5287
718.1160 6.4039
752.3120 6.4826
786.5080 6.4874
820.7040 6.5400
854.9000 6.4944
889.0960 6.3574
923.2920 6.6442
957.4880 6.2948
991.6840 6.5192
1025.8800 6.5242
1060.0760 6.5187
1094.2720 6.4985
1128.4680 6.4522
1162.6640 6.4800
1196.8600 6.4552
1231.0560 6.5518
1265.2520 6.4642
1299.4480 6.5897
1333.6440 6.4115
1367.8400 6.4842
1402.0360 6.4848
1436.2320 6.4203
1470.4280 6.5122
1504.6240 6.5335
1538.8200 6.5744
1573.0160 6.4326
1607.2120 6.6308
1641.4080 6.5163
1675.6040 6.4268
