VARIABLES = "Time" "MSD"
ZONE T = "BD 1030"
0.0000 0.0000
34.1960 6.3888
68.3920 6.6444
102.5880 6.6958
136.7840 6.5712
170.9800 6.8747
205.1760 6.7123
239.3720 6.6526
273.5680 6.7676
307.7640 6.5676
341.9600 6.7315
376.1560 6.6244
410.3520 6.8337
444.5480 6.7491
478.7440 6.6479
512.9400 6.8273
547.1360 6.7932
581.3320 6.8553
615.5280 6.8870
649.7240 6.7884
683.9200 6.6834
718.1160 6.8963
752.3120 6.7566
786.5080 6.7982
820.7040 6.7246
854.9000 6.7685
889.0960 6.7661
923.2920 6.7863
957.4880 6.6552
991.6840 6.5775
1025.8800 6.7085
1060.0760 6.7514
1094.2720 6.8468
1128.4680 6.7717
1162.6640 6.7855
1196.8600 6.7431
1231.0560 6.8004
1265.2520 6.6819
1299.4480 6.6773
1333.6440 6.8495
1367.8400 6.7006
1402.0360 6.8191
1436.2320 6.6723
1470.4280 6.7138
1504.6240 6.7942
1538.8200 6.8149
1573.0160 6.7655
1607.2120 6.8447
1641.4080 6.7941
1675.6040 6.8106
