VARIABLES = "Time" "MSD"
ZONE T = "BD 1097"
0.0000 0.0000
34.1960 5.7826
68.3920 5.8322
102.5880 5.8669
136.7840 5.7217
170.9800 5.8282
205.1760 5.7781
239.3720 5.7491
273.5680 5.7487
307.7640 5.8927
341.9600 5.9519
376.1560 5.9374
410.3520 5.6110
444.5480 5.9380
478.7440 5.9312
512.9400 5.7845
547.1360 5.8000
581.3320 5.8705
615.5280 5.8771
649.7240 5.9096
683.9200 5.8456
718.1160 5.7801
752.3120 6.0276
786.5080 5.8459
820.7040 5.7637
854.9000 5.8990
889.0960 5.7810
923.2920 5.8635
957.4880 5.7402
991.6840 5.8288
1025.8800 5.9164
1060.0760 5.8094
1094.2720 5.8335
1128.4680 5.9298
1162.6640 5.8538
1196.8600 5.9388
1231.0560 5.8938
1265.2520 5.9099
1299.4480 5.7718
1333.6440 5.8508
1367.8400 5.8810
1402.0360 5.9191
1436.2320 5.9328
1470.4280 5.7965
1504.6240 5.8792
1538.8200 5.8871
1573.0160 5.8176
1607.2120 5.7479
1641.4080 6.0053
1675.6040 5.8361
