VARIABLES = "Time" "MSD"
ZONE T = "BD 108"
0.0000 0.0000
34.1960 58.3632
68.3920 96.3880
102.5880 121.3901
136.7840 139.0411
170.9800 151.9552
205.1760 157.8990
239.3720 160.7248
273.5680 162.3830
307.7640 163.4527
341.9600 165.5758
376.1560 166.4293
410.3520 168.4467
444.5480 170.1415
478.7440 171.0025
512.9400 173.9098
547.1360 174.2000
581.3320 172.6833
615.5280 170.6261
649.7240 168.5529
683.9200 167.9707
718.1160 169.8253
752.3120 171.5701
786.5080 173.8895
820.7040 175.7926
854.9000 175.7096
889.0960 176.1286
923.2920 175.8190
957.4880 174.2852
991.6840 172.9242
1025.8800 171.3049
1060.0760 169.1277
1094.2720 170.7562
1128.4680 173.4663
1162.6640 174.6193
1196.8600 176.8334
1231.0560 178.7745
1265.2520 179.5860
1299.4480 176.5945
1333.6440 175.5328
1367.8400 172.3501
1402.0360 171.9164
1436.2320 173.6151
1470.4280 174.4964
1504.6240 173.5666
1538.8200 175.6606
1573.0160 175.9003
1607.2120 176.7936
1641.4080 177.8154
1675.6040 175.9613
