VARIABLES = "Time" "MSD"
ZONE T = "BD 1093"
0.0000 0.0000
34.1960 5.8487
68.3920 5.9253
102.5880 5.8765
136.7840 5.7875
170.9800 6.0094
205.1760 5.9849
239.3720 5.8161
273.5680 5.7990
307.7640 5.9249
341.9600 5.9558
376.1560 5.8312
410.3520 5.7919
444.5480 5.8321
478.7440 5.8840
512.9400 5.8013
547.1360 5.9083
581.3320 5.7629
615.5280 5.9084
649.7240 5.8671
683.9200 5.8934
718.1160 5.8751
752.3120 5.8309
786.5080 5.7969
820.7040 5.8086
854.9000 5.8442
889.0960 5.8265
923.2920 5.8558
957.4880 5.8508
991.6840 5.8250
1025.8800 5.8858
1060.0760 5.8546
1094.2720 5.8494
1128.4680 5.7774
1162.6640 5.8756
1196.8600 5.9143
1231.0560 5.8164
1265.2520 5.8106
1299.4480 5.8408
1333.6440 5.8173
1367.8400 5.7011
1402.0360 5.9486
1436.2320 5.8446
1470.4280 5.7981
1504.6240 5.7002
1538.8200 5.8838
1573.0160 5.7781
1607.2120 5.6981
1641.4080 5.8249
1675.6040 5.7867
