VARIABLES = "Time" "MSD"
ZONE T = "BD 1072"
0.0000 0.0000
34.1960 6.1820
68.3920 6.2702
102.5880 6.3544
136.7840 6.3579
170.9800 6.5191
205.1760 6.3681
239.3720 6.3961
273.5680 6.2611
307.7640 6.3934
341.9600 6.2868
376.1560 6.4860
410.3520 6.3823
444.5480 6.4921
478.7440 6.2635
512.9400 6.3059
547.1360 6.2974
581.3320 6.2224
615.5280 6.3508
649.7240 6.4513
683.9200 6.3412
718.1160 6.4180
752.3120 6.3107
786.5080 6.3891
820.7040 6.4998
854.9000 6.3840
889.0960 6.4954
923.2920 6.4701
957.4880 6.3928
991.6840 6.3596
1025.8800 6.4641
1060.0760 6.4769
1094.2720 6.4533
1128.4680 6.4211
1162.6640 6.3481
1196.8600 6.4069
1231.0560 6.3201
1265.2520 6.3474
1299.4480 6.4346
1333.6440 6.4165
1367.8400 6.3705
1402.0360 6.6167
1436.2320 6.3894
1470.4280 6.3495
1504.6240 6.6250
1538.8200 6.4254
1573.0160 6.3187
1607.2120 6.4810
1641.4080 6.4315
1675.6040 6.3252
