VARIABLES = "Time" "MSD"
ZONE T = "BD 1081"
0.0000 0.0000
34.1960 6.0310
68.3920 6.1523
102.5880 6.0365
136.7840 6.2728
170.9800 6.1923
205.1760 6.2103
239.3720 6.1839
273.5680 6.0751
307.7640 6.1542
341.9600 6.2396
376.1560 6.0882
410.3520 6.2051
444.5480 6.2176
478.7440 6.0787
512.9400 6.0462
547.1360 6.2622
581.3320 6.2743
615.5280 6.0560
649.7240 6.0854
683.9200 6.1595
718.1160 6.1149
752.3120 6.0638
786.5080 6.3273
820.7040 6.2201
854.9000 6.1048
889.0960 6.1830
923.2920 6.0180
957.4880 6.1279
991.6840 6.1171
1025.8800 6.0936
1060.0760 6.0948
1094.2720 6.2088
1128.4680 6.2038
1162.6640 6.2739
1196.8600 6.1877
1231.0560 6.0049
1265.2520 6.1211
1299.4480 6.1571
1333.6440 6.0097
1367.8400 6.1154
1402.0360 6.0908
1436.2320 6.1266
1470.4280 6.0903
1504.6240 6.1899
1538.8200 6.1639
1573.0160 6.2817
1607.2120 6.1383
1641.4080 6.0890
1675.6040 6.1577
