VARIABLES = "Time" "MSD"
ZONE T = "BD 1043"
0.0000 0.0000
34.1960 6.6321
68.3920 6.4167
102.5880 6.6215
136.7840 6.6881
170.9800 6.6393
205.1760 6.5164
239.3720 6.5657
273.5680 6.7216
307.7640 6.6309
341.9600 6.8009
376.1560 6.5123
410.3520 6.4644
444.5480 6.6610
478.7440 6.6893
512.9400 6.7119
547.1360 6.7716
581.3320 6.7077
615.5280 6.5979
649.7240 6.6512
683.9200 6.6501
718.1160 6.5629
752.3120 6.5764
786.5080 6.5572
820.7040 6.7249
854.9000 6.5587
889.0960 6.6297
923.2920 6.7672
957.4880 6.5195
991.6840 6.4935
1025.8800 6.5563
1060.0760 6.5930
1094.2720 6.8267
1128.4680 6.6692
1162.6640 6.6514
1196.8600 6.5713
1231.0560 6.6963
1265.2520 6.7576
1299.4480 6.7487
1333.6440 6.6439
1367.8400 6.7276
1402.0360 6.7063
1436.2320 6.5995
1470.4280 6.6453
1504.6240 6.5535
1538.8200 6.7335
1573.0160 6.6373
1607.2120 6.5450
1641.4080 6.6394
1675.6040 6.7046
