VARIABLES = "Time" "MSD"
ZONE T = "BD 1035"
0.0000 0.0000
34.1960 6.8384
68.3920 7.0045
102.5880 7.1214
136.7840 6.8859
170.9800 7.0187
205.1760 7.0718
239.3720 7.0152
273.5680 6.9872
307.7640 6.8791
341.9600 6.9519
376.1560 7.0430
410.3520 7.1294
444.5480 6.9513
478.7440 6.9178
512.9400 6.9938
547.1360 7.1582
581.3320 7.0192
615.5280 7.0233
649.7240 6.9830
683.9200 6.9744
718.1160 6.9726
752.3120 7.0775
786.5080 7.0040
820.7040 6.9713
854.9000 7.0252
889.0960 7.1508
923.2920 7.0961
957.4880 6.9818
991.6840 7.0726
1025.8800 7.0362
1060.0760 7.0017
1094.2720 7.1301
1128.4680 7.1013
1162.6640 6.9949
1196.8600 6.9442
1231.0560 7.2032
1265.2520 7.0398
1299.4480 7.0943
1333.6440 7.0774
1367.8400 7.0003
1402.0360 7.1421
1436.2320 7.1336
1470.4280 6.9571
1504.6240 6.9417
1538.8200 7.0162
1573.0160 6.9892
1607.2120 6.8840
1641.4080 7.0007
1675.6040 7.0791
