VARIABLES = "Time" "MSD"
ZONE T = "BD 1095"
0.0000 0.0000
34.1960 5.9081
68.3920 5.9221
102.5880 5.8309
136.7840 5.9374
170.9800 5.9799
205.1760 5.9471
239.3720 5.8553
273.5680 5.9058
307.7640 5.9146
341.9600 5.7815
376.1560 6.0102
410.3520 6.0522
444.5480 5.8457
478.7440 5.7733
512.9400 5.8863
547.1360 5.9856
581.3320 6.0033
615.5280 5.9403
649.7240 5.9394
683.9200 5.7077
718.1160 5.8097
752.3120 5.8675
786.5080 5.9961
820.7040 5.8684
854.9000 5.8062
889.0960 5.9468
923.2920 5.8845
957.4880 5.8240
991.6840 5.9833
1025.8800 5.9862
1060.0760 5.9815
1094.2720 5.8566
1128.4680 6.0356
1162.6640 5.8574
1196.8600 5.9968
1231.0560 6.0416
1265.2520 5.8800
1299.4480 6.0042
1333.6440 5.8677
1367.8400 5.7990
1402.0360 5.7128
1436.2320 5.9191
1470.4280 5.9383
1504.6240 5.8207
1538.8200 5.8838
1573.0160 5.9336
1607.2120 5.8623
1641.4080 5.9214
1675.6040 5.9571
