VARIABLES = "Time" "MSD"
ZONE T = "BD 1076"
0.0000 0.0000
34.1960 6.1795
68.3920 6.1942
102.5880 6.1989
136.7840 6.1011
170.9800 6.3333
205.1760 6.3280
239.3720 6.2649
273.5680 6.3214
307.7640 6.3134
341.9600 6.3261
376.1560 6.3844
410.3520 6.1614
444.5480 6.1416
478.7440 6.2537
512.9400 6.2007
547.1360 6.1858
581.3320 6.2540
615.5280 6.2171
649.7240 6.3274
683.9200 6.3665
718.1160 6.2441
752.3120 6.2727
786.5080 6.3418
820.7040 6.2807
854.9000 6.4273
889.0960 6.3318
923.2920 6.3371
957.4880 6.3547
991.6840 6.2671
1025.8800 6.3670
1060.0760 6.2698
1094.2720 6.1807
1128.4680 6.4112
1162.6640 6.2480
1196.8600 6.3430
1231.0560 6.4251
1265.2520 6.4643
1299.4480 6.1813
1333.6440 6.3899
1367.8400 6.2990
1402.0360 6.2989
1436.2320 6.3222
1470.4280 6.2670
1504.6240 6.2235
1538.8200 6.2429
1573.0160 6.2120
1607.2120 6.3368
1641.4080 6.2133
1675.6040 6.3600
