VARIABLES = "Time" "MSD"
ZONE T = "BD 1056"
0.0000 0.0000
34.1960 6.6673
68.3920 6.6903
102.5880 6.5974
136.7840 6.4875
170.9800 6.5947
205.1760 6.8585
239.3720 6.4219
273.5680 6.5539
307.7640 6.5891
341.9600 6.5819
376.1560 6.3664
410.3520 6.6093
444.5480 6.7451
478.7440 6.5439
512.9400 6.5430
547.1360 6.6122
581.3320 6.6556
615.5280 6.4662
649.7240 6.5436
683.9200 6.6246
718.1160 6.6387
752.3120 6.4733
786.5080 6.5721
820.7040 6.4676
854.9000 6.5758
889.0960 6.5392
923.2920 6.6287
957.4880 6.4894
991.6840 6.6888
1025.8800 6.5256
1060.0760 6.7380
1094.2720 6.5661
1128.4680 6.5658
1162.6640 6.5045
1196.8600 6.5080
1231.0560 6.4922
1265.2520 6.5893
1299.4480 6.6541
1333.6440 6.6717
1367.8400 6.6259
1402.0360 6.6078
1436.2320 6.4656
1470.4280 6.6331
1504.6240 6.5524
1538.8200 6.4311
1573.0160 6.7013
1607.2120 6.6125
1641.4080 6.6197
1675.6040 6.6182
