VARIABLES = "Time" "MSD"
ZONE T = "BD 107"
0.0000 0.0000
34.1960 55.0533
68.3920 89.6349
102.5880 110.6953
136.7840 126.9793
170.9800 137.4748
205.1760 143.8215
239.3720 148.2187
273.5680 152.4020
307.7640 155.8907
341.9600 158.5665
376.1560 157.8095
410.3520 161.3810
444.5480 161.9772
478.7440 161.9810
512.9400 162.5140
547.1360 163.4751
581.3320 164.6721
615.5280 164.6840
649.7240 165.3334
683.9200 166.1431
718.1160 168.1714
752.3120 170.0192
786.5080 170.9755
820.7040 171.3981
854.9000 170.3813
889.0960 169.6929
923.2920 170.5301
957.4880 170.8793
991.6840 169.6396
1025.8800 170.5030
1060.0760 169.2749
1094.2720 167.0387
1128.4680 165.2143
1162.6640 164.3667
1196.8600 162.5484
1231.0560 163.6785
1265.2520 166.2368
1299.4480 167.5132
1333.6440 167.3783
1367.8400 167.4209
1402.0360 167.7902
1436.2320 168.5868
1470.4280 167.8658
1504.6240 168.4176
1538.8200 168.4273
1573.0160 169.7074
1607.2120 170.5970
1641.4080 170.2589
1675.6040 171.8509
