VARIABLES = "Time" "MSD"
ZONE T = "BD 1061"
0.0000 0.0000
34.1960 6.5079
68.3920 6.4093
102.5880 6.6332
136.7840 6.5439
170.9800 6.5312
205.1760 6.4677
239.3720 6.4391
273.5680 6.6332
307.7640 6.6004
341.9600 6.5617
376.1560 6.5261
410.3520 6.6655
444.5480 6.4016
478.7440 6.5264
512.9400 6.5265
547.1360 6.5840
581.3320 6.6218
615.5280 6.3290
649.7240 6.6357
683.9200 6.5563
718.1160 6.5061
752.3120 6.5220
786.5080 6.5701
820.7040 6.6141
854.9000 6.6202
889.0960 6.4642
923.2920 6.5269
957.4880 6.4748
991.6840 6.6056
1025.8800 6.4148
1060.0760 6.4684
1094.2720 6.5377
1128.4680 6.5881
1162.6640 6.6201
1196.8600 6.5217
1231.0560 6.5256
1265.2520 6.6476
1299.4480 6.7460
1333.6440 6.5074
1367.8400 6.5874
1402.0360 6.5628
1436.2320 6.6124
1470.4280 6.5920
1504.6240 6.6129
1538.8200 6.6933
1573.0160 6.4533
1607.2120 6.6325
1641.4080 6.5538
1675.6040 6.5330
