VARIABLES = "Time" "MSD"
ZONE T = "BD 1055"
0.0000 0.0000
34.1960 6.4539
68.3920 6.5428
102.5880 6.6968
136.7840 6.6447
170.9800 6.6023
205.1760 6.6176
239.3720 6.6264
273.5680 6.6381
307.7640 6.7343
341.9600 6.7246
376.1560 6.4824
410.3520 6.7075
444.5480 6.6002
478.7440 6.7267
512.9400 6.5021
547.1360 6.7935
581.3320 6.6139
615.5280 6.6701
649.7240 6.5276
683.9200 6.5835
718.1160 6.6755
752.3120 6.8224
786.5080 6.6637
820.7040 6.6786
854.9000 6.4922
889.0960 6.6004
923.2920 6.5726
957.4880 6.6273
991.6840 6.6648
1025.8800 6.5909
1060.0760 6.6740
1094.2720 6.7032
1128.4680 6.7244
1162.6640 6.6034
1196.8600 6.6039
1231.0560 6.6518
1265.2520 6.6872
1299.4480 6.9156
1333.6440 6.6976
1367.8400 6.7182
1402.0360 6.6353
1436.2320 6.7315
1470.4280 6.6039
1504.6240 6.6576
1538.8200 6.7161
1573.0160 6.7878
1607.2120 6.5929
1641.4080 6.5467
1675.6040 6.6041
