VARIABLES = "Time" "MSD"
ZONE T = "BD 1037"
0.0000 0.0000
34.1960 6.2980
68.3920 6.6551
102.5880 6.6222
136.7840 6.5768
170.9800 6.6336
205.1760 6.4093
239.3720 6.4740
273.5680 6.5435
307.7640 6.4341
341.9600 6.5699
376.1560 6.5347
410.3520 6.4952
444.5480 6.5400
478.7440 6.5922
512.9400 6.6596
547.1360 6.5696
581.3320 6.4807
615.5280 6.4255
649.7240 6.6000
683.9200 6.5173
718.1160 6.6462
752.3120 6.6406
786.5080 6.6438
820.7040 6.6412
854.9000 6.5195
889.0960 6.6610
923.2920 6.6038
957.4880 6.6228
991.6840 6.4675
1025.8800 6.6196
1060.0760 6.4921
1094.2720 6.5552
1128.4680 6.6496
1162.6640 6.5244
1196.8600 6.5758
1231.0560 6.7707
1265.2520 6.7855
1299.4480 6.7018
1333.6440 6.6131
1367.8400 6.6610
1402.0360 6.5525
1436.2320 6.5939
1470.4280 6.5999
1504.6240 6.5938
1538.8200 6.5549
1573.0160 6.5813
1607.2120 6.6083
1641.4080 6.7059
1675.6040 6.5650
