VARIABLES = "Time" "MSD"
ZONE T = "BD 109"
0.0000 0.0000
34.1960 56.5986
68.3920 93.4762
102.5880 117.4178
136.7840 135.0447
170.9800 144.5430
205.1760 151.4190
239.3720 156.0368
273.5680 157.4769
307.7640 158.5371
341.9600 161.1510
376.1560 164.6172
410.3520 167.1790
444.5480 169.9244
478.7440 171.4641
512.9400 171.1038
547.1360 172.9547
581.3320 172.8914
615.5280 172.3212
649.7240 173.3519
683.9200 174.7458
718.1160 177.5638
752.3120 180.0042
786.5080 179.9694
820.7040 179.1174
854.9000 177.8934
889.0960 177.7139
923.2920 176.2545
957.4880 175.3363
991.6840 175.8824
1025.8800 175.1107
1060.0760 175.4748
1094.2720 175.2875
1128.4680 177.0921
1162.6640 178.2121
1196.8600 177.2146
1231.0560 175.6654
1265.2520 175.4334
1299.4480 177.1232
1333.6440 179.6961
1367.8400 179.7366
1402.0360 180.7558
1436.2320 181.4063
1470.4280 182.4882
1504.6240 182.0788
1538.8200 181.3987
1573.0160 182.2472
1607.2120 181.4495
1641.4080 180.0849
1675.6040 179.3714
