VARIABLES = "Time" "MSD"
ZONE T = "BD 1038"
0.0000 0.0000
34.1960 6.6821
68.3920 6.9082
102.5880 6.7948
136.7840 6.8881
170.9800 6.8705
205.1760 6.9729
239.3720 6.8742
273.5680 6.8569
307.7640 6.9380
341.9600 6.7699
376.1560 6.8488
410.3520 6.9385
444.5480 6.9513
478.7440 6.8809
512.9400 6.8183
547.1360 6.8008
581.3320 6.9346
615.5280 6.9477
649.7240 7.1062
683.9200 6.8888
718.1160 6.9725
752.3120 6.8439
786.5080 6.8552
820.7040 6.7867
854.9000 6.8343
889.0960 6.9358
923.2920 6.8003
957.4880 6.8838
991.6840 6.8735
1025.8800 6.9033
1060.0760 6.9530
1094.2720 7.0657
1128.4680 7.0221
1162.6640 6.8668
1196.8600 7.0786
1231.0560 7.1142
1265.2520 6.9859
1299.4480 6.9127
1333.6440 7.0765
1367.8400 6.8905
1402.0360 6.9417
1436.2320 6.8536
1470.4280 6.9420
1504.6240 6.9800
1538.8200 7.0013
1573.0160 6.9781
1607.2120 6.9308
1641.4080 6.9972
1675.6040 6.8344
