VARIABLES = "Time" "MSD"
ZONE T = "BD 1067"
0.0000 0.0000
34.1960 6.2083
68.3920 6.2705
102.5880 6.3831
136.7840 6.1882
170.9800 6.4280
205.1760 6.2681
239.3720 6.3648
273.5680 6.4858
307.7640 6.4126
341.9600 6.2390
376.1560 6.3042
410.3520 6.2079
444.5480 6.3364
478.7440 6.2843
512.9400 6.3879
547.1360 6.1607
581.3320 6.2131
615.5280 6.2035
649.7240 6.4094
683.9200 6.2870
718.1160 6.3295
752.3120 6.2311
786.5080 6.3278
820.7040 6.3729
854.9000 6.3140
889.0960 6.2347
923.2920 6.1088
957.4880 6.3173
991.6840 6.1690
1025.8800 6.1083
1060.0760 6.3381
1094.2720 6.2507
1128.4680 6.4503
1162.6640 6.3271
1196.8600 6.3412
1231.0560 6.4029
1265.2520 6.2921
1299.4480 6.4319
1333.6440 6.3780
1367.8400 6.3126
1402.0360 6.4143
1436.2320 6.4060
1470.4280 6.2472
1504.6240 6.2541
1538.8200 6.1219
1573.0160 6.4260
1607.2120 6.2414
1641.4080 6.2743
1675.6040 6.3399
