VARIABLES = "Time" "MSD"
ZONE T = "BD 1024"
0.0000 0.0000
34.1960 6.6787
68.3920 6.8089
102.5880 6.8203
136.7840 6.8390
170.9800 6.8619
205.1760 6.8477
239.3720 6.9785
273.5680 6.8584
307.7640 6.9074
341.9600 6.8447
376.1560 6.7821
410.3520 6.8768
444.5480 7.0021
478.7440 7.0779
512.9400 6.9964
547.1360 6.9969
581.3320 6.8184
615.5280 6.9682
649.7240 7.0165
683.9200 6.8197
718.1160 6.8276
752.3120 7.0163
786.5080 6.9146
820.7040 6.9530
854.9000 7.1502
889.0960 6.8363
923.2920 6.8159
957.4880 6.7072
991.6840 6.7548
1025.8800 6.9391
1060.0760 6.8868
1094.2720 6.8444
1128.4680 6.8140
1162.6640 6.6989
1196.8600 6.9291
1231.0560 7.0500
1265.2520 6.6951
1299.4480 6.9816
1333.6440 6.7754
1367.8400 6.8966
1402.0360 6.8506
1436.2320 6.9625
1470.4280 6.9278
1504.6240 6.8725
1538.8200 6.8952
1573.0160 6.8470
1607.2120 6.8514
1641.4080 6.9629
1675.6040 6.8941
