VARIABLES = "Time" "MSD"
ZONE T = "BD 1017"
0.0000 0.0000
34.1960 6.8705
68.3920 6.7910
102.5880 6.7462
136.7840 6.7662
170.9800 6.8194
205.1760 6.8267
239.3720 6.7200
273.5680 6.8788
307.7640 6.8702
341.9600 6.7966
376.1560 6.7848
410.3520 6.8302
444.5480 6.8534
478.7440 6.8169
512.9400 6.7427
547.1360 6.7798
581.3320 6.8591
615.5280 6.6685
649.7240 6.7619
683.9200 6.9177
718.1160 6.7971
752.3120 6.8188
786.5080 6.9139
820.7040 6.8682
854.9000 6.8607
889.0960 6.8677
923.2920 6.9117
957.4880 6.8894
991.6840 6.7798
1025.8800 6.9359
1060.0760 6.7740
1094.2720 6.8617
1128.4680 6.8923
1162.6640 6.7507
1196.8600 6.7965
1231.0560 6.7057
1265.2520 6.7175
1299.4480 6.8921
1333.6440 6.8832
1367.8400 6.7825
1402.0360 6.8883
1436.2320 6.8281
1470.4280 6.7727
1504.6240 6.7737
1538.8200 6.7655
1573.0160 6.7658
1607.2120 6.8393
1641.4080 6.8552
1675.6040 6.8203
