VARIABLES = "Time" "MSD"
ZONE T = "BD 1069"
0.0000 0.0000
34.1960 6.5436
68.3920 6.5372
102.5880 6.4195
136.7840 6.4973
170.9800 6.5122
205.1760 6.4839
239.3720 6.5539
273.5680 6.7009
307.7640 6.4507
341.9600 6.4801
376.1560 6.4581
410.3520 6.4495
444.5480 6.3732
478.7440 6.6058
512.9400 6.5565
547.1360 6.6220
581.3320 6.5959
615.5280 6.6213
649.7240 6.4572
683.9200 6.4510
718.1160 6.5075
752.3120 6.3803
786.5080 6.5963
820.7040 6.6262
854.9000 6.4459
889.0960 6.4836
923.2920 6.5279
957.4880 6.4314
991.6840 6.3562
1025.8800 6.5037
1060.0760 6.5138
1094.2720 6.3616
1128.4680 6.5642
1162.6640 6.4198
1196.8600 6.5782
1231.0560 6.5211
1265.2520 6.5266
1299.4480 6.4700
1333.6440 6.3644
1367.8400 6.4753
1402.0360 6.4904
1436.2320 6.5647
1470.4280 6.4186
1504.6240 6.6370
1538.8200 6.5352
1573.0160 6.4206
1607.2120 6.5618
1641.4080 6.4359
1675.6040 6.6142
