VARIABLES = "Time" "MSD"
ZONE T = "BD 1008"
0.0000 0.0000
34.1960 6.9463
68.3920 7.0038
102.5880 6.8989
136.7840 7.0787
170.9800 7.0874
205.1760 7.1674
239.3720 7.1318
273.5680 7.1244
307.7640 7.2319
341.9600 7.1202
376.1560 7.2794
410.3520 7.1992
444.5480 7.1301
478.7440 7.0239
512.9400 7.0896
547.1360 7.1597
581.3320 7.0555
615.5280 7.2092
649.7240 7.0823
683.9200 7.1469
718.1160 6.9681
752.3120 7.0404
786.5080 7.1124
820.7040 7.1737
854.9000 7.1309
889.0960 7.0463
923.2920 7.0977
957.4880 7.1405
991.6840 7.0078
1025.8800 7.3015
1060.0760 7.3064
1094.2720 6.9699
1128.4680 7.1316
1162.6640 7.2895
1196.8600 7.0889
1231.0560 7.1491
1265.2520 7.0804
1299.4480 7.0245
1333.6440 7.0340
1367.8400 7.1220
1402.0360 7.0483
1436.2320 7.2780
1470.4280 7.2022
1504.6240 7.1420
1538.8200 7.2536
1573.0160 7.0815
1607.2120 7.0919
1641.4080 7.1664
1675.6040 7.0484
