VARIABLES = "Time" "MSD"
ZONE T = "BD 1044"
0.0000 0.0000
34.1960 6.6909
68.3920 6.6687
102.5880 6.7098
136.7840 6.6686
170.9800 6.5726
205.1760 6.5555
239.3720 6.5816
273.5680 6.7249
307.7640 6.7390
341.9600 6.7147
376.1560 6.8007
410.3520 6.6123
444.5480 6.5529
478.7440 6.7290
512.9400 6.7135
547.1360 6.8029
581.3320 6.7219
615.5280 6.6984
649.7240 6.6749
683.9200 6.6331
718.1160 6.9436
752.3120 6.6601
786.5080 6.8487
820.7040 6.8016
854.9000 6.6878
889.0960 6.6157
923.2920 6.6795
957.4880 6.5969
991.6840 6.9157
1025.8800 6.8764
1060.0760 6.7487
1094.2720 6.7244
1128.4680 6.6503
1162.6640 6.6303
1196.8600 6.7876
1231.0560 6.6629
1265.2520 6.7907
1299.4480 6.7694
1333.6440 6.6825
1367.8400 6.6986
1402.0360 6.5664
1436.2320 6.7868
1470.4280 6.6594
1504.6240 6.8156
1538.8200 6.6868
1573.0160 6.5870
1607.2120 6.8451
1641.4080 6.7638
1675.6040 6.5547
