VARIABLES = "Time" "MSD"
ZONE T = "BD 1077"
0.0000 0.0000
34.1960 6.1807
68.3920 6.0480
102.5880 6.1280
136.7840 6.2999
170.9800 6.2274
205.1760 6.1601
239.3720 6.1833
273.5680 6.1850
307.7640 6.2077
341.9600 6.2065
376.1560 6.2420
410.3520 6.2438
444.5480 6.2267
478.7440 6.2901
512.9400 6.1015
547.1360 6.2404
581.3320 6.1298
615.5280 6.0718
649.7240 6.2439
683.9200 6.1766
718.1160 6.2133
752.3120 6.0666
786.5080 6.1500
820.7040 6.1901
854.9000 6.2233
889.0960 6.1872
923.2920 6.2942
957.4880 6.1797
991.6840 6.1970
1025.8800 6.1457
1060.0760 6.1382
1094.2720 6.0407
1128.4680 6.2245
1162.6640 6.1009
1196.8600 6.0468
1231.0560 6.2419
1265.2520 6.2183
1299.4480 6.1293
1333.6440 6.2940
1367.8400 6.2173
1402.0360 6.1345
1436.2320 6.2283
1470.4280 6.0966
1504.6240 6.1760
1538.8200 6.2302
1573.0160 6.2124
1607.2120 6.2295
1641.4080 6.2517
1675.6040 6.1270
