VARIABLES = "Time" "MSD"
ZONE T = "BD 1016"
0.0000 0.0000
34.1960 6.7064
68.3920 6.9320
102.5880 6.9477
136.7840 6.8232
170.9800 6.9652
205.1760 6.9453
239.3720 6.8142
273.5680 6.9188
307.7640 7.0568
341.9600 6.8791
376.1560 6.8602
410.3520 6.7789
444.5480 6.8579
478.7440 6.8155
512.9400 6.9047
547.1360 6.9482
581.3320 6.9505
615.5280 6.9742
649.7240 6.8836
683.9200 7.0470
718.1160 6.9072
752.3120 7.0313
786.5080 6.9711
820.7040 6.8929
854.9000 7.0579
889.0960 7.0642
923.2920 6.8906
957.4880 6.7894
991.6840 6.7857
1025.8800 6.9200
1060.0760 7.0102
1094.2720 6.8944
1128.4680 6.9393
1162.6640 7.1369
1196.8600 6.9507
1231.0560 7.0287
1265.2520 6.9350
1299.4480 6.9396
1333.6440 6.9738
1367.8400 6.8812
1402.0360 6.9306
1436.2320 6.9605
1470.4280 6.8455
1504.6240 7.0180
1538.8200 7.0084
1573.0160 6.8941
1607.2120 6.8970
1641.4080 6.9684
1675.6040 6.9202
