VARIABLES = "Time" "MSD"
ZONE T = "BD 1052"
0.0000 0.0000
34.1960 6.3238
68.3920 6.4623
102.5880 6.4804
136.7840 6.3728
170.9800 6.2503
205.1760 6.3730
239.3720 6.2977
273.5680 6.3646
307.7640 6.3390
341.9600 6.3052
376.1560 6.3335
410.3520 6.5674
444.5480 6.4473
478.7440 6.5795
512.9400 6.4149
547.1360 6.3348
581.3320 6.4412
615.5280 6.4240
649.7240 6.4537
683.9200 6.4678
718.1160 6.4168
752.3120 6.4178
786.5080 6.3332
820.7040 6.4638
854.9000 6.4253
889.0960 6.2730
923.2920 6.3484
957.4880 6.2874
991.6840 6.2409
1025.8800 6.4497
1060.0760 6.4307
1094.2720 6.4296
1128.4680 6.4658
1162.6640 6.4752
1196.8600 6.3488
1231.0560 6.3049
1265.2520 6.2740
1299.4480 6.2706
1333.6440 6.4159
1367.8400 6.4165
1402.0360 6.2930
1436.2320 6.4600
1470.4280 6.3502
1504.6240 6.4951
1538.8200 6.3450
1573.0160 6.3557
1607.2120 6.3005
1641.4080 6.4984
1675.6040 6.5017
