VARIABLES = "Time" "MSD"
ZONE T = "BD 103"
0.0000 0.0000
34.1960 60.3098
68.3920 104.8441
102.5880 135.0923
136.7840 155.0369
170.9800 170.7590
205.1760 182.4197
239.3720 191.0094
273.5680 195.9137
307.7640 203.0847
341.9600 208.7280
376.1560 210.5765
410.3520 210.0337
444.5480 211.0024
478.7440 211.8656
512.9400 209.6766
547.1360 207.3083
581.3320 207.4947
615.5280 208.0354
649.7240 209.6331
683.9200 210.5732
718.1160 211.8554
752.3120 212.4155
786.5080 211.7032
820.7040 210.0523
854.9000 209.0042
889.0960 209.4114
923.2920 209.9639
957.4880 208.8267
991.6840 209.4058
1025.8800 207.7515
1060.0760 209.5405
1094.2720 213.0808
1128.4680 214.0388
1162.6640 214.7868
1196.8600 213.7168
1231.0560 212.4588
1265.2520 214.1448
1299.4480 216.1621
1333.6440 216.2641
1367.8400 216.2757
1402.0360 216.4953
1436.2320 214.6732
1470.4280 211.7301
1504.6240 210.5010
1538.8200 209.7407
1573.0160 210.4540
1607.2120 210.6237
1641.4080 210.5687
1675.6040 210.9659
