VARIABLES = "Time" "MSD"
ZONE T = "BD 1039"
0.0000 0.0000
34.1960 6.3792
68.3920 6.5503
102.5880 6.5260
136.7840 6.5248
170.9800 6.4810
205.1760 6.4690
239.3720 6.5284
273.5680 6.5537
307.7640 6.4559
341.9600 6.6030
376.1560 6.5297
410.3520 6.4616
444.5480 6.5944
478.7440 6.4952
512.9400 6.3661
547.1360 6.5121
581.3320 6.6034
615.5280 6.3961
649.7240 6.4174
683.9200 6.7183
718.1160 6.5615
752.3120 6.5274
786.5080 6.5318
820.7040 6.5102
854.9000 6.5932
889.0960 6.5630
923.2920 6.5138
957.4880 6.6301
991.6840 6.6171
1025.8800 6.5751
1060.0760 6.5140
1094.2720 6.5487
1128.4680 6.5628
1162.6640 6.5502
1196.8600 6.6608
1231.0560 6.4139
1265.2520 6.6651
1299.4480 6.5528
1333.6440 6.5385
1367.8400 6.5833
1402.0360 6.6068
1436.2320 6.5568
1470.4280 6.4947
1504.6240 6.5763
1538.8200 6.6248
1573.0160 6.7202
1607.2120 6.6537
1641.4080 6.5095
1675.6040 6.6990
