VARIABLES = "Time" "MSD"
ZONE T = "BD 1091"
0.0000 0.0000
34.1960 5.9184
68.3920 5.8725
102.5880 5.8918
136.7840 5.9217
170.9800 5.9954
205.1760 5.9659
239.3720 5.9063
273.5680 5.9968
307.7640 6.0535
341.9600 5.8779
376.1560 5.9389
410.3520 5.9324
444.5480 5.9463
478.7440 5.9772
512.9400 5.9760
547.1360 5.8849
581.3320 5.9609
615.5280 5.8288
649.7240 6.1164
683.9200 5.9401
718.1160 5.8464
752.3120 6.0920
786.5080 6.0158
820.7040 6.0427
854.9000 5.9162
889.0960 5.9858
923.2920 5.9427
957.4880 5.9722
991.6840 5.9816
1025.8800 5.9124
1060.0760 6.1012
1094.2720 5.9624
1128.4680 6.0066
1162.6640 6.1018
1196.8600 5.8600
1231.0560 5.9538
1265.2520 5.9401
1299.4480 6.0097
1333.6440 5.8485
1367.8400 5.9999
1402.0360 5.9314
1436.2320 5.8006
1470.4280 5.9454
1504.6240 6.0411
1538.8200 6.0221
1573.0160 5.8584
1607.2120 5.9247
1641.4080 5.9947
1675.6040 5.8568
