VARIABLES = "Time" "MSD"
ZONE T = "BD 1002"
0.0000 0.0000
34.1960 7.0644
68.3920 7.1373
102.5880 7.0838
136.7840 6.9501
170.9800 7.2469
205.1760 7.1457
239.3720 7.3069
273.5680 7.1709
307.7640 7.1499
341.9600 7.1302
376.1560 7.2491
410.3520 7.1707
444.5480 6.9936
478.7440 7.1874
512.9400 7.2261
547.1360 7.1017
581.3320 7.2472
615.5280 7.2405
649.7240 7.3369
683.9200 7.2399
718.1160 6.8395
752.3120 7.3170
786.5080 7.2469
820.7040 7.3637
854.9000 7.0747
889.0960 7.2939
923.2920 7.0527
957.4880 7.1684
991.6840 7.0826
1025.8800 7.1559
1060.0760 7.0155
1094.2720 7.2672
1128.4680 7.2385
1162.6640 7.2541
1196.8600 7.3071
1231.0560 7.2533
1265.2520 7.0907
1299.4480 7.1702
1333.6440 7.0711
1367.8400 7.3929
1402.0360 7.2433
1436.2320 7.2460
1470.4280 7.3899
1504.6240 7.1008
1538.8200 7.2688
1573.0160 7.1978
1607.2120 7.2953
1641.4080 7.1492
1675.6040 7.2764
