VARIABLES = "Time" "MSD"
ZONE T = "BD 1027"
0.0000 0.0000
34.1960 6.4928
68.3920 6.3533
102.5880 6.5611
136.7840 6.5772
170.9800 6.6184
205.1760 6.5889
239.3720 6.6065
273.5680 6.5942
307.7640 6.6020
341.9600 6.6745
376.1560 6.6354
410.3520 6.5229
444.5480 6.5139
478.7440 6.7353
512.9400 6.5644
547.1360 6.6012
581.3320 6.6434
615.5280 6.6950
649.7240 6.6582
683.9200 6.6582
718.1160 6.6640
752.3120 6.6149
786.5080 6.6385
820.7040 6.4854
854.9000 6.6715
889.0960 6.6866
923.2920 6.5811
957.4880 6.5832
991.6840 6.5731
1025.8800 6.5174
1060.0760 6.6566
1094.2720 6.6509
1128.4680 6.6013
1162.6640 6.5821
1196.8600 6.5352
1231.0560 6.5730
1265.2520 6.6111
1299.4480 6.7456
1333.6440 6.4868
1367.8400 6.6008
1402.0360 6.7151
1436.2320 6.5680
1470.4280 6.5568
1504.6240 6.7343
1538.8200 6.5634
1573.0160 6.5935
1607.2120 6.8018
1641.4080 6.5941
1675.6040 6.6683
