VARIABLES = "Time" "MSD"
ZONE T = "BD 105"
0.0000 0.0000
34.1960 56.1927
68.3920 91.3711
102.5880 115.7688
136.7840 134.0270
170.9800 147.4219
205.1760 154.1702
239.3720 159.4810
273.5680 162.1733
307.7640 165.3981
341.9600 166.9003
376.1560 167.1626
410.3520 166.7321
444.5480 168.1194
478.7440 171.3005
512.9400 174.7994
547.1360 177.7444
581.3320 179.2514
615.5280 180.5448
649.7240 181.0552
683.9200 180.9540
718.1160 184.7479
752.3120 185.3175
786.5080 184.9399
820.7040 184.8151
854.9000 185.4435
889.0960 184.8302
923.2920 185.0703
957.4880 186.3056
991.6840 187.4913
1025.8800 187.0778
1060.0760 185.6889
1094.2720 185.4752
1128.4680 186.2086
1162.6640 186.5407
1196.8600 187.2647
1231.0560 188.1053
1265.2520 188.5390
1299.4480 189.1897
1333.6440 190.4543
1367.8400 189.9927
1402.0360 190.5510
1436.2320 189.3508
1470.4280 190.3261
1504.6240 189.7015
1538.8200 187.8897
1573.0160 187.3063
1607.2120 187.4332
1641.4080 187.9192
1675.6040 186.7846
