VARIABLES = "Time" "MSD"
ZONE T = "BD 1078"
0.0000 0.0000
34.1960 6.0235
68.3920 5.9143
102.5880 5.9700
136.7840 6.1188
170.9800 6.0265
205.1760 6.1188
239.3720 6.0726
273.5680 6.0911
307.7640 6.0154
341.9600 6.0096
376.1560 6.0392
410.3520 6.0865
444.5480 6.0794
478.7440 5.9829
512.9400 6.0379
547.1360 6.0443
581.3320 6.1065
615.5280 6.2283
649.7240 6.1720
683.9200 6.1033
718.1160 6.0200
752.3120 6.1032
786.5080 6.1334
820.7040 5.9663
854.9000 5.8878
889.0960 6.0666
923.2920 6.0343
957.4880 5.9355
991.6840 6.0062
1025.8800 6.0846
1060.0760 5.9903
1094.2720 6.1279
1128.4680 5.9997
1162.6640 6.1486
1196.8600 6.2106
1231.0560 5.9960
1265.2520 5.9482
1299.4480 5.9551
1333.6440 6.0692
1367.8400 5.9262
1402.0360 5.9236
1436.2320 6.0014
1470.4280 6.0878
1504.6240 6.0779
1538.8200 6.0796
1573.0160 6.0345
1607.2120 6.1612
1641.4080 6.1545
1675.6040 5.9786
