VARIABLES = "Time" "MSD"
ZONE T = "BD 1011"
0.0000 0.0000
34.1960 6.9864
68.3920 7.0713
102.5880 7.0818
136.7840 6.9947
170.9800 7.0978
205.1760 7.1141
239.3720 7.0525
273.5680 7.1149
307.7640 6.9411
341.9600 7.1354
376.1560 6.8692
410.3520 7.1593
444.5480 7.0635
478.7440 6.9986
512.9400 7.0218
547.1360 7.0377
581.3320 7.2112
615.5280 7.0766
649.7240 7.0996
683.9200 7.1201
718.1160 6.9798
752.3120 7.1675
786.5080 7.0524
820.7040 7.0591
854.9000 6.9391
889.0960 6.8846
923.2920 7.0225
957.4880 7.0692
991.6840 7.0665
1025.8800 7.0311
1060.0760 7.0810
1094.2720 7.2485
1128.4680 6.9736
1162.6640 7.1903
1196.8600 7.1968
1231.0560 7.0705
1265.2520 6.9972
1299.4480 7.2771
1333.6440 6.8989
1367.8400 7.0766
1402.0360 6.9831
1436.2320 7.0973
1470.4280 6.9447
1504.6240 6.9998
1538.8200 7.0944
1573.0160 7.1004
1607.2120 7.0582
1641.4080 7.1940
1675.6040 7.1464
