VARIABLES = "Time" "MSD"
ZONE T = "BD 1094"
0.0000 0.0000
34.1960 5.6924
68.3920 5.7328
102.5880 5.6101
136.7840 5.7667
170.9800 5.6836
205.1760 5.7501
239.3720 5.8224
273.5680 5.7659
307.7640 5.7802
341.9600 5.7731
376.1560 5.8566
410.3520 5.7126
444.5480 5.7078
478.7440 5.5214
512.9400 5.7554
547.1360 5.6486
581.3320 5.6582
615.5280 5.7807
649.7240 5.5996
683.9200 5.7352
718.1160 5.8218
752.3120 5.7438
786.5080 5.7137
820.7040 5.7089
854.9000 5.7318
889.0960 5.6854
923.2920 5.6471
957.4880 5.8154
991.6840 5.6174
1025.8800 5.5494
1060.0760 5.7020
1094.2720 5.8294
1128.4680 5.6561
1162.6640 5.8783
1196.8600 5.6952
1231.0560 5.7556
1265.2520 5.6702
1299.4480 5.6598
1333.6440 5.7617
1367.8400 5.7055
1402.0360 5.7071
1436.2320 5.6912
1470.4280 5.6203
1504.6240 5.6616
1538.8200 5.5799
1573.0160 5.6699
1607.2120 5.7938
1641.4080 5.7445
1675.6040 5.6369
