VARIABLES = "Time" "MSD"
ZONE T = "BD 1020"
0.0000 0.0000
34.1960 6.7604
68.3920 6.8056
102.5880 6.9480
136.7840 6.7470
170.9800 7.0294
205.1760 6.7869
239.3720 6.8759
273.5680 6.9108
307.7640 6.7924
341.9600 6.8019
376.1560 6.7989
410.3520 6.9232
444.5480 6.8036
478.7440 6.9873
512.9400 6.8026
547.1360 6.8461
581.3320 6.8164
615.5280 6.9860
649.7240 6.8599
683.9200 6.8463
718.1160 6.8377
752.3120 6.8558
786.5080 6.8203
820.7040 7.1028
854.9000 7.0683
889.0960 6.9820
923.2920 6.7494
957.4880 7.0356
991.6840 6.9802
1025.8800 6.7591
1060.0760 6.8397
1094.2720 6.8370
1128.4680 6.7964
1162.6640 6.8062
1196.8600 6.8965
1231.0560 6.8471
1265.2520 6.8161
1299.4480 6.8312
1333.6440 6.9698
1367.8400 6.8166
1402.0360 6.9264
1436.2320 7.1639
1470.4280 6.6740
1504.6240 6.8522
1538.8200 6.8802
1573.0160 6.8773
1607.2120 6.8920
1641.4080 6.8932
1675.6040 7.0074
