VARIABLES = "Time" "MSD"
ZONE T = "BD 1026"
0.0000 0.0000
34.1960 6.8283
68.3920 6.8989
102.5880 6.8133
136.7840 6.9373
170.9800 7.0087
205.1760 6.9430
239.3720 7.0087
273.5680 6.9522
307.7640 7.1957
341.9600 7.0104
376.1560 6.9433
410.3520 6.9784
444.5480 6.8332
478.7440 6.8181
512.9400 6.9968
547.1360 6.8784
581.3320 6.7928
615.5280 6.8884
649.7240 6.7993
683.9200 6.9673
718.1160 6.9253
752.3120 6.9837
786.5080 6.9814
820.7040 7.0335
854.9000 6.8017
889.0960 6.9928
923.2920 6.8932
957.4880 6.9962
991.6840 6.9636
1025.8800 6.9284
1060.0760 6.8078
1094.2720 7.0028
1128.4680 6.8882
1162.6640 6.8761
1196.8600 7.0700
1231.0560 6.9820
1265.2520 6.9843
1299.4480 6.8858
1333.6440 6.9556
1367.8400 6.9082
1402.0360 6.8277
1436.2320 6.8681
1470.4280 6.9346
1504.6240 6.9892
1538.8200 6.9794
1573.0160 6.9765
1607.2120 6.9887
1641.4080 6.9787
1675.6040 6.7854
