VARIABLES = "Time" "MSD"
ZONE T = "BD 1101"
0.0000 0.0000
34.1960 5.6637
68.3920 5.6605
102.5880 5.7918
136.7840 5.7893
170.9800 5.6538
205.1760 5.7478
239.3720 5.4828
273.5680 5.6794
307.7640 5.7270
341.9600 5.7682
376.1560 5.8191
410.3520 5.6345
444.5480 5.7295
478.7440 5.6501
512.9400 5.6972
547.1360 5.7034
581.3320 5.5845
615.5280 5.7298
649.7240 5.7721
683.9200 5.7253
718.1160 5.5432
752.3120 5.6009
786.5080 5.6185
820.7040 5.7866
854.9000 5.6029
889.0960 5.7647
923.2920 5.7739
957.4880 5.6253
991.6840 5.7974
1025.8800 5.6903
1060.0760 5.7194
1094.2720 5.7428
1128.4680 5.7005
1162.6640 5.7175
1196.8600 5.7823
1231.0560 5.5948
1265.2520 5.6669
1299.4480 5.6091
1333.6440 5.7284
1367.8400 5.7615
1402.0360 5.6495
1436.2320 5.7159
1470.4280 5.6283
1504.6240 5.5436
1538.8200 5.6093
1573.0160 5.7268
1607.2120 5.7448
1641.4080 5.7052
1675.6040 5.7209
