VARIABLES = "Time" "MSD"
ZONE T = "BD 111"
0.0000 0.0000
34.1960 58.9903
68.3920 94.1190
102.5880 117.8195
136.7840 136.3713
170.9800 151.0315
205.1760 158.7016
239.3720 164.2660
273.5680 166.8369
307.7640 169.0025
341.9600 172.0713
376.1560 174.0685
410.3520 175.7456
444.5480 178.1130
478.7440 178.6251
512.9400 178.5508
547.1360 179.1138
581.3320 180.8655
615.5280 179.1494
649.7240 178.1893
683.9200 176.8322
718.1160 176.3238
752.3120 175.3671
786.5080 177.0898
820.7040 178.1720
854.9000 179.1825
889.0960 178.7203
923.2920 179.5684
957.4880 183.9021
991.6840 185.0026
1025.8800 184.8058
1060.0760 184.9146
1094.2720 184.3505
1128.4680 185.3108
1162.6640 184.0495
1196.8600 185.0628
1231.0560 183.6424
1265.2520 184.9165
1299.4480 184.8849
1333.6440 186.0464
1367.8400 184.1581
1402.0360 183.6400
1436.2320 182.9540
1470.4280 182.3658
1504.6240 182.3451
1538.8200 185.1328
1573.0160 186.2240
1607.2120 185.1768
1641.4080 184.9446
1675.6040 186.9382
