VARIABLES = "Time" "MSD"
ZONE T = "BD 1105"
0.0000 0.0000
34.1960 5.8113
68.3920 5.8438
102.5880 5.6517
136.7840 5.7881
170.9800 5.8818
205.1760 5.8564
239.3720 5.8202
273.5680 5.9283
307.7640 5.7824
341.9600 5.7691
376.1560 5.7478
410.3520 5.8091
444.5480 5.8404
478.7440 5.6734
512.9400 5.9789
547.1360 5.8133
581.3320 5.8729
615.5280 5.8994
649.7240 5.8023
683.9200 5.9271
718.1160 5.7326
752.3120 5.7741
786.5080 5.7011
820.7040 5.8446
854.9000 5.9191
889.0960 5.8269
923.2920 5.8298
957.4880 5.8871
991.6840 5.8222
1025.8800 5.8212
1060.0760 5.7951
1094.2720 5.8397
1128.4680 5.6942
1162.6640 5.7525
1196.8600 5.8830
1231.0560 5.8840
1265.2520 5.7618
1299.4480 5.9407
1333.6440 5.8065
1367.8400 5.7307
1402.0360 5.9554
1436.2320 5.7401
1470.4280 5.8435
1504.6240 5.7215
1538.8200 5.8128
1573.0160 5.8098
1607.2120 5.7901
1641.4080 5.9131
1675.6040 5.8694
