VARIABLES = "Time" "MSD"
ZONE T = "BD 1103"
0.0000 0.0000
34.1960 5.5700
68.3920 5.7516
102.5880 5.6836
136.7840 5.8056
170.9800 5.6919
205.1760 5.6288
239.3720 5.7141
273.5680 5.7980
307.7640 5.6097
341.9600 5.6787
376.1560 5.7046
410.3520 5.6344
444.5480 5.7044
478.7440 5.7141
512.9400 5.6091
547.1360 5.6198
581.3320 5.6084
615.5280 5.7196
649.7240 5.7063
683.9200 5.5710
718.1160 5.7639
752.3120 5.5608
786.5080 5.6469
820.7040 5.7152
854.9000 5.6421
889.0960 5.7361
923.2920 5.6105
957.4880 5.6564
991.6840 5.6344
1025.8800 5.7058
1060.0760 5.7000
1094.2720 5.6355
1128.4680 5.5906
1162.6640 5.6640
1196.8600 5.7281
1231.0560 5.6220
1265.2520 5.7029
1299.4480 5.6995
1333.6440 5.7985
1367.8400 5.4846
1402.0360 5.8507
1436.2320 5.6724
1470.4280 5.5068
1504.6240 5.6624
1538.8200 5.7555
1573.0160 5.6629
1607.2120 5.6200
1641.4080 5.6457
1675.6040 5.6728
