VARIABLES = "Time" "MSD"
ZONE T = "BD 1102"
0.0000 0.0000
34.1960 5.7517
68.3920 5.7238
102.5880 5.6879
136.7840 5.5612
170.9800 5.8805
205.1760 5.7509
239.3720 5.6733
273.5680 5.6786
307.7640 5.8603
341.9600 5.5926
376.1560 5.8629
410.3520 5.8206
444.5480 5.8838
478.7440 5.8030
512.9400 5.6903
547.1360 5.7869
581.3320 5.6332
615.5280 5.8478
649.7240 5.7282
683.9200 5.6752
718.1160 5.6290
752.3120 5.7331
786.5080 5.8021
820.7040 5.6815
854.9000 5.6844
889.0960 5.7263
923.2920 5.7095
957.4880 5.7121
991.6840 5.6802
1025.8800 5.6620
1060.0760 5.7807
1094.2720 5.7965
1128.4680 5.8575
1162.6640 5.7230
1196.8600 5.7557
1231.0560 5.7301
1265.2520 5.8128
1299.4480 5.7454
1333.6440 5.8703
1367.8400 5.7226
1402.0360 5.5884
1436.2320 5.9203
1470.4280 5.7006
1504.6240 5.6544
1538.8200 5.7711
1573.0160 5.8016
1607.2120 5.6180
1641.4080 5.6404
1675.6040 5.6280
