VARIABLES = "Time" "MSD"
ZONE T = "BD 1106"
0.0000 0.0000
34.1960 5.6198
68.3920 5.6489
102.5880 5.5443
136.7840 5.5216
170.9800 5.4795
205.1760 5.5248
239.3720 5.6361
273.5680 5.6052
307.7640 5.4857
341.9600 5.4914
376.1560 5.6191
410.3520 5.5810
444.5480 5.4756
478.7440 5.6324
512.9400 5.4802
547.1360 5.5901
581.3320 5.7333
615.5280 5.5376
649.7240 5.5483
683.9200 5.6846
718.1160 5.6622
752.3120 5.5045
786.5080 5.6460
820.7040 5.5187
854.9000 5.6213
889.0960 5.5652
923.2920 5.5818
957.4880 5.6876
991.6840 5.5327
1025.8800 5.5346
1060.0760 5.3973
1094.2720 5.6663
1128.4680 5.5284
1162.6640 5.4663
1196.8600 5.7110
1231.0560 5.6283
1265.2520 5.4669
1299.4480 5.6431
1333.6440 5.4581
1367.8400 5.4855
1402.0360 5.5717
1436.2320 5.5545
1470.4280 5.6395
1504.6240 5.6921
1538.8200 5.6463
1573.0160 5.5502
1607.2120 5.5088
1641.4080 5.5209
1675.6040 5.7193
