VARIABLES = "Time" "MSD"
ZONE T = "BD 117"
0.0000 0.0000
34.1960 55.4210
68.3920 90.9953
102.5880 113.3485
136.7840 128.0429
170.9800 136.5843
205.1760 143.4707
239.3720 147.6306
273.5680 150.8575
307.7640 151.5663
341.9600 154.0262
376.1560 156.9679
410.3520 157.4681
444.5480 157.9055
478.7440 158.2491
512.9400 160.9240
547.1360 163.3772
581.3320 166.8930
615.5280 168.7289
649.7240 167.9123
683.9200 169.7266
718.1160 168.0195
752.3120 167.0104
786.5080 165.6003
820.7040 165.4198
854.9000 165.0162
889.0960 165.7451
923.2920 164.8363
957.4880 164.5959
991.6840 163.1142
1025.8800 161.6497
1060.0760 163.3788
1094.2720 164.0461
1128.4680 165.0655
1162.6640 165.7396
1196.8600 164.4049
1231.0560 162.1215
1265.2520 159.4548
1299.4480 157.8131
1333.6440 159.0108
1367.8400 159.9293
1402.0360 159.9943
1436.2320 160.1128
1470.4280 161.7228
1504.6240 162.2811
1538.8200 160.5109
1573.0160 159.4195
1607.2120 159.1741
1641.4080 158.9723
1675.6040 161.4252
