VARIABLES = "Time" "MSD"
ZONE T = "BD 116"
0.0000 0.0000
34.1960 58.4623
68.3920 93.6580
102.5880 118.8504
136.7840 134.9083
170.9800 145.2015
205.1760 152.7972
239.3720 158.5454
273.5680 163.9742
307.7640 168.2944
341.9600 170.1305
376.1560 173.0747
410.3520 176.1259
444.5480 175.8316
478.7440 174.8852
512.9400 174.3927
547.1360 175.0024
581.3320 176.9732
615.5280 177.4469
649.7240 178.4146
683.9200 178.6142
718.1160 179.6685
752.3120 179.7997
786.5080 180.9105
820.7040 181.1121
854.9000 181.8780
889.0960 180.2490
923.2920 179.7447
957.4880 178.9617
991.6840 178.6784
1025.8800 177.2557
1060.0760 178.1081
1094.2720 177.2138
1128.4680 176.2641
1162.6640 176.6182
1196.8600 178.7163
1231.0560 178.7814
1265.2520 179.7744
1299.4480 178.2239
1333.6440 178.4000
1367.8400 181.7055
1402.0360 182.8747
1436.2320 182.5454
1470.4280 180.1339
1504.6240 180.3862
1538.8200 180.8656
1573.0160 180.3545
1607.2120 180.9851
1641.4080 182.2010
1675.6040 181.4618
