VARIABLES = "Time" "MSD"
ZONE T = "BD 1100"
0.0000 0.0000
34.1960 5.7809
68.3920 5.7862
102.5880 5.7958
136.7840 5.8885
170.9800 5.8355
205.1760 5.8373
239.3720 5.8496
273.5680 5.7806
307.7640 5.9626
341.9600 5.9110
376.1560 5.7188
410.3520 5.8974
444.5480 5.8474
478.7440 5.7414
512.9400 6.0246
547.1360 5.7901
581.3320 5.8144
615.5280 5.8440
649.7240 5.7487
683.9200 5.7558
718.1160 5.7461
752.3120 5.7788
786.5080 5.8481
820.7040 5.9278
854.9000 5.8052
889.0960 5.9535
923.2920 5.8023
957.4880 5.8529
991.6840 5.7791
1025.8800 5.8255
1060.0760 5.8354
1094.2720 5.8608
1128.4680 5.7805
1162.6640 5.7833
1196.8600 5.8908
1231.0560 5.7475
1265.2520 5.7810
1299.4480 5.7742
1333.6440 5.7561
1367.8400 5.8035
1402.0360 5.8040
1436.2320 5.9160
1470.4280 5.9134
1504.6240 5.7666
1538.8200 5.8709
1573.0160 5.9333
1607.2120 5.6604
1641.4080 5.9222
1675.6040 5.9158
