VARIABLES = "Time" "MSD"
ZONE T = "BD 121"
0.0000 0.0000
34.1960 58.0441
68.3920 93.3347
102.5880 116.6439
136.7840 132.1594
170.9800 143.9952
205.1760 152.3269
239.3720 157.5691
273.5680 160.8024
307.7640 166.0705
341.9600 169.6745
376.1560 171.4251
410.3520 171.8719
444.5480 171.9963
478.7440 173.9480
512.9400 175.0099
547.1360 172.8141
581.3320 172.8007
615.5280 172.0315
649.7240 169.8024
683.9200 166.1754
718.1160 166.3349
752.3120 166.6783
786.5080 166.0423
820.7040 165.7891
854.9000 167.3481
889.0960 170.1151
923.2920 172.0109
957.4880 172.7879
991.6840 171.9584
1025.8800 172.7090
1060.0760 173.0750
1094.2720 171.8017
1128.4680 170.7947
1162.6640 171.4958
1196.8600 172.0249
1231.0560 171.4633
1265.2520 171.4125
1299.4480 172.0145
1333.6440 173.9706
1367.8400 176.2004
1402.0360 176.7050
1436.2320 177.7983
1470.4280 178.0382
1504.6240 180.7000
1538.8200 182.5478
1573.0160 180.0965
1607.2120 181.2030
1641.4080 180.2594
1675.6040 179.8438
