VARIABLES = "Time" "MSD"
ZONE T = "BD 129"
0.0000 0.0000
34.1960 57.0572
68.3920 92.1441
102.5880 115.2463
136.7840 133.0606
170.9800 142.7955
205.1760 147.8922
239.3720 152.1977
273.5680 153.9189
307.7640 155.7328
341.9600 155.8930
376.1560 155.4865
410.3520 155.6369
444.5480 155.6628
478.7440 155.1609
512.9400 156.2478
547.1360 156.8144
581.3320 158.0790
615.5280 158.4808
649.7240 161.5591
683.9200 164.7572
718.1160 166.7651
752.3120 167.6541
786.5080 164.6426
820.7040 162.8606
854.9000 164.1293
889.0960 163.6603
923.2920 162.0862
957.4880 160.4633
991.6840 161.1262
1025.8800 162.2168
1060.0760 163.8817
1094.2720 164.8825
1128.4680 165.3876
1162.6640 164.5898
1196.8600 164.4928
1231.0560 164.5064
1265.2520 163.0941
1299.4480 162.2270
1333.6440 160.9619
1367.8400 161.5693
1402.0360 159.6756
1436.2320 161.0946
1470.4280 163.1864
1504.6240 163.5000
1538.8200 163.2048
1573.0160 164.2584
1607.2120 167.2933
1641.4080 171.9260
1675.6040 172.9783
