VARIABLES = "Time" "MSD"
ZONE T = "BD 127"
0.0000 0.0000
34.1960 57.4622
68.3920 93.2258
102.5880 114.7283
136.7840 126.2822
170.9800 134.0044
205.1760 139.2961
239.3720 143.6182
273.5680 146.2158
307.7640 147.5027
341.9600 148.6813
376.1560 148.4214
410.3520 148.5593
444.5480 147.6976
478.7440 146.2652
512.9400 145.8406
547.1360 146.9901
581.3320 148.5876
615.5280 150.6780
649.7240 150.8594
683.9200 149.5648
718.1160 150.6938
752.3120 152.9403
786.5080 153.5303
820.7040 154.4210
854.9000 152.9174
889.0960 151.7839
923.2920 152.8660
957.4880 154.4345
991.6840 155.8508
1025.8800 156.0152
1060.0760 154.4949
1094.2720 155.1811
1128.4680 155.3412
1162.6640 153.9329
1196.8600 152.4851
1231.0560 151.5437
1265.2520 152.6162
1299.4480 155.1946
1333.6440 157.8318
1367.8400 158.7436
1402.0360 158.6030
1436.2320 158.1969
1470.4280 159.2702
1504.6240 158.2820
1538.8200 156.2351
1573.0160 154.2519
1607.2120 152.6200
1641.4080 152.1875
1675.6040 152.5301
