VARIABLES = "Time" "MSD"
ZONE T = "BD 126"
0.0000 0.0000
34.1960 59.1482
68.3920 96.9305
102.5880 122.4921
136.7840 138.0185
170.9800 149.7092
205.1760 154.9661
239.3720 161.1653
273.5680 167.1086
307.7640 169.4678
341.9600 171.3120
376.1560 174.4450
410.3520 173.9760
444.5480 175.7137
478.7440 173.9211
512.9400 173.8110
547.1360 173.3607
581.3320 175.6039
615.5280 176.7523
649.7240 176.5524
683.9200 175.9518
718.1160 174.6347
752.3120 175.0219
786.5080 175.9793
820.7040 175.8368
854.9000 175.8099
889.0960 177.6626
923.2920 179.4630
957.4880 179.7148
991.6840 180.2638
1025.8800 179.3118
1060.0760 180.3757
1094.2720 181.8470
1128.4680 181.1656
1162.6640 181.3207
1196.8600 180.3005
1231.0560 180.6588
1265.2520 180.6932
1299.4480 178.9859
1333.6440 176.0426
1367.8400 173.6161
1402.0360 171.5909
1436.2320 173.0841
1470.4280 175.5739
1504.6240 176.4666
1538.8200 175.8622
1573.0160 174.1264
1607.2120 173.4421
1641.4080 172.2646
1675.6040 170.2816
