VARIABLES = "Time" "MSD"
ZONE T = "BD 125"
0.0000 0.0000
34.1960 56.6216
68.3920 92.9975
102.5880 116.2992
136.7840 133.1863
170.9800 144.1048
205.1760 152.4283
239.3720 159.7805
273.5680 165.6384
307.7640 169.3269
341.9600 170.9432
376.1560 171.7356
410.3520 173.0262
444.5480 174.3710
478.7440 176.0068
512.9400 177.1259
547.1360 178.2767
581.3320 178.6584
615.5280 180.5213
649.7240 182.5564
683.9200 183.1268
718.1160 183.3366
752.3120 181.8104
786.5080 181.0741
820.7040 181.5796
854.9000 181.0507
889.0960 179.7737
923.2920 180.2383
957.4880 177.9415
991.6840 177.4309
1025.8800 177.9654
1060.0760 177.7693
1094.2720 178.5498
1128.4680 178.0467
1162.6640 177.2518
1196.8600 177.0477
1231.0560 175.6645
1265.2520 174.7984
1299.4480 176.5669
1333.6440 177.1353
1367.8400 178.7432
1402.0360 179.7206
1436.2320 182.6050
1470.4280 184.1361
1504.6240 183.9604
1538.8200 181.4960
1573.0160 181.7037
1607.2120 180.4743
1641.4080 178.9766
1675.6040 176.9391
