VARIABLES = "Time" "MSD"
ZONE T = "BD 124"
0.0000 0.0000
34.1960 59.5652
68.3920 96.2375
102.5880 117.6891
136.7840 133.2661
170.9800 143.7137
205.1760 151.5317
239.3720 158.7538
273.5680 164.2838
307.7640 170.6739
341.9600 173.6069
376.1560 173.6611
410.3520 174.9063
444.5480 175.9403
478.7440 177.2256
512.9400 177.2405
547.1360 174.3684
581.3320 174.7863
615.5280 174.4344
649.7240 173.5493
683.9200 174.2578
718.1160 171.1009
752.3120 171.1667
786.5080 172.1295
820.7040 171.3590
854.9000 171.0598
889.0960 171.9144
923.2920 172.1156
957.4880 172.1220
991.6840 174.3255
1025.8800 173.6546
1060.0760 173.3291
1094.2720 173.0489
1128.4680 173.0582
1162.6640 172.5816
1196.8600 171.9829
1231.0560 172.4741
1265.2520 173.5739
1299.4480 171.6708
1333.6440 171.8259
1367.8400 172.5458
1402.0360 172.4507
1436.2320 172.7701
1470.4280 174.3923
1504.6240 175.0929
1538.8200 176.7627
1573.0160 177.9380
1607.2120 178.3827
1641.4080 178.9578
1675.6040 178.5669
