VARIABLES = "Time" "MSD"
ZONE T = "BD 139"
0.0000 0.0000
34.1960 54.1971
68.3920 84.1743
102.5880 102.9092
136.7840 114.6530
170.9800 120.7471
205.1760 126.5522
239.3720 130.5397
273.5680 133.1405
307.7640 134.5864
341.9600 137.2311
376.1560 139.0752
410.3520 140.4842
444.5480 143.4508
478.7440 145.1235
512.9400 143.4804
547.1360 142.7801
581.3320 142.3863
615.5280 143.1020
649.7240 142.5120
683.9200 141.4118
718.1160 142.9319
752.3120 143.3614
786.5080 142.4469
820.7040 139.1171
854.9000 138.4597
889.0960 136.2553
923.2920 137.3569
957.4880 138.3830
991.6840 137.6591
1025.8800 139.4277
1060.0760 139.8279
1094.2720 138.6956
1128.4680 140.3550
1162.6640 143.1240
1196.8600 142.0755
1231.0560 141.8773
1265.2520 140.1176
1299.4480 138.6189
1333.6440 138.9955
1367.8400 139.8526
1402.0360 139.8773
1436.2320 141.1358
1470.4280 139.9059
1504.6240 139.1854
1538.8200 141.0454
1573.0160 141.5024
1607.2120 141.2323
1641.4080 141.6085
1675.6040 141.2963
