VARIABLES = "Time" "MSD"
ZONE T = "BD 131"
0.0000 0.0000
34.1960 57.4943
68.3920 92.7286
102.5880 116.2391
136.7840 129.8935
170.9800 139.5864
205.1760 144.0533
239.3720 150.1333
273.5680 154.1091
307.7640 156.4002
341.9600 159.3907
376.1560 161.6673
410.3520 162.1300
444.5480 161.7352
478.7440 160.7364
512.9400 162.2083
547.1360 161.4331
581.3320 160.5255
615.5280 161.3439
649.7240 159.6940
683.9200 158.2353
718.1160 158.3418
752.3120 157.8998
786.5080 157.2428
820.7040 156.8144
854.9000 158.8508
889.0960 158.2142
923.2920 158.4217
957.4880 158.3377
991.6840 159.3456
1025.8800 161.3159
1060.0760 160.4917
1094.2720 161.9955
1128.4680 161.7757
1162.6640 162.3581
1196.8600 164.2053
1231.0560 165.5212
1265.2520 168.4638
1299.4480 170.7284
1333.6440 173.0902
1367.8400 173.9945
1402.0360 174.5847
1436.2320 172.4714
1470.4280 169.4148
1504.6240 167.2534
1538.8200 166.1624
1573.0160 165.9740
1607.2120 166.3559
1641.4080 168.3216
1675.6040 170.7877
