VARIABLES = "Time" "MSD"
ZONE T = "BD 132"
0.0000 0.0000
34.1960 56.6519
68.3920 93.4873
102.5880 117.3657
136.7840 132.1756
170.9800 140.3498
205.1760 145.5875
239.3720 147.0842
273.5680 148.2919
307.7640 149.3086
341.9600 149.1872
376.1560 148.8855
410.3520 151.0543
444.5480 153.4160
478.7440 154.0090
512.9400 154.9951
547.1360 153.6514
581.3320 154.4639
615.5280 155.5914
649.7240 156.0955
683.9200 156.5238
718.1160 156.9996
752.3120 156.2989
786.5080 156.9831
820.7040 157.4743
854.9000 158.3065
889.0960 157.9807
923.2920 156.9620
957.4880 156.6759
991.6840 157.3436
1025.8800 158.1541
1060.0760 155.9393
1094.2720 155.1694
1128.4680 154.7894
1162.6640 153.5742
1196.8600 152.9798
1231.0560 152.7780
1265.2520 154.7953
1299.4480 155.5661
1333.6440 156.3894
1367.8400 157.0529
1402.0360 158.0250
1436.2320 159.5811
1470.4280 161.8230
1504.6240 161.3426
1538.8200 159.5349
1573.0160 159.1323
1607.2120 158.0689
1641.4080 157.0527
1675.6040 155.5810
