VARIABLES = "Time" "MSD"
ZONE T = "BD 13"
0.0000 0.0000
34.1960 75.2010
68.3920 148.9065
102.5880 224.6493
136.7840 300.9100
170.9800 376.2830
205.1760 454.4869
239.3720 530.9554
273.5680 606.7731
307.7640 685.0195
341.9600 763.3863
376.1560 839.4542
410.3520 917.2543
444.5480 995.5370
478.7440 1071.1502
512.9400 1144.8415
547.1360 1214.9528
581.3320 1287.8892
615.5280 1359.2629
649.7240 1429.4603
683.9200 1498.6426
718.1160 1566.6261
752.3120 1635.2741
786.5080 1704.0008
820.7040 1770.6114
854.9000 1838.2282
889.0960 1906.5034
923.2920 1975.6111
957.4880 2045.8538
991.6840 2114.4806
1025.8800 2183.2725
1060.0760 2253.7827
1094.2720 2327.6848
1128.4680 2400.3539
1162.6640 2472.4062
1196.8600 2545.6547
1231.0560 2617.8966
1265.2520 2691.4723
1299.4480 2766.7556
1333.6440 2841.2632
1367.8400 2916.6761
1402.0360 2989.7961
1436.2320 3062.7968
1470.4280 3135.2944
1504.6240 3204.8582
1538.8200 3269.3738
1573.0160 3335.0539
1607.2120 3397.9974
1641.4080 3461.3120
1675.6040 3525.2281
