VARIABLES = "Time" "MSD"
ZONE T = "BD 133"
0.0000 0.0000
34.1960 55.9747
68.3920 89.9932
102.5880 110.7132
136.7840 122.5677
170.9800 130.4924
205.1760 136.4321
239.3720 139.5242
273.5680 144.5454
307.7640 148.4543
341.9600 149.6610
376.1560 150.5921
410.3520 150.3446
444.5480 148.5325
478.7440 146.5161
512.9400 144.2834
547.1360 142.8868
581.3320 144.2040
615.5280 144.8514
649.7240 144.4713
683.9200 144.4254
718.1160 145.7489
752.3120 146.9157
786.5080 150.2966
820.7040 153.7070
854.9000 154.0625
889.0960 155.1993
923.2920 155.7511
957.4880 156.1805
991.6840 155.1337
1025.8800 154.4762
1060.0760 153.8743
1094.2720 151.6960
1128.4680 150.9378
1162.6640 150.7532
1196.8600 152.4973
1231.0560 150.7378
1265.2520 150.2975
1299.4480 149.6887
1333.6440 152.7470
1367.8400 156.0057
1402.0360 156.1391
1436.2320 154.7485
1470.4280 153.2345
1504.6240 152.7898
1538.8200 153.5036
1573.0160 154.8261
1607.2120 156.1463
1641.4080 154.5674
1675.6040 152.8527
