VARIABLES = "Time" "MSD"
ZONE T = "BD 137"
0.0000 0.0000
34.1960 54.1480
68.3920 88.0419
102.5880 110.4958
136.7840 127.1145
170.9800 137.0481
205.1760 142.4498
239.3720 148.2543
273.5680 152.5955
307.7640 154.8566
341.9600 155.8222
376.1560 156.7371
410.3520 155.7705
444.5480 154.7997
478.7440 154.6099
512.9400 155.3839
547.1360 156.1301
581.3320 157.0800
615.5280 155.3352
649.7240 154.5540
683.9200 152.6632
718.1160 152.7611
752.3120 154.1177
786.5080 152.9383
820.7040 153.5789
854.9000 153.5046
889.0960 152.3031
923.2920 153.9985
957.4880 154.2536
991.6840 153.6781
1025.8800 153.5426
1060.0760 152.7594
1094.2720 153.9818
1128.4680 157.5104
1162.6640 159.0759
1196.8600 159.0093
1231.0560 159.9129
1265.2520 163.0054
1299.4480 160.6927
1333.6440 158.8424
1367.8400 157.1501
1402.0360 158.3202
1436.2320 159.8978
1470.4280 163.1046
1504.6240 164.3467
1538.8200 164.8120
1573.0160 165.1590
1607.2120 164.2843
1641.4080 163.3614
1675.6040 162.5964
