VARIABLES = "Time" "MSD"
ZONE T = "BD 141"
0.0000 0.0000
34.1960 52.2299
68.3920 79.4079
102.5880 97.8716
136.7840 109.2035
170.9800 115.8228
205.1760 120.7798
239.3720 124.9559
273.5680 128.4618
307.7640 131.1661
341.9600 133.8171
376.1560 134.0678
410.3520 137.2762
444.5480 136.5211
478.7440 136.2729
512.9400 136.0470
547.1360 135.8031
581.3320 136.0301
615.5280 136.5170
649.7240 139.1358
683.9200 139.9172
718.1160 140.0987
752.3120 140.3127
786.5080 141.8872
820.7040 141.9316
854.9000 140.9729
889.0960 141.4803
923.2920 141.7268
957.4880 142.4024
991.6840 140.0014
1025.8800 137.8568
1060.0760 138.2144
1094.2720 137.5522
1128.4680 136.8286
1162.6640 136.5343
1196.8600 135.1745
1231.0560 136.4856
1265.2520 137.0937
1299.4480 138.7237
1333.6440 139.5790
1367.8400 139.0039
1402.0360 139.4166
1436.2320 137.8185
1470.4280 135.6521
1504.6240 135.2257
1538.8200 136.2824
1573.0160 135.6270
1607.2120 137.2466
1641.4080 137.2462
1675.6040 137.4475
