VARIABLES = "Time" "MSD"
ZONE T = "BD 143"
0.0000 0.0000
34.1960 54.9535
68.3920 86.9089
102.5880 104.6607
136.7840 115.8222
170.9800 123.7846
205.1760 128.7287
239.3720 131.7071
273.5680 131.9318
307.7640 132.1860
341.9600 134.0553
376.1560 134.1585
410.3520 135.6651
444.5480 136.2934
478.7440 137.1577
512.9400 136.2653
547.1360 134.4548
581.3320 132.8748
615.5280 133.3442
649.7240 134.1412
683.9200 134.0876
718.1160 134.2745
752.3120 135.5710
786.5080 136.1506
820.7040 136.8549
854.9000 137.4505
889.0960 139.6610
923.2920 139.8124
957.4880 140.6237
991.6840 140.8018
1025.8800 140.2783
1060.0760 140.3917
1094.2720 139.2177
1128.4680 137.8536
1162.6640 137.6000
1196.8600 138.0333
1231.0560 139.7809
1265.2520 142.0018
1299.4480 142.7764
1333.6440 142.9916
1367.8400 144.1615
1402.0360 146.2601
1436.2320 146.0068
1470.4280 147.1558
1504.6240 147.5573
1538.8200 147.2822
1573.0160 146.7067
1607.2120 145.5064
1641.4080 145.7011
1675.6040 144.1153
