VARIABLES = "Time" "MSD"
ZONE T = "BD 145"
0.0000 0.0000
34.1960 55.8624
68.3920 89.2392
102.5880 107.6981
136.7840 119.0594
170.9800 126.4917
205.1760 131.9394
239.3720 136.9270
273.5680 138.4598
307.7640 140.0607
341.9600 139.4415
376.1560 139.3690
410.3520 141.0707
444.5480 141.6853
478.7440 140.7649
512.9400 141.1452
547.1360 142.4647
581.3320 143.8104
615.5280 143.4806
649.7240 143.6974
683.9200 143.4487
718.1160 144.2847
752.3120 146.5278
786.5080 145.0232
820.7040 144.1873
854.9000 143.7789
889.0960 144.1548
923.2920 145.7569
957.4880 144.0793
991.6840 141.5443
1025.8800 139.4979
1060.0760 139.6489
1094.2720 140.9790
1128.4680 143.5101
1162.6640 145.4255
1196.8600 146.8223
1231.0560 146.8037
1265.2520 146.4992
1299.4480 144.8792
1333.6440 143.6444
1367.8400 141.3865
1402.0360 142.1077
1436.2320 142.3107
1470.4280 141.5704
1504.6240 142.8679
1538.8200 142.9405
1573.0160 144.6093
1607.2120 145.5731
1641.4080 145.7439
1675.6040 145.2051
