VARIABLES = "Time" "MSD"
ZONE T = "BD 146"
0.0000 0.0000
34.1960 56.9115
68.3920 88.3158
102.5880 107.8887
136.7840 120.1246
170.9800 127.0863
205.1760 131.7722
239.3720 133.9607
273.5680 136.4343
307.7640 137.1715
341.9600 138.1771
376.1560 138.3297
410.3520 138.8215
444.5480 137.9615
478.7440 138.0058
512.9400 139.5641
547.1360 140.4992
581.3320 141.6782
615.5280 139.9408
649.7240 138.8943
683.9200 139.9560
718.1160 140.5825
752.3120 142.0889
786.5080 143.4126
820.7040 144.4984
854.9000 144.3872
889.0960 144.5305
923.2920 145.6988
957.4880 146.7290
991.6840 146.1058
1025.8800 144.4387
1060.0760 141.0234
1094.2720 141.2288
1128.4680 140.3557
1162.6640 139.3362
1196.8600 139.5112
1231.0560 140.7833
1265.2520 141.8965
1299.4480 140.7436
1333.6440 140.7551
1367.8400 140.0764
1402.0360 139.9781
1436.2320 140.4740
1470.4280 141.4200
1504.6240 142.9016
1538.8200 141.7988
1573.0160 139.7060
1607.2120 137.0848
1641.4080 138.0354
1675.6040 138.0438
