VARIABLES = "Time" "MSD"
ZONE T = "BD 159"
0.0000 0.0000
34.1960 50.5580
68.3920 75.2698
102.5880 87.5932
136.7840 93.9963
170.9800 98.2262
205.1760 102.0618
239.3720 104.0391
273.5680 105.0037
307.7640 105.5162
341.9600 105.2449
376.1560 106.7138
410.3520 106.8617
444.5480 106.1811
478.7440 106.1783
512.9400 105.7278
547.1360 107.8954
581.3320 106.4869
615.5280 106.8000
649.7240 107.6176
683.9200 109.8462
718.1160 110.8280
752.3120 109.8078
786.5080 108.2487
820.7040 106.8436
854.9000 105.3135
889.0960 104.6071
923.2920 105.6414
957.4880 106.2989
991.6840 107.8062
1025.8800 108.3572
1060.0760 109.9648
1094.2720 108.6506
1128.4680 107.9651
1162.6640 107.8614
1196.8600 109.1177
1231.0560 108.3059
1265.2520 107.7488
1299.4480 108.4099
1333.6440 109.4482
1367.8400 108.7052
1402.0360 109.3497
1436.2320 111.1126
1470.4280 111.7557
1504.6240 111.1523
1538.8200 110.8195
1573.0160 111.1368
1607.2120 110.8114
1641.4080 112.5433
1675.6040 111.4263
