VARIABLES = "Time" "MSD"
ZONE T = "BD 157"
0.0000 0.0000
34.1960 49.7491
68.3920 76.2418
102.5880 91.9670
136.7840 98.9216
170.9800 102.9653
205.1760 105.4787
239.3720 108.0911
273.5680 110.7319
307.7640 110.0120
341.9600 109.1024
376.1560 109.7500
410.3520 110.0668
444.5480 109.8695
478.7440 109.6222
512.9400 111.7487
547.1360 111.3076
581.3320 113.9874
615.5280 114.3038
649.7240 115.9275
683.9200 116.5050
718.1160 116.6461
752.3120 117.1376
786.5080 117.5255
820.7040 115.8655
854.9000 114.1107
889.0960 112.5286
923.2920 111.4369
957.4880 113.4487
991.6840 111.6192
1025.8800 110.6487
1060.0760 112.1936
1094.2720 112.2004
1128.4680 113.8255
1162.6640 113.7595
1196.8600 113.9719
1231.0560 113.5785
1265.2520 114.5938
1299.4480 113.4339
1333.6440 115.4108
1367.8400 114.9415
1402.0360 114.2184
1436.2320 114.8503
1470.4280 115.8499
1504.6240 116.4087
1538.8200 116.2536
1573.0160 116.8116
1607.2120 116.2938
1641.4080 114.7666
1675.6040 114.6355
