VARIABLES = "Time" "MSD"
ZONE T = "BD 155"
0.0000 0.0000
34.1960 49.3667
68.3920 74.3001
102.5880 87.4944
136.7840 93.4170
170.9800 98.8172
205.1760 101.7156
239.3720 103.7670
273.5680 106.2951
307.7640 108.9314
341.9600 110.1616
376.1560 110.5212
410.3520 110.3219
444.5480 107.5921
478.7440 106.0253
512.9400 106.9906
547.1360 108.0277
581.3320 108.9969
615.5280 109.3419
649.7240 108.2164
683.9200 110.3392
718.1160 111.7653
752.3120 112.0982
786.5080 112.8509
820.7040 112.4218
854.9000 111.7805
889.0960 111.0477
923.2920 110.1547
957.4880 110.8073
991.6840 111.3563
1025.8800 111.8477
1060.0760 111.7117
1094.2720 111.4299
1128.4680 111.8066
1162.6640 114.6775
1196.8600 115.4649
1231.0560 113.4726
1265.2520 111.7799
1299.4480 110.8529
1333.6440 110.2050
1367.8400 110.1872
1402.0360 110.9331
1436.2320 110.8453
1470.4280 109.4459
1504.6240 108.9868
1538.8200 110.2336
1573.0160 111.5437
1607.2120 113.0574
1641.4080 114.4283
1675.6040 113.8350
