VARIABLES = "Time" "MSD"
ZONE T = "BD 15"
0.0000 0.0000
34.1960 73.4792
68.3920 147.7515
102.5880 220.4446
136.7840 293.4146
170.9800 369.9038
205.1760 445.6416
239.3720 518.8614
273.5680 590.6531
307.7640 665.4808
341.9600 741.9686
376.1560 816.8866
410.3520 890.7468
444.5480 968.3348
478.7440 1046.1228
512.9400 1124.0574
547.1360 1202.4905
581.3320 1282.7405
615.5280 1367.7484
649.7240 1456.3876
683.9200 1541.6961
718.1160 1626.6684
752.3120 1714.8508
786.5080 1801.1569
820.7040 1887.3980
854.9000 1973.4546
889.0960 2057.7598
923.2920 2144.3172
957.4880 2229.5670
991.6840 2310.9071
1025.8800 2392.4105
1060.0760 2473.1487
1094.2720 2552.4993
1128.4680 2635.2352
1162.6640 2715.4450
1196.8600 2796.6967
1231.0560 2874.5741
1265.2520 2951.0566
1299.4480 3026.3184
1333.6440 3097.9658
1367.8400 3170.3176
1402.0360 3239.7249
1436.2320 3307.6918
1470.4280 3375.3586
1504.6240 3442.7649
1538.8200 3509.1501
1573.0160 3573.0357
1607.2120 3639.6822
1641.4080 3703.5734
1675.6040 3766.3768
