VARIABLES = "Time" "MSD"
ZONE T = "BD 160"
0.0000 0.0000
34.1960 51.4968
68.3920 76.2940
102.5880 90.0329
136.7840 97.0586
170.9800 102.6789
205.1760 103.6687
239.3720 105.0185
273.5680 104.9398
307.7640 106.3372
341.9600 107.8304
376.1560 108.6171
410.3520 108.5248
444.5480 109.1990
478.7440 108.0873
512.9400 107.9656
547.1360 108.1726
581.3320 108.4283
615.5280 110.4328
649.7240 111.4835
683.9200 110.8650
718.1160 109.6634
752.3120 109.5433
786.5080 109.3026
820.7040 109.8233
854.9000 109.5711
889.0960 108.5980
923.2920 108.9994
957.4880 109.4490
991.6840 109.0027
1025.8800 107.5083
1060.0760 109.2651
1094.2720 109.2733
1128.4680 109.0461
1162.6640 109.6577
1196.8600 109.8124
1231.0560 109.3579
1265.2520 108.8356
1299.4480 108.6301
1333.6440 109.9089
1367.8400 109.3059
1402.0360 108.6667
1436.2320 107.5944
1470.4280 108.1192
1504.6240 109.6296
1538.8200 108.8162
1573.0160 109.3602
1607.2120 111.6129
1641.4080 113.0822
1675.6040 111.2939
