VARIABLES = "Time" "MSD"
ZONE T = "BD 166"
0.0000 0.0000
34.1960 52.6298
68.3920 78.8186
102.5880 94.4846
136.7840 103.1526
170.9800 106.0991
205.1760 109.2188
239.3720 112.4241
273.5680 116.8394
307.7640 121.0116
341.9600 122.0408
376.1560 121.4618
410.3520 120.1125
444.5480 119.2169
478.7440 118.6708
512.9400 119.7576
547.1360 120.4247
581.3320 121.3617
615.5280 122.8709
649.7240 124.0579
683.9200 120.9935
718.1160 121.9599
752.3120 122.2787
786.5080 121.0214
820.7040 123.8513
854.9000 123.3636
889.0960 122.6505
923.2920 122.1301
957.4880 120.3186
991.6840 121.3877
1025.8800 121.5424
1060.0760 120.7612
1094.2720 119.8187
1128.4680 120.1562
1162.6640 119.0076
1196.8600 118.0686
1231.0560 119.2929
1265.2520 119.4968
1299.4480 120.2358
1333.6440 121.5924
1367.8400 121.8212
1402.0360 122.6698
1436.2320 125.1307
1470.4280 125.1838
1504.6240 126.9880
1538.8200 126.7139
1573.0160 126.0895
1607.2120 126.2636
1641.4080 125.6395
1675.6040 125.8121
