VARIABLES = "Time" "MSD"
ZONE T = "BD 164"
0.0000 0.0000
34.1960 49.4043
68.3920 74.1715
102.5880 88.3997
136.7840 97.5312
170.9800 102.8958
205.1760 104.4784
239.3720 102.5971
273.5680 104.5206
307.7640 104.1261
341.9600 104.5612
376.1560 103.8834
410.3520 103.7409
444.5480 103.9376
478.7440 103.4644
512.9400 102.0764
547.1360 104.2723
581.3320 102.9764
615.5280 103.2560
649.7240 103.8009
683.9200 104.2429
718.1160 105.4548
752.3120 107.6177
786.5080 107.8924
820.7040 107.1754
854.9000 107.4770
889.0960 106.7868
923.2920 107.2355
957.4880 107.1019
991.6840 107.8061
1025.8800 107.6258
1060.0760 108.1114
1094.2720 108.7449
1128.4680 109.8549
1162.6640 110.6300
1196.8600 110.8019
1231.0560 109.7875
1265.2520 109.5367
1299.4480 110.5009
1333.6440 111.1092
1367.8400 109.6697
1402.0360 109.9773
1436.2320 111.1221
1470.4280 111.9148
1504.6240 112.1127
1538.8200 110.5629
1573.0160 110.1426
1607.2120 110.1845
1641.4080 110.2505
1675.6040 109.6507
