VARIABLES = "Time" "MSD"
ZONE T = "BD 161"
0.0000 0.0000
34.1960 51.7279
68.3920 76.5985
102.5880 89.7094
136.7840 97.9220
170.9800 101.8856
205.1760 104.5178
239.3720 104.2244
273.5680 105.8152
307.7640 106.2623
341.9600 105.7920
376.1560 106.9733
410.3520 107.6730
444.5480 110.7078
478.7440 110.8875
512.9400 109.8146
547.1360 109.4171
581.3320 108.2705
615.5280 108.4555
649.7240 108.2661
683.9200 109.4118
718.1160 108.8361
752.3120 107.7242
786.5080 107.7277
820.7040 108.6324
854.9000 109.8063
889.0960 109.9337
923.2920 109.8220
957.4880 111.7482
991.6840 112.1291
1025.8800 111.7409
1060.0760 110.4680
1094.2720 109.4413
1128.4680 109.7443
1162.6640 111.2711
1196.8600 112.1899
1231.0560 113.2260
1265.2520 113.5548
1299.4480 112.1557
1333.6440 110.8692
1367.8400 109.6876
1402.0360 110.7610
1436.2320 111.8254
1470.4280 111.4202
1504.6240 111.6685
1538.8200 112.2100
1573.0160 111.7635
1607.2120 111.6072
1641.4080 111.3056
1675.6040 112.6968
