VARIABLES = "Time" "MSD"
ZONE T = "BD 171"
0.0000 0.0000
34.1960 50.2202
68.3920 75.3261
102.5880 88.5742
136.7840 93.9446
170.9800 95.4771
205.1760 98.7085
239.3720 98.9241
273.5680 99.5596
307.7640 98.8437
341.9600 99.3967
376.1560 99.9473
410.3520 100.7724
444.5480 100.8973
478.7440 102.5566
512.9400 101.3146
547.1360 101.9675
581.3320 103.2474
615.5280 102.5788
649.7240 102.8404
683.9200 101.9099
718.1160 101.1442
752.3120 102.1904
786.5080 103.4314
820.7040 104.3733
854.9000 103.8935
889.0960 102.8764
923.2920 102.5430
957.4880 103.5044
991.6840 103.2886
1025.8800 103.7116
1060.0760 102.5802
1094.2720 102.7029
1128.4680 104.0460
1162.6640 104.0616
1196.8600 104.0656
1231.0560 103.9017
1265.2520 103.4118
1299.4480 101.6217
1333.6440 100.2465
1367.8400 100.6824
1402.0360 100.2495
1436.2320 102.5305
1470.4280 102.5508
1504.6240 103.6847
1538.8200 102.9960
1573.0160 102.9887
1607.2120 102.0514
1641.4080 99.4548
1675.6040 100.1519
