VARIABLES = "Time" "MSD"
ZONE T = "BD 17"
0.0000 0.0000
34.1960 72.4925
68.3920 142.7801
102.5880 213.4669
136.7840 285.5201
170.9800 359.2422
205.1760 429.0423
239.3720 497.1836
273.5680 567.7889
307.7640 638.6107
341.9600 708.0696
376.1560 777.5733
410.3520 848.6963
444.5480 919.9816
478.7440 996.3108
512.9400 1074.9883
547.1360 1151.8863
581.3320 1227.5902
615.5280 1305.0955
649.7240 1380.8435
683.9200 1456.1268
718.1160 1531.0904
752.3120 1606.1839
786.5080 1680.9264
820.7040 1753.3118
854.9000 1824.9361
889.0960 1899.7001
923.2920 1970.4390
957.4880 2044.3328
991.6840 2117.8420
1025.8800 2191.1409
1060.0760 2260.3708
1094.2720 2330.4146
1128.4680 2401.4238
1162.6640 2469.6731
1196.8600 2533.8289
1231.0560 2597.4065
1265.2520 2658.6067
1299.4480 2718.2610
1333.6440 2777.2344
1367.8400 2834.8202
1402.0360 2892.2342
1436.2320 2948.9214
1470.4280 3004.6206
1504.6240 3058.2358
1538.8200 3108.6539
1573.0160 3160.6517
1607.2120 3213.2963
1641.4080 3267.5998
1675.6040 3321.2403
