VARIABLES = "Time" "MSD"
ZONE T = "BD 173"
0.0000 0.0000
34.1960 48.6346
68.3920 73.7748
102.5880 84.7466
136.7840 91.7312
170.9800 95.4138
205.1760 96.8001
239.3720 97.7080
273.5680 99.0138
307.7640 100.0123
341.9600 100.8079
376.1560 101.4460
410.3520 99.1806
444.5480 99.5119
478.7440 98.9546
512.9400 98.4054
547.1360 99.2304
581.3320 97.7588
615.5280 98.3891
649.7240 100.2730
683.9200 102.5503
718.1160 100.3056
752.3120 99.4109
786.5080 100.1686
820.7040 99.1424
854.9000 99.3668
889.0960 99.4305
923.2920 98.1926
957.4880 96.1854
991.6840 96.5090
1025.8800 94.2181
1060.0760 95.0463
1094.2720 97.7140
1128.4680 97.9917
1162.6640 98.9885
1196.8600 99.5560
1231.0560 101.9715
1265.2520 102.8808
1299.4480 101.4795
1333.6440 100.6183
1367.8400 100.1617
1402.0360 100.5840
1436.2320 101.3770
1470.4280 101.7881
1504.6240 102.1797
1538.8200 101.0856
1573.0160 100.8528
1607.2120 100.9943
1641.4080 102.6632
1675.6040 103.0575
