VARIABLES = "Time" "MSD"
ZONE T = "BD 174"
0.0000 0.0000
34.1960 49.9168
68.3920 75.7138
102.5880 86.6453
136.7840 95.0711
170.9800 99.3433
205.1760 102.8514
239.3720 103.4780
273.5680 104.1154
307.7640 102.0239
341.9600 102.7061
376.1560 104.3231
410.3520 103.8563
444.5480 104.4868
478.7440 103.8739
512.9400 103.5186
547.1360 103.2322
581.3320 102.0730
615.5280 101.0157
649.7240 102.8079
683.9200 104.0206
718.1160 103.8910
752.3120 106.6233
786.5080 108.0051
820.7040 108.3547
854.9000 108.5466
889.0960 107.9113
923.2920 106.9317
957.4880 106.3773
991.6840 106.3412
1025.8800 107.3988
1060.0760 108.0526
1094.2720 108.4883
1128.4680 108.3320
1162.6640 107.7782
1196.8600 108.1267
1231.0560 106.3651
1265.2520 106.4018
1299.4480 106.7240
1333.6440 106.7520
1367.8400 105.8327
1402.0360 105.6940
1436.2320 105.4837
1470.4280 104.8048
1504.6240 106.3431
1538.8200 108.2291
1573.0160 108.9291
1607.2120 109.1394
1641.4080 108.2828
1675.6040 109.9400
