VARIABLES = "Time" "MSD"
ZONE T = "BD 175"
0.0000 0.0000
34.1960 49.6776
68.3920 72.2022
102.5880 83.5371
136.7840 90.6345
170.9800 94.6802
205.1760 98.1058
239.3720 100.3322
273.5680 101.4830
307.7640 102.8389
341.9600 104.1722
376.1560 103.8471
410.3520 102.0931
444.5480 101.5223
478.7440 101.4321
512.9400 103.2363
547.1360 104.0174
581.3320 103.1511
615.5280 102.9845
649.7240 103.8722
683.9200 103.0899
718.1160 104.1702
752.3120 105.5822
786.5080 106.0173
820.7040 106.4318
854.9000 106.4875
889.0960 106.9803
923.2920 106.7750
957.4880 107.3810
991.6840 107.5995
1025.8800 108.2873
1060.0760 108.5549
1094.2720 107.2555
1128.4680 109.1798
1162.6640 108.6731
1196.8600 110.4074
1231.0560 110.3673
1265.2520 109.6659
1299.4480 109.9829
1333.6440 109.3978
1367.8400 108.8654
1402.0360 107.9553
1436.2320 106.9770
1470.4280 106.5696
1504.6240 107.0513
1538.8200 106.2806
1573.0160 106.4109
1607.2120 108.6058
1641.4080 109.6461
1675.6040 111.0492
