VARIABLES = "Time" "MSD"
ZONE T = "BD 179"
0.0000 0.0000
34.1960 45.7320
68.3920 66.7906
102.5880 79.5978
136.7840 84.6186
170.9800 87.7640
205.1760 90.2393
239.3720 92.0149
273.5680 92.7209
307.7640 92.2901
341.9600 91.6748
376.1560 91.1897
410.3520 91.0706
444.5480 90.3263
478.7440 91.6735
512.9400 92.5325
547.1360 93.1095
581.3320 93.6024
615.5280 93.0284
649.7240 92.9123
683.9200 92.0593
718.1160 91.6748
752.3120 89.9446
786.5080 91.3875
820.7040 92.4531
854.9000 92.4983
889.0960 91.9600
923.2920 91.3424
957.4880 92.2034
991.6840 91.3667
1025.8800 92.0853
1060.0760 92.6007
1094.2720 92.7005
1128.4680 92.8407
1162.6640 92.4675
1196.8600 92.2819
1231.0560 93.3628
1265.2520 92.7683
1299.4480 92.7924
1333.6440 92.7010
1367.8400 92.8995
1402.0360 94.6006
1436.2320 96.0756
1470.4280 94.5948
1504.6240 93.3312
1538.8200 92.3903
1573.0160 91.9834
1607.2120 91.7705
1641.4080 91.8839
1675.6040 90.1794
