VARIABLES = "Time" "MSD"
ZONE T = "BD 170"
0.0000 0.0000
34.1960 49.5523
68.3920 75.5460
102.5880 88.4676
136.7840 93.6196
170.9800 97.2249
205.1760 100.2628
239.3720 102.2758
273.5680 104.1893
307.7640 105.5593
341.9600 105.8992
376.1560 104.6520
410.3520 105.4018
444.5480 105.1217
478.7440 104.6771
512.9400 103.1436
547.1360 103.1534
581.3320 103.2162
615.5280 104.5567
649.7240 105.3008
683.9200 106.6498
718.1160 105.9481
752.3120 106.7051
786.5080 105.5521
820.7040 106.4274
854.9000 104.0941
889.0960 103.6621
923.2920 104.6030
957.4880 106.1701
991.6840 108.2919
1025.8800 109.0987
1060.0760 111.1770
1094.2720 111.1329
1128.4680 109.7223
1162.6640 108.6672
1196.8600 107.7250
1231.0560 105.4992
1265.2520 105.3203
1299.4480 106.7154
1333.6440 107.8870
1367.8400 107.9321
1402.0360 108.2260
1436.2320 108.7575
1470.4280 107.2325
1504.6240 106.8380
1538.8200 105.7857
1573.0160 104.5874
1607.2120 106.0699
1641.4080 105.6249
1675.6040 105.8930
