VARIABLES = "Time" "MSD"
ZONE T = "BD 178"
0.0000 0.0000
34.1960 46.5566
68.3920 65.9379
102.5880 76.5097
136.7840 82.4497
170.9800 85.0590
205.1760 87.0409
239.3720 87.0385
273.5680 88.0031
307.7640 86.1433
341.9600 86.9081
376.1560 87.1427
410.3520 89.0089
444.5480 91.4894
478.7440 91.9146
512.9400 91.0883
547.1360 91.4777
581.3320 89.7138
615.5280 89.5152
649.7240 89.5853
683.9200 90.3413
718.1160 91.3210
752.3120 91.2822
786.5080 92.2949
820.7040 90.2399
854.9000 91.4087
889.0960 90.6601
923.2920 91.3890
957.4880 91.0441
991.6840 91.5923
1025.8800 90.6681
1060.0760 90.7735
1094.2720 89.5903
1128.4680 91.3162
1162.6640 90.7265
1196.8600 90.3034
1231.0560 90.4461
1265.2520 91.3306
1299.4480 92.8132
1333.6440 93.2569
1367.8400 93.9689
1402.0360 95.3216
1436.2320 95.5707
1470.4280 95.4784
1504.6240 95.1979
1538.8200 96.1116
1573.0160 95.0135
1607.2120 95.1996
1641.4080 95.7324
1675.6040 95.1919
