VARIABLES = "Time" "MSD"
ZONE T = "BD 177"
0.0000 0.0000
34.1960 48.3851
68.3920 69.8281
102.5880 82.3006
136.7840 88.4606
170.9800 91.9596
205.1760 93.0028
239.3720 92.8789
273.5680 93.6297
307.7640 94.3522
341.9600 93.3837
376.1560 94.2230
410.3520 93.4890
444.5480 94.2608
478.7440 94.8790
512.9400 94.8889
547.1360 95.2399
581.3320 93.9820
615.5280 94.8845
649.7240 94.5859
683.9200 94.1748
718.1160 94.3407
752.3120 95.1071
786.5080 97.2972
820.7040 99.0606
854.9000 99.9483
889.0960 101.3869
923.2920 99.9651
957.4880 99.5207
991.6840 99.1306
1025.8800 97.3278
1060.0760 96.6305
1094.2720 96.7002
1128.4680 97.0971
1162.6640 98.5171
1196.8600 99.9049
1231.0560 101.3901
1265.2520 101.3524
1299.4480 100.9822
1333.6440 99.8304
1367.8400 99.7190
1402.0360 98.0236
1436.2320 96.3136
1470.4280 95.5884
1504.6240 95.5181
1538.8200 96.0525
1573.0160 96.1416
1607.2120 95.0208
1641.4080 95.0099
1675.6040 96.7627
