VARIABLES = "Time" "MSD"
ZONE T = "BD 18"
0.0000 0.0000
34.1960 72.1632
68.3920 143.6003
102.5880 216.3358
136.7840 288.4432
170.9800 357.0852
205.1760 423.1706
239.3720 488.8892
273.5680 550.3623
307.7640 611.5253
341.9600 669.7199
376.1560 728.9116
410.3520 792.0064
444.5480 854.9697
478.7440 919.9142
512.9400 985.8113
547.1360 1048.9833
581.3320 1112.4135
615.5280 1171.2471
649.7240 1229.5539
683.9200 1287.9848
718.1160 1344.0955
752.3120 1397.8955
786.5080 1453.0712
820.7040 1508.6567
854.9000 1565.6126
889.0960 1625.4836
923.2920 1683.1489
957.4880 1739.5608
991.6840 1793.7961
1025.8800 1847.6417
1060.0760 1901.0413
1094.2720 1954.1548
1128.4680 2008.0389
1162.6640 2061.4577
1196.8600 2113.0495
1231.0560 2166.2792
1265.2520 2220.9687
1299.4480 2274.3315
1333.6440 2330.0678
1367.8400 2386.1965
1402.0360 2443.3657
1436.2320 2501.4874
1470.4280 2557.4289
1504.6240 2612.9904
1538.8200 2667.0161
1573.0160 2718.1959
1607.2120 2771.7792
1641.4080 2824.7460
1675.6040 2878.6543
