VARIABLES = "Time" "MSD"
ZONE T = "BD 182"
0.0000 0.0000
34.1960 46.7970
68.3920 69.7599
102.5880 79.9973
136.7840 85.4396
170.9800 88.2374
205.1760 88.1382
239.3720 90.1154
273.5680 91.5319
307.7640 89.9321
341.9600 89.2738
376.1560 90.5827
410.3520 89.9062
444.5480 89.1716
478.7440 88.2527
512.9400 90.0667
547.1360 91.0597
581.3320 89.4839
615.5280 87.6134
649.7240 88.6230
683.9200 90.6252
718.1160 91.8677
752.3120 92.1567
786.5080 91.2679
820.7040 91.3354
854.9000 90.5902
889.0960 89.6223
923.2920 89.1736
957.4880 89.4872
991.6840 90.8904
1025.8800 90.6867
1060.0760 90.5641
1094.2720 91.2678
1128.4680 90.0636
1162.6640 89.8461
1196.8600 90.2015
1231.0560 89.8670
1265.2520 90.9494
1299.4480 91.8114
1333.6440 90.9205
1367.8400 90.9619
1402.0360 90.7950
1436.2320 89.9527
1470.4280 89.7491
1504.6240 89.0173
1538.8200 88.9056
1573.0160 88.5942
1607.2120 89.8950
1641.4080 89.2625
1675.6040 88.4110
