VARIABLES = "Time" "MSD"
ZONE T = "BD 181"
0.0000 0.0000
34.1960 43.8442
68.3920 60.8550
102.5880 69.4411
136.7840 73.5133
170.9800 78.0929
205.1760 79.4884
239.3720 80.5885
273.5680 82.5373
307.7640 83.3341
341.9600 83.0406
376.1560 82.9660
410.3520 83.1398
444.5480 82.8293
478.7440 81.9824
512.9400 82.9103
547.1360 81.6403
581.3320 81.3450
615.5280 80.5582
649.7240 80.5755
683.9200 80.8384
718.1160 79.8964
752.3120 80.1261
786.5080 82.6432
820.7040 83.7476
854.9000 83.9646
889.0960 84.9932
923.2920 85.3200
957.4880 84.4745
991.6840 84.0761
1025.8800 84.8048
1060.0760 84.9854
1094.2720 85.6057
1128.4680 84.9166
1162.6640 84.7709
1196.8600 83.6854
1231.0560 84.9117
1265.2520 85.1542
1299.4480 85.1027
1333.6440 85.1102
1367.8400 84.1870
1402.0360 84.0512
1436.2320 84.6152
1470.4280 83.4286
1504.6240 82.9802
1538.8200 84.4167
1573.0160 85.6375
1607.2120 85.7484
1641.4080 86.3048
1675.6040 86.3731
