VARIABLES = "Time" "MSD"
ZONE T = "BD 180"
0.0000 0.0000
34.1960 44.0676
68.3920 61.5195
102.5880 69.6340
136.7840 73.8501
170.9800 74.4878
205.1760 75.6219
239.3720 75.5742
273.5680 75.0819
307.7640 76.0446
341.9600 77.8027
376.1560 77.7429
410.3520 77.9090
444.5480 78.4836
478.7440 78.1043
512.9400 77.6550
547.1360 78.8432
581.3320 80.9131
615.5280 80.7561
649.7240 80.1709
683.9200 80.1366
718.1160 82.4729
752.3120 83.3162
786.5080 83.6035
820.7040 82.4698
854.9000 82.6602
889.0960 82.1981
923.2920 82.7460
957.4880 82.7148
991.6840 81.3660
1025.8800 80.5013
1060.0760 80.0861
1094.2720 81.2925
1128.4680 81.0535
1162.6640 81.5449
1196.8600 81.8553
1231.0560 81.6633
1265.2520 81.2811
1299.4480 81.6160
1333.6440 80.7150
1367.8400 79.1664
1402.0360 82.5634
1436.2320 83.8185
1470.4280 84.4693
1504.6240 84.3142
1538.8200 83.9185
1573.0160 82.5576
1607.2120 81.6175
1641.4080 81.9460
1675.6040 82.2764
