VARIABLES = "Time" "MSD"
ZONE T = "BD 184"
0.0000 0.0000
34.1960 44.4728
68.3920 62.5050
102.5880 71.9014
136.7840 76.8716
170.9800 79.2418
205.1760 80.0575
239.3720 80.6645
273.5680 80.1526
307.7640 80.7019
341.9600 80.4098
376.1560 79.6941
410.3520 79.9291
444.5480 80.4462
478.7440 80.3500
512.9400 81.6369
547.1360 81.8342
581.3320 81.2635
615.5280 81.5450
649.7240 81.8944
683.9200 81.7538
718.1160 81.9457
752.3120 83.0537
786.5080 82.5208
820.7040 83.2371
854.9000 82.6346
889.0960 82.0747
923.2920 81.8207
957.4880 82.5906
991.6840 83.6000
1025.8800 84.7929
1060.0760 83.9308
1094.2720 82.1155
1128.4680 83.1608
1162.6640 83.5680
1196.8600 85.1754
1231.0560 86.9637
1265.2520 87.4369
1299.4480 86.7131
1333.6440 86.3902
1367.8400 86.4272
1402.0360 86.7582
1436.2320 86.5247
1470.4280 86.0697
1504.6240 85.3584
1538.8200 86.6667
1573.0160 87.6861
1607.2120 86.7662
1641.4080 85.6345
1675.6040 87.3017
