VARIABLES = "Time" "MSD"
ZONE T = "BD 187"
0.0000 0.0000
34.1960 40.7398
68.3920 56.4367
102.5880 64.4503
136.7840 67.1119
170.9800 68.9332
205.1760 68.7243
239.3720 69.0296
273.5680 70.9019
307.7640 70.0895
341.9600 69.5757
376.1560 69.7043
410.3520 69.9143
444.5480 70.7968
478.7440 70.7513
512.9400 71.2785
547.1360 71.4920
581.3320 72.2417
615.5280 72.7671
649.7240 72.0103
683.9200 71.7604
718.1160 72.1156
752.3120 72.7606
786.5080 73.3063
820.7040 73.0853
854.9000 71.8846
889.0960 71.8034
923.2920 71.7840
957.4880 72.6128
991.6840 72.8826
1025.8800 72.8975
1060.0760 74.3542
1094.2720 74.6578
1128.4680 74.1895
1162.6640 74.4209
1196.8600 74.1379
1231.0560 74.8498
1265.2520 75.7926
1299.4480 75.9959
1333.6440 76.0081
1367.8400 77.0542
1402.0360 77.0747
1436.2320 77.1594
1470.4280 77.8776
1504.6240 78.4260
1538.8200 77.1389
1573.0160 77.2573
1607.2120 78.7889
1641.4080 79.8075
1675.6040 80.0132
