VARIABLES = "Time" "MSD"
ZONE T = "BD 196"
0.0000 0.0000
34.1960 44.3528
68.3920 62.1509
102.5880 70.3366
136.7840 73.7908
170.9800 75.8545
205.1760 76.7505
239.3720 76.3895
273.5680 73.8304
307.7640 75.2553
341.9600 76.9767
376.1560 77.8344
410.3520 78.2684
444.5480 77.6683
478.7440 77.1818
512.9400 76.8726
547.1360 77.1490
581.3320 76.1293
615.5280 75.1026
649.7240 76.0943
683.9200 76.6982
718.1160 75.2857
752.3120 76.4643
786.5080 77.2707
820.7040 77.6891
854.9000 76.5247
889.0960 75.0873
923.2920 75.7018
957.4880 77.0158
991.6840 77.1762
1025.8800 77.0250
1060.0760 75.0331
1094.2720 75.8829
1128.4680 76.6545
1162.6640 76.6467
1196.8600 76.5241
1231.0560 77.3279
1265.2520 78.3272
1299.4480 79.8906
1333.6440 77.8219
1367.8400 78.5767
1402.0360 78.1228
1436.2320 77.5188
1470.4280 77.6388
1504.6240 77.2094
1538.8200 77.7954
1573.0160 77.8486
1607.2120 77.3773
1641.4080 78.1846
1675.6040 78.2018
