VARIABLES = "Time" "MSD"
ZONE T = "BD 192"
0.0000 0.0000
34.1960 44.3017
68.3920 63.4615
102.5880 70.4960
136.7840 74.2220
170.9800 77.0208
205.1760 79.3791
239.3720 78.1654
273.5680 77.3820
307.7640 78.2183
341.9600 78.2514
376.1560 78.6913
410.3520 78.4497
444.5480 77.6647
478.7440 77.4137
512.9400 79.1781
547.1360 79.1189
581.3320 78.6697
615.5280 79.2639
649.7240 78.6949
683.9200 79.7851
718.1160 79.8804
752.3120 80.3662
786.5080 81.8012
820.7040 82.1840
854.9000 80.9850
889.0960 80.2015
923.2920 79.6434
957.4880 79.7839
991.6840 80.2884
1025.8800 82.4405
1060.0760 81.8727
1094.2720 83.8037
1128.4680 84.0118
1162.6640 83.9796
1196.8600 82.6964
1231.0560 82.0318
1265.2520 80.8691
1299.4480 81.2327
1333.6440 82.1175
1367.8400 83.6370
1402.0360 83.7439
1436.2320 82.8539
1470.4280 82.5111
1504.6240 82.8838
1538.8200 83.1386
1573.0160 83.4141
1607.2120 82.5015
1641.4080 82.4274
1675.6040 81.4414
