VARIABLES = "Time" "MSD"
ZONE T = "BD 197"
0.0000 0.0000
34.1960 46.0366
68.3920 62.8250
102.5880 73.2867
136.7840 78.8349
170.9800 80.1672
205.1760 79.4161
239.3720 80.1363
273.5680 81.1678
307.7640 82.3207
341.9600 81.4715
376.1560 82.8345
410.3520 81.6210
444.5480 82.1562
478.7440 83.5170
512.9400 84.5510
547.1360 84.3616
581.3320 84.2845
615.5280 83.7079
649.7240 83.2203
683.9200 83.4682
718.1160 83.6404
752.3120 82.3077
786.5080 81.8043
820.7040 82.7816
854.9000 84.3991
889.0960 84.4742
923.2920 84.2279
957.4880 83.7622
991.6840 83.3900
1025.8800 83.5764
1060.0760 82.2259
1094.2720 82.2766
1128.4680 81.3623
1162.6640 82.2497
1196.8600 83.4280
1231.0560 83.5286
1265.2520 83.8930
1299.4480 82.4738
1333.6440 82.5389
1367.8400 82.5464
1402.0360 83.9332
1436.2320 84.5496
1470.4280 83.9602
1504.6240 83.2341
1538.8200 82.3564
1573.0160 81.8717
1607.2120 82.0963
1641.4080 83.0772
1675.6040 83.7120
