VARIABLES = "Time" "MSD"
ZONE T = "BD 191"
0.0000 0.0000
34.1960 43.5884
68.3920 61.7772
102.5880 71.1444
136.7840 75.6404
170.9800 78.5169
205.1760 79.6268
239.3720 79.5560
273.5680 78.5917
307.7640 77.3010
341.9600 76.0170
376.1560 78.0024
410.3520 77.8929
444.5480 77.9117
478.7440 79.0107
512.9400 78.7435
547.1360 79.4336
581.3320 79.6324
615.5280 81.4195
649.7240 80.2496
683.9200 79.7361
718.1160 79.0317
752.3120 79.5047
786.5080 80.1511
820.7040 79.7931
854.9000 80.8300
889.0960 81.7274
923.2920 82.0071
957.4880 82.7662
991.6840 82.7333
1025.8800 82.3146
1060.0760 82.2758
1094.2720 82.0174
1128.4680 80.9862
1162.6640 81.7975
1196.8600 82.5768
1231.0560 81.8263
1265.2520 83.4414
1299.4480 83.1772
1333.6440 84.5662
1367.8400 85.5969
1402.0360 86.5433
1436.2320 86.5825
1470.4280 86.1327
1504.6240 83.6196
1538.8200 82.7209
1573.0160 82.8759
1607.2120 83.6594
1641.4080 83.3872
1675.6040 83.7559
