VARIABLES = "Time" "MSD"
ZONE T = "BD 194"
0.0000 0.0000
34.1960 46.1508
68.3920 64.9355
102.5880 73.9802
136.7840 78.5791
170.9800 82.0607
205.1760 82.4391
239.3720 81.2779
273.5680 81.3037
307.7640 82.8378
341.9600 81.4987
376.1560 81.4197
410.3520 83.2449
444.5480 82.3232
478.7440 81.4843
512.9400 80.9309
547.1360 79.2564
581.3320 81.1069
615.5280 82.3747
649.7240 83.3025
683.9200 83.5666
718.1160 82.9966
752.3120 82.5442
786.5080 82.4647
820.7040 81.0006
854.9000 79.7381
889.0960 79.8435
923.2920 81.5906
957.4880 81.5344
991.6840 83.2186
1025.8800 83.6869
1060.0760 84.7754
1094.2720 83.5279
1128.4680 82.4783
1162.6640 80.9089
1196.8600 81.1593
1231.0560 81.3875
1265.2520 82.7311
1299.4480 83.6738
1333.6440 84.2599
1367.8400 83.0597
1402.0360 82.2431
1436.2320 82.2476
1470.4280 82.3725
1504.6240 82.0476
1538.8200 81.8533
1573.0160 80.6027
1607.2120 82.4400
1641.4080 82.2648
1675.6040 79.9867
