VARIABLES = "Time" "MSD"
ZONE T = "BD 204"
0.0000 0.0000
34.1960 44.1725
68.3920 62.2979
102.5880 69.3647
136.7840 71.7087
170.9800 73.3761
205.1760 73.5183
239.3720 74.1994
273.5680 74.9149
307.7640 76.6731
341.9600 76.9970
376.1560 77.5778
410.3520 77.2968
444.5480 76.7948
478.7440 76.4595
512.9400 76.0252
547.1360 77.1200
581.3320 75.2529
615.5280 75.0966
649.7240 75.2170
683.9200 75.5233
718.1160 75.4870
752.3120 75.1499
786.5080 75.5690
820.7040 77.1981
854.9000 78.0610
889.0960 76.8277
923.2920 76.5521
957.4880 76.8562
991.6840 77.4865
1025.8800 76.2263
1060.0760 76.2985
1094.2720 76.1534
1128.4680 75.9469
1162.6640 75.3614
1196.8600 75.5303
1231.0560 75.4514
1265.2520 73.1723
1299.4480 74.0075
1333.6440 74.1366
1367.8400 72.7376
1402.0360 72.8382
1436.2320 75.0827
1470.4280 76.1650
1504.6240 76.4999
1538.8200 75.5660
1573.0160 75.1818
1607.2120 75.1132
1641.4080 75.4036
1675.6040 77.0020
