VARIABLES = "Time" "MSD"
ZONE T = "BD 205"
0.0000 0.0000
34.1960 45.4892
68.3920 64.0610
102.5880 72.2039
136.7840 75.6964
170.9800 77.8235
205.1760 78.9288
239.3720 77.8234
273.5680 79.2734
307.7640 79.1055
341.9600 78.5504
376.1560 78.8448
410.3520 80.3567
444.5480 81.6849
478.7440 81.6139
512.9400 82.7208
547.1360 80.1824
581.3320 80.0390
615.5280 80.1301
649.7240 79.6947
683.9200 79.7846
718.1160 79.3153
752.3120 80.3475
786.5080 80.8949
820.7040 81.5892
854.9000 84.2068
889.0960 82.5496
923.2920 81.4616
957.4880 81.2641
991.6840 81.5989
1025.8800 81.6557
1060.0760 83.3612
1094.2720 83.3144
1128.4680 84.0441
1162.6640 84.1209
1196.8600 82.4274
1231.0560 82.8134
1265.2520 82.3528
1299.4480 81.8456
1333.6440 80.0831
1367.8400 80.2167
1402.0360 82.5544
1436.2320 82.3055
1470.4280 81.6194
1504.6240 83.2944
1538.8200 84.7771
1573.0160 84.9516
1607.2120 84.0359
1641.4080 84.3121
1675.6040 83.2540
