VARIABLES = "Time" "MSD"
ZONE T = "BD 207"
0.0000 0.0000
34.1960 46.0904
68.3920 65.1667
102.5880 72.6347
136.7840 76.6236
170.9800 78.3982
205.1760 78.7588
239.3720 79.0986
273.5680 79.1636
307.7640 80.1653
341.9600 80.0385
376.1560 80.5523
410.3520 79.9331
444.5480 79.8187
478.7440 79.3939
512.9400 80.9508
547.1360 81.7479
581.3320 81.8172
615.5280 80.9978
649.7240 80.5644
683.9200 80.5108
718.1160 80.9454
752.3120 81.8480
786.5080 79.9260
820.7040 80.1033
854.9000 80.7728
889.0960 81.5924
923.2920 80.3295
957.4880 80.0461
991.6840 79.8611
1025.8800 80.1233
1060.0760 79.7249
1094.2720 79.6834
1128.4680 80.3765
1162.6640 81.2521
1196.8600 81.4635
1231.0560 81.2350
1265.2520 80.3556
1299.4480 78.5043
1333.6440 78.3765
1367.8400 78.9535
1402.0360 79.2492
1436.2320 80.5417
1470.4280 81.3695
1504.6240 81.1124
1538.8200 81.8168
1573.0160 81.8721
1607.2120 80.0679
1641.4080 80.1470
1675.6040 79.9297
