VARIABLES = "Time" "MSD"
ZONE T = "BD 201"
0.0000 0.0000
34.1960 42.7012
68.3920 57.8817
102.5880 65.2051
136.7840 70.5007
170.9800 72.3633
205.1760 72.8516
239.3720 74.0076
273.5680 73.4225
307.7640 73.1516
341.9600 74.2110
376.1560 73.9232
410.3520 74.7240
444.5480 75.7176
478.7440 75.9712
512.9400 74.5180
547.1360 74.8201
581.3320 75.4130
615.5280 75.4043
649.7240 75.2564
683.9200 75.0518
718.1160 75.8291
752.3120 75.1184
786.5080 74.7133
820.7040 76.3377
854.9000 77.0661
889.0960 76.0576
923.2920 76.1013
957.4880 76.0816
991.6840 77.0901
1025.8800 77.7508
1060.0760 76.5129
1094.2720 77.4368
1128.4680 78.8484
1162.6640 79.8970
1196.8600 81.1499
1231.0560 79.7534
1265.2520 78.1407
1299.4480 79.1035
1333.6440 78.9520
1367.8400 78.9695
1402.0360 79.1819
1436.2320 79.8434
1470.4280 79.1615
1504.6240 79.5478
1538.8200 79.8944
1573.0160 80.0045
1607.2120 79.5615
1641.4080 79.4742
1675.6040 79.8729
