VARIABLES = "Time" "MSD"
ZONE T = "BD 206"
0.0000 0.0000
34.1960 44.4749
68.3920 62.6410
102.5880 71.1998
136.7840 75.4671
170.9800 77.7044
205.1760 77.6475
239.3720 77.5044
273.5680 77.6851
307.7640 78.2053
341.9600 77.3332
376.1560 77.8523
410.3520 78.1447
444.5480 78.7435
478.7440 78.2635
512.9400 78.7576
547.1360 78.7608
581.3320 76.8307
615.5280 76.3738
649.7240 77.6091
683.9200 80.1747
718.1160 79.6796
752.3120 81.0870
786.5080 80.2171
820.7040 78.7888
854.9000 80.2057
889.0960 79.5086
923.2920 79.9794
957.4880 79.6594
991.6840 79.6237
1025.8800 80.0974
1060.0760 80.6621
1094.2720 81.2037
1128.4680 81.6848
1162.6640 81.1417
1196.8600 80.8302
1231.0560 80.7477
1265.2520 79.6960
1299.4480 79.1185
1333.6440 79.5341
1367.8400 80.1699
1402.0360 79.3782
1436.2320 78.4188
1470.4280 79.3800
1504.6240 79.7440
1538.8200 79.6858
1573.0160 80.6044
1607.2120 80.3117
1641.4080 81.9681
1675.6040 81.4691
