VARIABLES = "Time" "MSD"
ZONE T = "BD 216"
0.0000 0.0000
34.1960 43.6381
68.3920 59.5333
102.5880 67.3262
136.7840 70.1266
170.9800 70.6520
205.1760 71.7356
239.3720 72.1605
273.5680 73.0408
307.7640 73.0023
341.9600 72.1601
376.1560 70.6570
410.3520 72.4684
444.5480 72.3725
478.7440 72.1851
512.9400 72.4545
547.1360 73.1571
581.3320 74.9675
615.5280 74.4872
649.7240 74.6200
683.9200 72.7950
718.1160 72.8818
752.3120 72.3751
786.5080 71.2911
820.7040 72.3534
854.9000 72.2780
889.0960 72.3456
923.2920 72.8312
957.4880 72.2979
991.6840 73.1472
1025.8800 73.6418
1060.0760 73.6431
1094.2720 73.4455
1128.4680 73.8238
1162.6640 73.7726
1196.8600 73.3667
1231.0560 72.9625
1265.2520 73.7151
1299.4480 74.4146
1333.6440 73.6364
1367.8400 72.6891
1402.0360 73.5078
1436.2320 72.3177
1470.4280 71.9701
1504.6240 72.4385
1538.8200 72.7214
1573.0160 73.4775
1607.2120 73.9933
1641.4080 73.7700
1675.6040 73.5154
