VARIABLES = "Time" "MSD"
ZONE T = "BD 214"
0.0000 0.0000
34.1960 43.3069
68.3920 60.6445
102.5880 68.1806
136.7840 71.4714
170.9800 73.2359
205.1760 74.8453
239.3720 73.3391
273.5680 74.1689
307.7640 74.5887
341.9600 73.8317
376.1560 73.5822
410.3520 73.6104
444.5480 74.1723
478.7440 75.4440
512.9400 75.9922
547.1360 76.2940
581.3320 76.3274
615.5280 77.6748
649.7240 77.4581
683.9200 76.9528
718.1160 76.2626
752.3120 75.4716
786.5080 74.6680
820.7040 73.4275
854.9000 73.1985
889.0960 73.7196
923.2920 73.4626
957.4880 75.0028
991.6840 75.8756
1025.8800 76.5419
1060.0760 75.5616
1094.2720 75.6295
1128.4680 76.6697
1162.6640 76.0157
1196.8600 74.9682
1231.0560 74.0354
1265.2520 74.6160
1299.4480 74.5422
1333.6440 72.1744
1367.8400 73.0732
1402.0360 74.1018
1436.2320 74.7903
1470.4280 74.8565
1504.6240 73.4032
1538.8200 74.5248
1573.0160 76.2205
1607.2120 75.7583
1641.4080 75.9627
1675.6040 75.9953
