VARIABLES = "Time" "MSD"
ZONE T = "BD 217"
0.0000 0.0000
34.1960 40.1039
68.3920 54.4279
102.5880 61.9328
136.7840 64.6857
170.9800 64.3577
205.1760 64.0709
239.3720 65.6887
273.5680 64.9335
307.7640 65.3115
341.9600 66.2100
376.1560 66.0680
410.3520 66.2069
444.5480 65.5113
478.7440 64.7491
512.9400 64.7988
547.1360 66.2168
581.3320 66.3928
615.5280 67.0003
649.7240 67.6621
683.9200 67.5323
718.1160 67.4954
752.3120 66.7392
786.5080 66.0264
820.7040 67.1577
854.9000 67.3125
889.0960 67.5211
923.2920 68.1153
957.4880 68.1682
991.6840 67.3836
1025.8800 68.7429
1060.0760 69.4180
1094.2720 70.6255
1128.4680 69.9430
1162.6640 68.0818
1196.8600 67.6716
1231.0560 67.1607
1265.2520 68.1104
1299.4480 69.0509
1333.6440 69.5473
1367.8400 69.3215
1402.0360 70.1632
1436.2320 69.5147
1470.4280 69.5906
1504.6240 69.2838
1538.8200 69.6311
1573.0160 70.4817
1607.2120 69.4896
1641.4080 69.6886
1675.6040 69.4673
