VARIABLES = "Time" "MSD"
ZONE T = "BD 218"
0.0000 0.0000
34.1960 38.2277
68.3920 52.4352
102.5880 60.6111
136.7840 63.0841
170.9800 64.5882
205.1760 65.0623
239.3720 65.0891
273.5680 64.8195
307.7640 64.3605
341.9600 63.6979
376.1560 64.1329
410.3520 65.0966
444.5480 64.0178
478.7440 64.4093
512.9400 65.2563
547.1360 65.8439
581.3320 65.9740
615.5280 65.8457
649.7240 66.7920
683.9200 66.4043
718.1160 65.9517
752.3120 66.2753
786.5080 66.4529
820.7040 66.9275
854.9000 66.5312
889.0960 65.9416
923.2920 66.3076
957.4880 66.0851
991.6840 66.2395
1025.8800 67.2895
1060.0760 67.5542
1094.2720 68.4298
1128.4680 68.9483
1162.6640 68.1373
1196.8600 66.7851
1231.0560 66.0810
1265.2520 67.6914
1299.4480 67.8698
1333.6440 67.2248
1367.8400 67.5984
1402.0360 67.7668
1436.2320 67.9013
1470.4280 67.6668
1504.6240 68.4336
1538.8200 68.5085
1573.0160 68.9496
1607.2120 69.6600
1641.4080 70.1731
1675.6040 69.9688
