VARIABLES = "Time" "MSD"
ZONE T = "BD 226"
0.0000 0.0000
34.1960 40.7467
68.3920 55.1242
102.5880 63.3258
136.7840 66.1653
170.9800 65.7711
205.1760 66.6103
239.3720 67.0560
273.5680 67.8204
307.7640 69.1784
341.9600 68.8924
376.1560 68.3977
410.3520 67.2153
444.5480 67.0076
478.7440 68.2061
512.9400 68.1137
547.1360 67.6997
581.3320 66.7452
615.5280 66.6623
649.7240 67.0537
683.9200 67.7368
718.1160 68.6169
752.3120 66.9412
786.5080 66.8277
820.7040 67.1338
854.9000 67.5052
889.0960 66.8270
923.2920 66.7891
957.4880 66.6791
991.6840 68.1735
1025.8800 68.1440
1060.0760 68.6043
1094.2720 67.3010
1128.4680 67.8715
1162.6640 69.3432
1196.8600 69.1075
1231.0560 69.5515
1265.2520 68.4020
1299.4480 68.4671
1333.6440 68.0173
1367.8400 67.8818
1402.0360 68.5756
1436.2320 69.0465
1470.4280 68.2038
1504.6240 68.0480
1538.8200 67.3601
1573.0160 67.2802
1607.2120 69.1763
1641.4080 69.3265
1675.6040 69.6625
