VARIABLES = "Time" "MSD"
ZONE T = "BD 222"
0.0000 0.0000
34.1960 40.1706
68.3920 55.1395
102.5880 61.6474
136.7840 64.4609
170.9800 65.0660
205.1760 64.8122
239.3720 65.6022
273.5680 66.7627
307.7640 65.9232
341.9600 66.6528
376.1560 67.2154
410.3520 66.2799
444.5480 66.0152
478.7440 65.8111
512.9400 65.7386
547.1360 64.7485
581.3320 65.6178
615.5280 66.7100
649.7240 67.6406
683.9200 67.4634
718.1160 67.6710
752.3120 66.7084
786.5080 66.9930
820.7040 68.4907
854.9000 68.2549
889.0960 69.3193
923.2920 68.8402
957.4880 68.5440
991.6840 68.1096
1025.8800 67.8931
1060.0760 67.0905
1094.2720 66.4544
1128.4680 66.5261
1162.6640 67.4757
1196.8600 66.3737
1231.0560 66.1482
1265.2520 66.5561
1299.4480 65.7095
1333.6440 65.8518
1367.8400 65.5686
1402.0360 65.4147
1436.2320 66.0006
1470.4280 66.5424
1504.6240 66.7769
1538.8200 67.6688
1573.0160 68.0083
1607.2120 67.3850
1641.4080 67.3792
1675.6040 66.7892
