VARIABLES = "Time" "MSD"
ZONE T = "BD 225"
0.0000 0.0000
34.1960 41.3020
68.3920 56.8777
102.5880 62.3389
136.7840 64.0729
170.9800 65.3631
205.1760 65.4227
239.3720 65.6218
273.5680 66.5025
307.7640 66.0310
341.9600 64.7776
376.1560 64.6737
410.3520 65.7728
444.5480 66.2118
478.7440 67.1844
512.9400 66.8264
547.1360 67.4453
581.3320 68.4697
615.5280 68.2580
649.7240 66.9981
683.9200 67.5474
718.1160 66.5795
752.3120 66.9362
786.5080 66.7854
820.7040 67.3126
854.9000 66.9245
889.0960 66.4033
923.2920 67.4063
957.4880 68.8637
991.6840 69.2837
1025.8800 68.9642
1060.0760 68.3618
1094.2720 65.6101
1128.4680 66.7149
1162.6640 66.9033
1196.8600 67.3088
1231.0560 67.0100
1265.2520 67.9569
1299.4480 68.2057
1333.6440 67.2434
1367.8400 67.5332
1402.0360 69.0951
1436.2320 68.9991
1470.4280 69.0162
1504.6240 69.8282
1538.8200 68.9150
1573.0160 69.3970
1607.2120 69.5428
1641.4080 70.9372
1675.6040 69.7673
