VARIABLES = "Time" "MSD"
ZONE T = "BD 229"
0.0000 0.0000
34.1960 42.3292
68.3920 57.2882
102.5880 62.9510
136.7840 65.6509
170.9800 67.6663
205.1760 69.2776
239.3720 69.2255
273.5680 69.6512
307.7640 69.8419
341.9600 69.8503
376.1560 69.6189
410.3520 69.8695
444.5480 69.7956
478.7440 69.1749
512.9400 67.1501
547.1360 68.7215
581.3320 68.8694
615.5280 68.1403
649.7240 67.8329
683.9200 69.3493
718.1160 69.8426
752.3120 68.6850
786.5080 69.2049
820.7040 70.1713
854.9000 69.9706
889.0960 68.4615
923.2920 68.1550
957.4880 69.2753
991.6840 69.7206
1025.8800 68.3851
1060.0760 68.6785
1094.2720 70.9792
1128.4680 70.3273
1162.6640 70.8162
1196.8600 70.2131
1231.0560 69.7862
1265.2520 69.4676
1299.4480 69.5610
1333.6440 70.9395
1367.8400 70.1752
1402.0360 68.6726
1436.2320 69.7650
1470.4280 69.5088
1504.6240 68.8734
1538.8200 68.6715
1573.0160 68.7048
1607.2120 68.9237
1641.4080 68.8131
1675.6040 67.7799
