VARIABLES = "Time" "MSD"
ZONE T = "BD 223"
0.0000 0.0000
34.1960 44.2223
68.3920 57.7875
102.5880 64.8954
136.7840 66.8161
170.9800 68.0445
205.1760 68.6814
239.3720 69.2640
273.5680 70.3876
307.7640 71.1482
341.9600 70.0293
376.1560 68.6029
410.3520 69.8990
444.5480 70.1310
478.7440 70.0035
512.9400 68.7199
547.1360 69.8832
581.3320 68.8816
615.5280 70.2415
649.7240 70.3864
683.9200 69.8979
718.1160 69.3453
752.3120 69.5736
786.5080 71.1241
820.7040 69.7139
854.9000 69.0740
889.0960 68.5294
923.2920 68.9875
957.4880 69.2666
991.6840 69.2198
1025.8800 70.0476
1060.0760 69.3939
1094.2720 68.8853
1128.4680 69.3300
1162.6640 70.0543
1196.8600 72.1467
1231.0560 71.0300
1265.2520 71.0313
1299.4480 70.7267
1333.6440 70.6048
1367.8400 69.6231
1402.0360 69.0482
1436.2320 68.7892
1470.4280 70.2201
1504.6240 71.0452
1538.8200 70.8600
1573.0160 70.1932
1607.2120 71.0572
1641.4080 71.0477
1675.6040 71.0710
