VARIABLES = "Time" "MSD"
ZONE T = "BD 239"
0.0000 0.0000
34.1960 40.6960
68.3920 54.2292
102.5880 58.8087
136.7840 59.8093
170.9800 60.9352
205.1760 61.7902
239.3720 61.4080
273.5680 60.8919
307.7640 60.7214
341.9600 60.3888
376.1560 61.3092
410.3520 60.7292
444.5480 61.1687
478.7440 61.9153
512.9400 62.9679
547.1360 62.3890
581.3320 62.5176
615.5280 62.6020
649.7240 62.9994
683.9200 63.6539
718.1160 62.5944
752.3120 60.9628
786.5080 61.5928
820.7040 61.4955
854.9000 61.2878
889.0960 62.3677
923.2920 62.6107
957.4880 63.0612
991.6840 64.5283
1025.8800 63.2774
1060.0760 62.7261
1094.2720 63.0879
1128.4680 63.5024
1162.6640 62.4464
1196.8600 60.1330
1231.0560 61.3182
1265.2520 61.8996
1299.4480 62.7180
1333.6440 62.5305
1367.8400 61.0550
1402.0360 62.6665
1436.2320 61.0911
1470.4280 61.0976
1504.6240 61.3747
1538.8200 64.1431
1573.0160 64.5698
1607.2120 62.9953
1641.4080 62.4024
1675.6040 62.2951
