VARIABLES = "Time" "MSD"
ZONE T = "BD 235"
0.0000 0.0000
34.1960 41.3752
68.3920 54.6760
102.5880 59.4834
136.7840 60.5819
170.9800 61.2592
205.1760 62.1118
239.3720 61.3947
273.5680 62.9695
307.7640 62.6506
341.9600 62.1104
376.1560 61.0238
410.3520 62.1454
444.5480 62.5048
478.7440 63.0328
512.9400 63.4600
547.1360 63.8726
581.3320 63.5501
615.5280 64.3479
649.7240 64.0129
683.9200 63.8012
718.1160 64.1000
752.3120 61.7982
786.5080 63.4848
820.7040 63.5734
854.9000 63.3884
889.0960 62.5567
923.2920 63.4917
957.4880 63.6840
991.6840 63.8438
1025.8800 64.2212
1060.0760 63.5672
1094.2720 62.9046
1128.4680 63.1929
1162.6640 62.5285
1196.8600 63.3289
1231.0560 63.3207
1265.2520 64.0765
1299.4480 63.9991
1333.6440 62.9678
1367.8400 63.3285
1402.0360 64.4180
1436.2320 65.0374
1470.4280 64.0053
1504.6240 65.3473
1538.8200 64.2867
1573.0160 64.3450
1607.2120 63.6132
1641.4080 64.1751
1675.6040 65.6669
