VARIABLES = "Time" "MSD"
ZONE T = "BD 237"
0.0000 0.0000
34.1960 40.4840
68.3920 53.9054
102.5880 58.8565
136.7840 59.3680
170.9800 59.7107
205.1760 61.5756
239.3720 62.7052
273.5680 62.2040
307.7640 61.7690
341.9600 61.8273
376.1560 61.3785
410.3520 62.2800
444.5480 61.0672
478.7440 61.1687
512.9400 62.0259
547.1360 62.9115
581.3320 61.9474
615.5280 62.9466
649.7240 62.8712
683.9200 63.0261
718.1160 63.5020
752.3120 62.0625
786.5080 62.0935
820.7040 63.1243
854.9000 64.1067
889.0960 62.1476
923.2920 63.1473
957.4880 64.3321
991.6840 64.0338
1025.8800 63.6845
1060.0760 64.2179
1094.2720 64.6705
1128.4680 64.2692
1162.6640 64.4298
1196.8600 63.2968
1231.0560 62.5996
1265.2520 62.3585
1299.4480 63.3153
1333.6440 63.4548
1367.8400 63.0355
1402.0360 64.2176
1436.2320 64.2553
1470.4280 65.0319
1504.6240 65.5042
1538.8200 65.7932
1573.0160 64.9483
1607.2120 64.3862
1641.4080 63.5033
1675.6040 62.8867
