VARIABLES = "Time" "MSD"
ZONE T = "BD 246"
0.0000 0.0000
34.1960 36.9390
68.3920 49.3504
102.5880 52.5861
136.7840 53.7313
170.9800 54.8854
205.1760 54.2476
239.3720 54.6452
273.5680 54.3344
307.7640 54.8011
341.9600 55.3538
376.1560 55.9211
410.3520 56.2879
444.5480 55.6646
478.7440 55.3502
512.9400 55.4093
547.1360 56.5410
581.3320 56.7915
615.5280 55.6593
649.7240 55.1126
683.9200 54.5557
718.1160 55.7081
752.3120 55.4745
786.5080 56.8210
820.7040 57.6259
854.9000 57.9026
889.0960 57.8114
923.2920 58.1262
957.4880 57.2808
991.6840 57.2414
1025.8800 57.6721
1060.0760 57.9018
1094.2720 57.8589
1128.4680 57.9423
1162.6640 58.2020
1196.8600 58.6421
1231.0560 58.3432
1265.2520 58.4623
1299.4480 58.6362
1333.6440 58.7152
1367.8400 58.9130
1402.0360 58.8506
1436.2320 58.4842
1470.4280 59.6758
1504.6240 59.6667
1538.8200 59.0929
1573.0160 59.8234
1607.2120 60.1816
1641.4080 58.5216
1675.6040 58.1153
