VARIABLES = "Time" "MSD"
ZONE T = "BD 241"
0.0000 0.0000
34.1960 39.5963
68.3920 51.1430
102.5880 56.1520
136.7840 57.7658
170.9800 59.0028
205.1760 59.3439
239.3720 59.7304
273.5680 59.1884
307.7640 59.3390
341.9600 59.4399
376.1560 58.5710
410.3520 59.1251
444.5480 59.3913
478.7440 58.6268
512.9400 59.0535
547.1360 59.7897
581.3320 60.5492
615.5280 60.5938
649.7240 59.7806
683.9200 59.9207
718.1160 60.0450
752.3120 59.7890
786.5080 60.4357
820.7040 59.9441
854.9000 59.7339
889.0960 58.9467
923.2920 59.4752
957.4880 60.9603
991.6840 60.0844
1025.8800 59.9423
1060.0760 59.0995
1094.2720 59.1257
1128.4680 59.1314
1162.6640 60.7823
1196.8600 59.8797
1231.0560 60.1330
1265.2520 59.9741
1299.4480 60.4779
1333.6440 60.9124
1367.8400 59.7693
1402.0360 60.0265
1436.2320 59.9998
1470.4280 60.0036
1504.6240 59.8083
1538.8200 60.5558
1573.0160 60.1787
1607.2120 60.1318
1641.4080 61.2141
1675.6040 60.9866
