VARIABLES = "Time" "MSD"
ZONE T = "BD 244"
0.0000 0.0000
34.1960 39.9303
68.3920 51.7871
102.5880 56.7102
136.7840 57.6061
170.9800 57.9918
205.1760 59.3152
239.3720 59.6755
273.5680 60.8830
307.7640 62.1864
341.9600 61.4857
376.1560 61.5482
410.3520 60.7355
444.5480 61.0082
478.7440 61.3662
512.9400 61.6877
547.1360 61.2836
581.3320 61.7239
615.5280 61.5597
649.7240 63.0500
683.9200 62.9679
718.1160 62.3149
752.3120 63.1306
786.5080 62.9414
820.7040 62.0577
854.9000 61.3117
889.0960 61.1932
923.2920 61.0944
957.4880 61.9745
991.6840 62.3023
1025.8800 62.6556
1060.0760 62.3874
1094.2720 61.1365
1128.4680 62.3741
1162.6640 61.8471
1196.8600 61.7499
1231.0560 62.0268
1265.2520 61.9130
1299.4480 61.1660
1333.6440 61.3148
1367.8400 61.7780
1402.0360 60.9580
1436.2320 61.7911
1470.4280 60.7158
1504.6240 61.4063
1538.8200 61.9370
1573.0160 61.2814
1607.2120 60.4823
1641.4080 60.9200
1675.6040 62.1584
