VARIABLES = "Time" "MSD"
ZONE T = "BD 245"
0.0000 0.0000
34.1960 36.3906
68.3920 44.5718
102.5880 47.8876
136.7840 49.2763
170.9800 50.1589
205.1760 51.7326
239.3720 51.7367
273.5680 52.7134
307.7640 52.8212
341.9600 52.9770
376.1560 52.3788
410.3520 53.4919
444.5480 54.4964
478.7440 54.4581
512.9400 54.0224
547.1360 54.5150
581.3320 53.6420
615.5280 53.5205
649.7240 53.5581
683.9200 54.5492
718.1160 53.2321
752.3120 52.7637
786.5080 53.3413
820.7040 54.4519
854.9000 53.9803
889.0960 54.6436
923.2920 54.8332
957.4880 53.9868
991.6840 53.6613
1025.8800 53.3256
1060.0760 53.6500
1094.2720 54.2249
1128.4680 55.0307
1162.6640 55.2645
1196.8600 55.4591
1231.0560 54.3752
1265.2520 53.5641
1299.4480 55.2264
1333.6440 55.3678
1367.8400 54.7356
1402.0360 54.2452
1436.2320 54.5042
1470.4280 54.8180
1504.6240 55.7854
1538.8200 55.8874
1573.0160 56.3563
1607.2120 55.6849
1641.4080 55.4701
1675.6040 55.1620
