VARIABLES = "Time" "MSD"
ZONE T = "BD 257"
0.0000 0.0000
34.1960 35.7627
68.3920 45.6523
102.5880 48.2029
136.7840 50.4058
170.9800 51.3698
205.1760 51.5767
239.3720 51.4021
273.5680 53.2695
307.7640 51.9722
341.9600 51.1767
376.1560 51.9967
410.3520 52.6378
444.5480 52.9625
478.7440 52.8799
512.9400 52.5164
547.1360 52.1615
581.3320 51.2397
615.5280 51.9226
649.7240 51.9007
683.9200 50.9053
718.1160 52.9564
752.3120 53.0109
786.5080 52.9396
820.7040 52.8714
854.9000 52.9058
889.0960 52.6153
923.2920 51.9291
957.4880 53.5093
991.6840 52.4681
1025.8800 52.9672
1060.0760 53.4372
1094.2720 53.5618
1128.4680 53.1852
1162.6640 53.3814
1196.8600 52.7641
1231.0560 52.9119
1265.2520 53.8065
1299.4480 53.2374
1333.6440 53.6143
1367.8400 54.3489
1402.0360 53.9631
1436.2320 53.9586
1470.4280 52.7756
1504.6240 52.6984
1538.8200 54.1361
1573.0160 52.8391
1607.2120 52.7932
1641.4080 52.4375
1675.6040 52.9209
