VARIABLES = "Time" "MSD"
ZONE T = "BD 258"
0.0000 0.0000
34.1960 40.0666
68.3920 52.6330
102.5880 55.4202
136.7840 56.8276
170.9800 57.7386
205.1760 57.4053
239.3720 57.8299
273.5680 57.2390
307.7640 57.0968
341.9600 57.6089
376.1560 57.1072
410.3520 57.6684
444.5480 59.2139
478.7440 58.0990
512.9400 58.6380
547.1360 59.6147
581.3320 59.7019
615.5280 58.7747
649.7240 57.7316
683.9200 57.6992
718.1160 58.3497
752.3120 57.7808
786.5080 58.9550
820.7040 58.8641
854.9000 58.2028
889.0960 58.3113
923.2920 58.6617
957.4880 58.6629
991.6840 58.4015
1025.8800 59.8480
1060.0760 59.4317
1094.2720 59.1413
1128.4680 58.5060
1162.6640 59.4822
1196.8600 59.2883
1231.0560 58.4311
1265.2520 58.2391
1299.4480 58.4284
1333.6440 59.2438
1367.8400 59.0953
1402.0360 59.7114
1436.2320 58.5446
1470.4280 58.6513
1504.6240 59.2484
1538.8200 59.9390
1573.0160 60.3235
1607.2120 59.9751
1641.4080 60.0017
1675.6040 58.6986
