VARIABLES = "Time" "MSD"
ZONE T = "BD 25"
0.0000 0.0000
34.1960 74.5737
68.3920 148.9150
102.5880 222.0502
136.7840 293.0015
170.9800 367.5555
205.1760 441.2743
239.3720 514.9771
273.5680 590.1414
307.7640 667.1613
341.9600 741.3280
376.1560 817.0936
410.3520 894.2396
444.5480 972.5063
478.7440 1048.5088
512.9400 1125.2414
547.1360 1200.5673
581.3320 1273.6087
615.5280 1346.1054
649.7240 1418.5757
683.9200 1491.4181
718.1160 1563.6639
752.3120 1634.0212
786.5080 1702.5537
820.7040 1771.6685
854.9000 1840.2789
889.0960 1908.6225
923.2920 1976.9826
957.4880 2040.4995
991.6840 2100.0453
1025.8800 2158.1606
1060.0760 2214.9059
1094.2720 2272.3694
1128.4680 2330.6109
1162.6640 2386.9297
1196.8600 2442.8408
1231.0560 2496.0937
1265.2520 2551.4892
1299.4480 2609.1596
1333.6440 2666.3010
1367.8400 2725.0990
1402.0360 2785.3147
1436.2320 2844.9325
1470.4280 2905.5864
1504.6240 2966.0260
1538.8200 3028.4029
1573.0160 3088.4031
1607.2120 3146.2701
1641.4080 3207.4195
1675.6040 3267.9844
