VARIABLES = "Time" "MSD"
ZONE T = "BD 264"
0.0000 0.0000
34.1960 39.8164
68.3920 52.1422
102.5880 56.1154
136.7840 56.7557
170.9800 56.7874
205.1760 56.9372
239.3720 57.1218
273.5680 57.7439
307.7640 57.1064
341.9600 57.4355
376.1560 59.1975
410.3520 59.0048
444.5480 59.7165
478.7440 60.1288
512.9400 60.0398
547.1360 58.1761
581.3320 57.7399
615.5280 58.1979
649.7240 59.0993
683.9200 58.1993
718.1160 58.4166
752.3120 58.9284
786.5080 58.0127
820.7040 57.2905
854.9000 58.3030
889.0960 58.6445
923.2920 58.1462
957.4880 58.7222
991.6840 58.5452
1025.8800 57.1802
1060.0760 58.6571
1094.2720 59.5805
1128.4680 59.3734
1162.6640 58.4065
1196.8600 59.9752
1231.0560 60.5835
1265.2520 60.0865
1299.4480 60.0409
1333.6440 58.8663
1367.8400 58.2801
1402.0360 57.7172
1436.2320 58.7302
1470.4280 59.1167
1504.6240 59.8874
1538.8200 60.3225
1573.0160 60.6675
1607.2120 59.5515
1641.4080 58.9543
1675.6040 59.4831
