VARIABLES = "Time" "MSD"
ZONE T = "BD 265"
0.0000 0.0000
34.1960 35.9465
68.3920 46.5807
102.5880 50.6974
136.7840 50.5465
170.9800 51.3054
205.1760 51.1173
239.3720 53.0133
273.5680 53.6459
307.7640 53.5855
341.9600 52.5895
376.1560 52.5935
410.3520 53.5601
444.5480 54.6117
478.7440 54.5839
512.9400 54.5917
547.1360 53.1199
581.3320 54.0496
615.5280 54.5936
649.7240 54.6957
683.9200 53.4784
718.1160 53.7848
752.3120 54.3325
786.5080 53.6996
820.7040 52.5615
854.9000 52.7651
889.0960 53.6302
923.2920 54.5037
957.4880 55.0332
991.6840 53.8932
1025.8800 53.7996
1060.0760 54.2639
1094.2720 54.0693
1128.4680 52.9529
1162.6640 52.6545
1196.8600 53.0773
1231.0560 53.8865
1265.2520 53.5992
1299.4480 54.0475
1333.6440 54.5926
1367.8400 54.9122
1402.0360 53.8913
1436.2320 53.9121
1470.4280 54.1794
1504.6240 55.9086
1538.8200 56.0351
1573.0160 54.7041
1607.2120 53.8249
1641.4080 53.7529
1675.6040 53.4174
