VARIABLES = "Time" "MSD"
ZONE T = "BD 278"
0.0000 0.0000
34.1960 36.2303
68.3920 44.4754
102.5880 46.1050
136.7840 46.9282
170.9800 47.2593
205.1760 48.2372
239.3720 47.2097
273.5680 47.4093
307.7640 47.2201
341.9600 48.0779
376.1560 47.5013
410.3520 48.9905
444.5480 48.0254
478.7440 47.3863
512.9400 47.2722
547.1360 47.4355
581.3320 47.2305
615.5280 47.5296
649.7240 47.7680
683.9200 47.7830
718.1160 48.1305
752.3120 48.6836
786.5080 48.9653
820.7040 48.5193
854.9000 49.0228
889.0960 47.8912
923.2920 48.0405
957.4880 49.1542
991.6840 47.5550
1025.8800 48.9726
1060.0760 48.8685
1094.2720 48.8401
1128.4680 48.3580
1162.6640 48.6280
1196.8600 48.6114
1231.0560 49.7553
1265.2520 49.0478
1299.4480 48.9863
1333.6440 49.0675
1367.8400 47.7756
1402.0360 48.7480
1436.2320 48.0748
1470.4280 48.6479
1504.6240 48.5186
1538.8200 49.0606
1573.0160 48.8020
1607.2120 48.4751
1641.4080 48.1456
1675.6040 48.3401
