VARIABLES = "Time" "MSD"
ZONE T = "BD 287"
0.0000 0.0000
34.1960 35.1855
68.3920 43.8876
102.5880 46.6911
136.7840 46.5778
170.9800 46.3390
205.1760 46.6236
239.3720 47.1672
273.5680 47.3991
307.7640 48.3943
341.9600 47.4127
376.1560 47.0958
410.3520 46.6640
444.5480 46.9346
478.7440 47.4680
512.9400 48.0718
547.1360 48.4562
581.3320 48.7439
615.5280 47.6585
649.7240 47.5431
683.9200 47.9578
718.1160 48.1771
752.3120 48.7704
786.5080 48.7735
820.7040 48.5305
854.9000 48.5596
889.0960 48.7378
923.2920 48.3644
957.4880 48.3653
991.6840 49.8920
1025.8800 49.8276
1060.0760 48.8439
1094.2720 48.3219
1128.4680 46.6647
1162.6640 46.7158
1196.8600 46.9021
1231.0560 48.6530
1265.2520 49.5774
1299.4480 49.4469
1333.6440 48.7650
1367.8400 48.6842
1402.0360 48.4387
1436.2320 47.7332
1470.4280 48.2894
1504.6240 48.3051
1538.8200 47.5809
1573.0160 46.9940
1607.2120 46.6642
1641.4080 47.6494
1675.6040 48.9709
