VARIABLES = "Time" "MSD"
ZONE T = "BD 288"
0.0000 0.0000
34.1960 35.0047
68.3920 43.3494
102.5880 46.9485
136.7840 47.7378
170.9800 47.1420
205.1760 47.6533
239.3720 47.8315
273.5680 48.0000
307.7640 48.1824
341.9600 48.2910
376.1560 48.2702
410.3520 47.1029
444.5480 47.3181
478.7440 47.6111
512.9400 46.9570
547.1360 47.7198
581.3320 48.5450
615.5280 48.4059
649.7240 48.1121
683.9200 49.6460
718.1160 49.2657
752.3120 48.6348
786.5080 48.4183
820.7040 49.5405
854.9000 49.0743
889.0960 47.5320
923.2920 47.1079
957.4880 47.7643
991.6840 47.7036
1025.8800 48.4402
1060.0760 48.9285
1094.2720 49.9132
1128.4680 49.6855
1162.6640 49.2719
1196.8600 49.3071
1231.0560 49.1246
1265.2520 48.4369
1299.4480 49.0804
1333.6440 49.5041
1367.8400 48.7632
1402.0360 47.8671
1436.2320 47.9388
1470.4280 48.0462
1504.6240 48.8510
1538.8200 49.9306
1573.0160 49.5694
1607.2120 49.1634
1641.4080 48.3605
1675.6040 49.6636
