VARIABLES = "Time" "MSD"
ZONE T = "BD 283"
0.0000 0.0000
34.1960 34.9106
68.3920 44.1407
102.5880 47.8979
136.7840 49.0126
170.9800 48.9461
205.1760 48.9792
239.3720 47.7924
273.5680 48.0097
307.7640 47.7865
341.9600 48.0708
376.1560 48.4664
410.3520 47.5765
444.5480 48.9376
478.7440 48.0568
512.9400 48.3760
547.1360 48.5455
581.3320 49.2196
615.5280 49.8690
649.7240 48.4648
683.9200 49.1785
718.1160 48.5102
752.3120 48.5260
786.5080 49.4222
820.7040 49.2504
854.9000 49.3839
889.0960 49.0252
923.2920 49.2490
957.4880 48.3765
991.6840 47.7702
1025.8800 48.2782
1060.0760 48.8049
1094.2720 48.9689
1128.4680 49.2755
1162.6640 49.8425
1196.8600 48.0353
1231.0560 48.8143
1265.2520 48.3152
1299.4480 48.3611
1333.6440 48.9501
1367.8400 48.4006
1402.0360 48.8313
1436.2320 49.2010
1470.4280 49.7112
1504.6240 50.3533
1538.8200 49.9664
1573.0160 49.9624
1607.2120 48.9242
1641.4080 49.4353
1675.6040 49.7934
