VARIABLES = "Time" "MSD"
ZONE T = "BD 282"
0.0000 0.0000
34.1960 35.6082
68.3920 44.6275
102.5880 48.7694
136.7840 49.3153
170.9800 49.1845
205.1760 49.4782
239.3720 49.3426
273.5680 49.9580
307.7640 49.9320
341.9600 49.1035
376.1560 49.2820
410.3520 49.5137
444.5480 50.0022
478.7440 49.1051
512.9400 49.6001
547.1360 49.1024
581.3320 49.7750
615.5280 50.8640
649.7240 51.7733
683.9200 51.5463
718.1160 50.8753
752.3120 50.5417
786.5080 51.5431
820.7040 51.8514
854.9000 50.9010
889.0960 50.3522
923.2920 50.3329
957.4880 50.9656
991.6840 51.7669
1025.8800 51.2686
1060.0760 52.0108
1094.2720 51.0423
1128.4680 50.6898
1162.6640 50.3731
1196.8600 49.1087
1231.0560 50.5940
1265.2520 49.9842
1299.4480 49.5932
1333.6440 49.9295
1367.8400 50.3226
1402.0360 50.5302
1436.2320 51.2349
1470.4280 52.2247
1504.6240 51.7088
1538.8200 51.2539
1573.0160 50.6180
1607.2120 51.4790
1641.4080 50.9607
1675.6040 51.2422
