VARIABLES = "Time" "MSD"
ZONE T = "BD 297"
0.0000 0.0000
34.1960 32.6203
68.3920 40.6487
102.5880 42.1912
136.7840 42.2893
170.9800 42.5929
205.1760 42.5493
239.3720 41.6486
273.5680 42.7148
307.7640 42.6945
341.9600 43.7174
376.1560 43.9413
410.3520 43.7354
444.5480 44.1581
478.7440 44.2488
512.9400 44.2910
547.1360 44.0320
581.3320 44.0161
615.5280 42.9276
649.7240 44.1256
683.9200 44.2036
718.1160 45.1571
752.3120 44.5114
786.5080 44.9443
820.7040 44.3979
854.9000 44.6858
889.0960 45.5821
923.2920 44.0608
957.4880 44.2414
991.6840 44.3049
1025.8800 44.0531
1060.0760 45.0157
1094.2720 45.0921
1128.4680 45.2803
1162.6640 45.3741
1196.8600 45.4144
1231.0560 44.5005
1265.2520 45.2243
1299.4480 44.8908
1333.6440 45.2068
1367.8400 45.3248
1402.0360 45.4223
1436.2320 44.7999
1470.4280 43.8784
1504.6240 45.1101
1538.8200 45.2767
1573.0160 44.5964
1607.2120 45.7158
1641.4080 46.3055
1675.6040 45.7862
