VARIABLES = "Time" "MSD"
ZONE T = "BD 290"
0.0000 0.0000
34.1960 33.7979
68.3920 40.1903
102.5880 42.5163
136.7840 43.5397
170.9800 44.0667
205.1760 44.3351
239.3720 45.3295
273.5680 45.1975
307.7640 44.5448
341.9600 43.6912
376.1560 44.2199
410.3520 43.9245
444.5480 44.1085
478.7440 44.3668
512.9400 44.1440
547.1360 43.8075
581.3320 44.5119
615.5280 44.8367
649.7240 44.3443
683.9200 45.0243
718.1160 46.3317
752.3120 46.4184
786.5080 45.2764
820.7040 45.9636
854.9000 45.9115
889.0960 45.8315
923.2920 46.1349
957.4880 45.4031
991.6840 45.3331
1025.8800 45.9448
1060.0760 46.7566
1094.2720 46.2295
1128.4680 46.3479
1162.6640 45.9546
1196.8600 45.4449
1231.0560 45.7580
1265.2520 46.4729
1299.4480 46.4534
1333.6440 45.8358
1367.8400 46.6667
1402.0360 46.5300
1436.2320 46.7547
1470.4280 46.6409
1504.6240 45.6672
1538.8200 46.3674
1573.0160 45.9661
1607.2120 46.7802
1641.4080 46.1890
1675.6040 46.8417
