VARIABLES = "Time" "MSD"
ZONE T = "BD 296"
0.0000 0.0000
34.1960 33.4608
68.3920 40.3374
102.5880 41.9237
136.7840 43.0802
170.9800 42.8775
205.1760 43.7411
239.3720 44.0435
273.5680 44.3551
307.7640 44.0068
341.9600 44.5094
376.1560 44.0263
410.3520 44.0652
444.5480 44.2184
478.7440 45.2500
512.9400 45.5984
547.1360 45.1339
581.3320 45.2055
615.5280 44.8433
649.7240 45.0979
683.9200 45.4626
718.1160 45.6274
752.3120 45.7451
786.5080 44.9621
820.7040 45.5475
854.9000 45.5675
889.0960 44.8678
923.2920 45.5892
957.4880 44.5678
991.6840 44.5598
1025.8800 44.3329
1060.0760 44.5765
1094.2720 45.3328
1128.4680 45.5900
1162.6640 45.6436
1196.8600 46.0470
1231.0560 45.9384
1265.2520 45.9593
1299.4480 45.0600
1333.6440 45.9851
1367.8400 46.6781
1402.0360 45.6023
1436.2320 45.5967
1470.4280 44.5696
1504.6240 45.7016
1538.8200 45.0374
1573.0160 44.8708
1607.2120 44.8801
1641.4080 45.2680
1675.6040 44.5574
