VARIABLES = "Time" "MSD"
ZONE T = "BD 291"
0.0000 0.0000
34.1960 32.9536
68.3920 39.4541
102.5880 41.5452
136.7840 43.3039
170.9800 43.5696
205.1760 43.9106
239.3720 44.1462
273.5680 44.0806
307.7640 44.2230
341.9600 44.5540
376.1560 43.9918
410.3520 44.2266
444.5480 43.6762
478.7440 44.7043
512.9400 44.2730
547.1360 43.1492
581.3320 44.4373
615.5280 44.2636
649.7240 43.7353
683.9200 43.9203
718.1160 43.9849
752.3120 44.9814
786.5080 44.5739
820.7040 45.8091
854.9000 46.1347
889.0960 45.8007
923.2920 45.4529
957.4880 45.2588
991.6840 45.0363
1025.8800 45.1024
1060.0760 44.9551
1094.2720 45.0421
1128.4680 45.3501
1162.6640 45.9344
1196.8600 45.6312
1231.0560 45.9927
1265.2520 45.5705
1299.4480 46.2969
1333.6440 46.0441
1367.8400 45.6392
1402.0360 46.9418
1436.2320 46.1978
1470.4280 45.5637
1504.6240 46.3254
1538.8200 47.6699
1573.0160 47.6364
1607.2120 48.1359
1641.4080 45.9307
1675.6040 47.7469
