VARIABLES = "Time" "MSD"
ZONE T = "BD 298"
0.0000 0.0000
34.1960 33.0357
68.3920 39.8235
102.5880 42.0811
136.7840 42.7974
170.9800 42.8984
205.1760 43.4760
239.3720 43.6621
273.5680 43.8972
307.7640 43.4172
341.9600 44.8590
376.1560 45.4933
410.3520 44.3025
444.5480 44.4611
478.7440 44.5606
512.9400 44.7738
547.1360 44.6475
581.3320 45.7807
615.5280 45.6214
649.7240 46.3618
683.9200 46.1528
718.1160 45.9822
752.3120 45.4630
786.5080 45.9719
820.7040 45.4083
854.9000 44.3732
889.0960 45.7343
923.2920 46.5012
957.4880 45.7665
991.6840 46.6796
1025.8800 45.7548
1060.0760 46.3868
1094.2720 45.3422
1128.4680 46.0194
1162.6640 45.6082
1196.8600 45.7132
1231.0560 46.2089
1265.2520 45.8366
1299.4480 45.7631
1333.6440 45.5963
1367.8400 45.8177
1402.0360 46.1411
1436.2320 46.2371
1470.4280 46.4980
1504.6240 46.8385
1538.8200 47.4488
1573.0160 47.5683
1607.2120 46.5741
1641.4080 46.5853
1675.6040 45.1334
