VARIABLES = "Time" "MSD"
ZONE T = "BD 30"
0.0000 0.0000
34.1960 72.9188
68.3920 144.0424
102.5880 216.6413
136.7840 285.7139
170.9800 353.0785
205.1760 424.3927
239.3720 494.1292
273.5680 562.9657
307.7640 635.0809
341.9600 706.4200
376.1560 777.7659
410.3520 844.7409
444.5480 910.0550
478.7440 975.7218
512.9400 1041.0373
547.1360 1107.4082
581.3320 1174.8321
615.5280 1244.3912
649.7240 1311.3486
683.9200 1376.3064
718.1160 1437.7034
752.3120 1498.1606
786.5080 1555.8129
820.7040 1614.1437
854.9000 1675.0980
889.0960 1737.3400
923.2920 1797.0399
957.4880 1858.0925
991.6840 1917.5704
1025.8800 1974.2202
1060.0760 2027.1437
1094.2720 2079.5649
1128.4680 2133.4168
1162.6640 2185.3743
1196.8600 2237.8495
1231.0560 2289.4755
1265.2520 2340.7041
1299.4480 2392.7100
1333.6440 2443.9291
1367.8400 2496.4111
1402.0360 2550.6301
1436.2320 2605.6922
1470.4280 2662.5410
1504.6240 2721.5489
1538.8200 2781.2940
1573.0160 2842.8275
1607.2120 2906.3568
1641.4080 2969.4342
1675.6040 3032.7571
