VARIABLES = "Time" "MSD"
ZONE T = "BD 306"
0.0000 0.0000
34.1960 34.1006
68.3920 41.7057
102.5880 44.3269
136.7840 44.9913
170.9800 45.3966
205.1760 46.0859
239.3720 46.9468
273.5680 45.6531
307.7640 45.1967
341.9600 44.2560
376.1560 45.3835
410.3520 46.2388
444.5480 46.1508
478.7440 46.6572
512.9400 46.6252
547.1360 46.7845
581.3320 45.9219
615.5280 46.0159
649.7240 45.9782
683.9200 45.8948
718.1160 45.8676
752.3120 46.1669
786.5080 46.1340
820.7040 45.9343
854.9000 46.2961
889.0960 46.2272
923.2920 45.9671
957.4880 46.8871
991.6840 46.6367
1025.8800 47.7272
1060.0760 46.4577
1094.2720 46.6386
1128.4680 46.8134
1162.6640 46.7716
1196.8600 47.4321
1231.0560 47.3802
1265.2520 47.0068
1299.4480 47.7697
1333.6440 47.4251
1367.8400 46.2637
1402.0360 46.5239
1436.2320 47.6182
1470.4280 48.0937
1504.6240 47.6760
1538.8200 47.6451
1573.0160 46.6959
1607.2120 47.5260
1641.4080 47.9901
1675.6040 47.7417
