VARIABLES = "Time" "MSD"
ZONE T = "BD 309"
0.0000 0.0000
34.1960 30.2716
68.3920 36.0096
102.5880 38.3485
136.7840 38.7090
170.9800 38.9683
205.1760 39.5137
239.3720 39.4641
273.5680 40.7210
307.7640 40.3017
341.9600 39.4384
376.1560 39.8472
410.3520 40.0337
444.5480 40.3072
478.7440 40.3872
512.9400 40.1984
547.1360 39.8826
581.3320 40.6199
615.5280 40.7609
649.7240 40.3654
683.9200 40.6567
718.1160 39.6846
752.3120 40.6996
786.5080 40.0664
820.7040 40.6843
854.9000 40.6742
889.0960 40.9982
923.2920 40.8631
957.4880 40.9773
991.6840 41.1910
1025.8800 41.8249
1060.0760 41.7467
1094.2720 41.6786
1128.4680 41.6527
1162.6640 41.2384
1196.8600 40.9466
1231.0560 40.8380
1265.2520 40.5357
1299.4480 41.0119
1333.6440 39.9256
1367.8400 40.3511
1402.0360 40.7215
1436.2320 40.7961
1470.4280 41.0158
1504.6240 41.3932
1538.8200 40.9971
1573.0160 40.1628
1607.2120 40.4352
1641.4080 41.2945
1675.6040 41.4801
