VARIABLES = "Time" "MSD"
ZONE T = "BD 302"
0.0000 0.0000
34.1960 33.8605
68.3920 40.8959
102.5880 42.6264
136.7840 43.2378
170.9800 43.2006
205.1760 42.8773
239.3720 43.9271
273.5680 44.0012
307.7640 43.4671
341.9600 43.7159
376.1560 44.7973
410.3520 43.5917
444.5480 43.8786
478.7440 44.5158
512.9400 44.4103
547.1360 44.9553
581.3320 44.2487
615.5280 44.2717
649.7240 43.9963
683.9200 44.3466
718.1160 45.1704
752.3120 46.0987
786.5080 44.8008
820.7040 44.9353
854.9000 45.1047
889.0960 45.5534
923.2920 44.5148
957.4880 45.6292
991.6840 45.6083
1025.8800 45.2828
1060.0760 46.5092
1094.2720 45.3243
1128.4680 45.3207
1162.6640 44.9620
1196.8600 45.6314
1231.0560 45.6528
1265.2520 46.0194
1299.4480 45.9408
1333.6440 45.6040
1367.8400 45.9396
1402.0360 45.7846
1436.2320 45.9646
1470.4280 46.2504
1504.6240 45.6343
1538.8200 46.9407
1573.0160 46.6084
1607.2120 45.9681
1641.4080 45.9917
1675.6040 45.2508
