VARIABLES = "Time" "MSD"
ZONE T = "BD 304"
0.0000 0.0000
34.1960 32.6716
68.3920 40.8391
102.5880 41.7518
136.7840 42.9636
170.9800 42.8027
205.1760 41.9334
239.3720 42.1084
273.5680 41.9306
307.7640 42.7000
341.9600 43.1395
376.1560 43.6372
410.3520 43.4561
444.5480 42.4274
478.7440 43.0253
512.9400 42.7829
547.1360 43.0063
581.3320 43.5722
615.5280 44.4102
649.7240 42.8809
683.9200 43.3087
718.1160 43.6431
752.3120 43.0629
786.5080 42.0094
820.7040 43.0930
854.9000 43.9654
889.0960 44.3105
923.2920 44.2595
957.4880 43.7217
991.6840 43.1745
1025.8800 43.2892
1060.0760 42.5113
1094.2720 43.4225
1128.4680 44.4288
1162.6640 44.1588
1196.8600 44.1721
1231.0560 44.3787
1265.2520 44.1383
1299.4480 43.7901
1333.6440 44.0275
1367.8400 44.9720
1402.0360 43.9773
1436.2320 44.2602
1470.4280 43.7177
1504.6240 44.5882
1538.8200 44.7324
1573.0160 44.1563
1607.2120 43.0851
1641.4080 44.4792
1675.6040 43.9880
