VARIABLES = "Time" "MSD"
ZONE T = "BD 317"
0.0000 0.0000
34.1960 34.7951
68.3920 42.3413
102.5880 45.4693
136.7840 46.2508
170.9800 46.5975
205.1760 45.9779
239.3720 45.7282
273.5680 45.8532
307.7640 46.0258
341.9600 45.3514
376.1560 46.9549
410.3520 45.9196
444.5480 45.9383
478.7440 45.9210
512.9400 46.2693
547.1360 45.8711
581.3320 45.9725
615.5280 46.0601
649.7240 46.7727
683.9200 47.0412
718.1160 46.7020
752.3120 48.0232
786.5080 47.9728
820.7040 48.4170
854.9000 47.5022
889.0960 46.5878
923.2920 46.4862
957.4880 47.2240
991.6840 46.0297
1025.8800 45.7910
1060.0760 46.4086
1094.2720 45.7669
1128.4680 46.0000
1162.6640 45.3285
1196.8600 46.3332
1231.0560 47.2891
1265.2520 46.5135
1299.4480 47.4805
1333.6440 46.2458
1367.8400 47.1259
1402.0360 47.9139
1436.2320 47.4005
1470.4280 48.0212
1504.6240 47.9855
1538.8200 47.9143
1573.0160 46.7325
1607.2120 47.4933
1641.4080 47.8170
1675.6040 46.6664
