VARIABLES = "Time" "MSD"
ZONE T = "BD 311"
0.0000 0.0000
34.1960 32.9604
68.3920 39.8921
102.5880 41.7021
136.7840 42.7995
170.9800 42.3801
205.1760 42.9421
239.3720 42.6145
273.5680 42.7936
307.7640 43.2138
341.9600 44.6372
376.1560 43.7079
410.3520 43.6408
444.5480 43.0481
478.7440 43.0417
512.9400 43.8229
547.1360 44.2037
581.3320 44.4489
615.5280 44.1097
649.7240 43.4711
683.9200 43.4121
718.1160 43.8264
752.3120 43.6622
786.5080 42.7856
820.7040 44.1552
854.9000 44.8687
889.0960 45.5040
923.2920 45.4795
957.4880 44.3410
991.6840 44.9759
1025.8800 44.2357
1060.0760 44.1419
1094.2720 45.3180
1128.4680 44.7544
1162.6640 45.7770
1196.8600 44.2928
1231.0560 44.7993
1265.2520 44.6723
1299.4480 45.0889
1333.6440 44.5946
1367.8400 45.0522
1402.0360 44.3127
1436.2320 44.9451
1470.4280 45.1808
1504.6240 45.2081
1538.8200 44.9481
1573.0160 45.6976
1607.2120 45.0324
1641.4080 44.7751
1675.6040 45.0257
