VARIABLES = "Time" "MSD"
ZONE T = "BD 316"
0.0000 0.0000
34.1960 32.7948
68.3920 39.5213
102.5880 41.8403
136.7840 41.9817
170.9800 42.8507
205.1760 43.6914
239.3720 44.0496
273.5680 43.6327
307.7640 43.8160
341.9600 43.8305
376.1560 43.0032
410.3520 43.8589
444.5480 43.7953
478.7440 43.8881
512.9400 43.8989
547.1360 44.1258
581.3320 44.2244
615.5280 45.0618
649.7240 43.8221
683.9200 43.9063
718.1160 42.8293
752.3120 42.4469
786.5080 42.5900
820.7040 42.8148
854.9000 43.2580
889.0960 42.8660
923.2920 44.6275
957.4880 44.3334
991.6840 44.1852
1025.8800 43.5159
1060.0760 43.9138
1094.2720 44.1897
1128.4680 43.8606
1162.6640 45.0488
1196.8600 44.6798
1231.0560 43.9057
1265.2520 44.2629
1299.4480 44.3829
1333.6440 44.3782
1367.8400 44.6789
1402.0360 44.7407
1436.2320 43.8401
1470.4280 43.5703
1504.6240 44.2995
1538.8200 44.3535
1573.0160 44.7557
1607.2120 44.7276
1641.4080 43.6809
1675.6040 44.5419
