VARIABLES = "Time" "MSD"
ZONE T = "BD 310"
0.0000 0.0000
34.1960 33.4124
68.3920 40.3172
102.5880 42.9073
136.7840 43.1229
170.9800 43.5412
205.1760 44.7720
239.3720 43.4627
273.5680 43.4582
307.7640 43.9389
341.9600 44.0519
376.1560 44.7585
410.3520 44.4985
444.5480 43.7846
478.7440 44.7553
512.9400 44.5058
547.1360 43.6822
581.3320 44.5117
615.5280 43.6405
649.7240 42.5063
683.9200 43.8082
718.1160 44.2852
752.3120 44.8000
786.5080 44.7877
820.7040 44.0138
854.9000 43.7068
889.0960 42.5097
923.2920 43.4546
957.4880 45.0345
991.6840 45.5522
1025.8800 45.2260
1060.0760 44.6723
1094.2720 44.8040
1128.4680 45.6799
1162.6640 45.3878
1196.8600 45.1985
1231.0560 45.0423
1265.2520 45.4111
1299.4480 45.1772
1333.6440 44.5366
1367.8400 45.2077
1402.0360 44.5767
1436.2320 45.1576
1470.4280 44.3582
1504.6240 44.5635
1538.8200 44.8211
1573.0160 45.6273
1607.2120 45.3455
1641.4080 45.2819
1675.6040 44.8673
