VARIABLES = "Time" "MSD"
ZONE T = "BD 329"
0.0000 0.0000
34.1960 32.3923
68.3920 38.6997
102.5880 40.1559
136.7840 40.5668
170.9800 42.4778
205.1760 41.8234
239.3720 40.8448
273.5680 40.2540
307.7640 40.8063
341.9600 41.0942
376.1560 40.8152
410.3520 40.9189
444.5480 41.3880
478.7440 41.2071
512.9400 41.2314
547.1360 41.3003
581.3320 41.1037
615.5280 42.0166
649.7240 41.8198
683.9200 40.9527
718.1160 41.2975
752.3120 41.0713
786.5080 41.4100
820.7040 41.9105
854.9000 41.5932
889.0960 41.2975
923.2920 41.5499
957.4880 41.7195
991.6840 41.7259
1025.8800 42.1643
1060.0760 43.2368
1094.2720 42.7197
1128.4680 43.0995
1162.6640 41.8928
1196.8600 42.6176
1231.0560 42.0897
1265.2520 41.5297
1299.4480 42.5010
1333.6440 41.4659
1367.8400 42.5152
1402.0360 41.5238
1436.2320 40.8293
1470.4280 42.1506
1504.6240 42.1514
1538.8200 41.7690
1573.0160 41.7429
1607.2120 42.5093
1641.4080 42.5921
1675.6040 41.9035
