VARIABLES = "Time" "MSD"
ZONE T = "BD 326"
0.0000 0.0000
34.1960 30.7861
68.3920 36.0369
102.5880 38.8822
136.7840 39.2865
170.9800 38.7267
205.1760 39.6592
239.3720 39.4182
273.5680 39.8064
307.7640 39.3890
341.9600 40.1305
376.1560 39.5566
410.3520 39.6970
444.5480 39.9610
478.7440 39.9571
512.9400 39.8615
547.1360 40.3573
581.3320 40.6804
615.5280 39.5405
649.7240 38.8576
683.9200 39.3188
718.1160 39.4658
752.3120 38.9927
786.5080 39.4272
820.7040 39.5957
854.9000 39.8061
889.0960 38.9140
923.2920 38.4979
957.4880 37.9652
991.6840 39.7958
1025.8800 38.7140
1060.0760 39.4671
1094.2720 39.2186
1128.4680 39.3966
1162.6640 40.3882
1196.8600 40.2740
1231.0560 40.4110
1265.2520 40.2320
1299.4480 40.8664
1333.6440 40.3380
1367.8400 39.9294
1402.0360 39.9072
1436.2320 40.0600
1470.4280 39.4753
1504.6240 40.0779
1538.8200 40.0455
1573.0160 39.8439
1607.2120 40.2431
1641.4080 39.9701
1675.6040 40.1988
