VARIABLES = "Time" "MSD"
ZONE T = "BD 324"
0.0000 0.0000
34.1960 30.7670
68.3920 37.7117
102.5880 39.3014
136.7840 39.8291
170.9800 40.0378
205.1760 40.3368
239.3720 41.1907
273.5680 41.6780
307.7640 40.6592
341.9600 40.8599
376.1560 41.0014
410.3520 41.3796
444.5480 41.6378
478.7440 41.5464
512.9400 41.6159
547.1360 41.4671
581.3320 39.9071
615.5280 40.3389
649.7240 40.1505
683.9200 40.8779
718.1160 40.4447
752.3120 40.2076
786.5080 40.3685
820.7040 41.0820
854.9000 41.2505
889.0960 41.2800
923.2920 41.5419
957.4880 40.7734
991.6840 41.5616
1025.8800 41.4627
1060.0760 41.5806
1094.2720 41.4813
1128.4680 40.9188
1162.6640 41.5035
1196.8600 42.2628
1231.0560 41.7563
1265.2520 41.0316
1299.4480 41.7229
1333.6440 41.0043
1367.8400 41.5556
1402.0360 41.6321
1436.2320 41.9023
1470.4280 41.9453
1504.6240 41.5126
1538.8200 42.2665
1573.0160 42.9824
1607.2120 42.6863
1641.4080 42.5615
1675.6040 42.2828
