VARIABLES = "Time" "MSD"
ZONE T = "BD 325"
0.0000 0.0000
34.1960 30.0623
68.3920 35.6619
102.5880 37.5091
136.7840 38.3077
170.9800 38.8991
205.1760 39.4133
239.3720 39.0621
273.5680 38.5203
307.7640 39.5483
341.9600 38.9381
376.1560 39.1254
410.3520 39.6052
444.5480 40.1525
478.7440 40.1875
512.9400 39.8233
547.1360 39.9037
581.3320 40.1930
615.5280 40.9862
649.7240 39.4264
683.9200 40.0434
718.1160 40.1549
752.3120 40.4385
786.5080 40.7767
820.7040 40.4289
854.9000 40.6871
889.0960 40.9119
923.2920 40.5400
957.4880 41.1206
991.6840 40.4044
1025.8800 39.6347
1060.0760 40.2956
1094.2720 41.3575
1128.4680 41.1464
1162.6640 40.7626
1196.8600 41.7495
1231.0560 41.3236
1265.2520 41.7586
1299.4480 41.6403
1333.6440 42.1879
1367.8400 42.1462
1402.0360 42.0667
1436.2320 41.8779
1470.4280 41.9007
1504.6240 42.4242
1538.8200 42.2282
1573.0160 42.3873
1607.2120 41.6160
1641.4080 41.1759
1675.6040 41.6977
