VARIABLES = "Time" "MSD"
ZONE T = "BD 332"
0.0000 0.0000
34.1960 33.1981
68.3920 38.4008
102.5880 40.2954
136.7840 41.0077
170.9800 41.2825
205.1760 41.7737
239.3720 41.2374
273.5680 41.0116
307.7640 40.7977
341.9600 41.5002
376.1560 41.9035
410.3520 40.9992
444.5480 41.2922
478.7440 41.4785
512.9400 41.3576
547.1360 41.2514
581.3320 41.4463
615.5280 42.5248
649.7240 42.2952
683.9200 42.1960
718.1160 41.3462
752.3120 41.2061
786.5080 41.2694
820.7040 41.4687
854.9000 40.6330
889.0960 40.5961
923.2920 41.6318
957.4880 41.8220
991.6840 41.3961
1025.8800 41.8266
1060.0760 41.7350
1094.2720 42.6594
1128.4680 42.6002
1162.6640 42.6240
1196.8600 42.2127
1231.0560 42.8324
1265.2520 43.1153
1299.4480 42.0938
1333.6440 42.0861
1367.8400 41.9936
1402.0360 42.0139
1436.2320 41.5719
1470.4280 40.4797
1504.6240 40.9982
1538.8200 41.2951
1573.0160 41.9831
1607.2120 41.9753
1641.4080 41.6412
1675.6040 41.1697
