VARIABLES = "Time" "MSD"
ZONE T = "BD 33"
0.0000 0.0000
34.1960 73.2755
68.3920 143.9595
102.5880 210.8902
136.7840 276.7690
170.9800 342.4000
205.1760 407.3394
239.3720 472.8156
273.5680 536.4508
307.7640 599.8846
341.9600 663.8128
376.1560 726.6184
410.3520 788.2798
444.5480 849.2329
478.7440 911.5611
512.9400 971.4626
547.1360 1030.8653
581.3320 1089.3152
615.5280 1144.6939
649.7240 1197.8126
683.9200 1247.7398
718.1160 1298.6561
752.3120 1347.9527
786.5080 1394.8237
820.7040 1441.9648
854.9000 1489.9652
889.0960 1537.6822
923.2920 1589.1565
957.4880 1636.7532
991.6840 1685.2849
1025.8800 1736.1608
1060.0760 1785.4054
1094.2720 1833.3663
1128.4680 1880.4707
1162.6640 1929.9092
1196.8600 1982.0431
1231.0560 2032.0676
1265.2520 2082.9233
1299.4480 2132.3212
1333.6440 2180.7338
1367.8400 2229.1158
1402.0360 2274.5806
1436.2320 2317.8660
1470.4280 2361.6177
1504.6240 2404.5646
1538.8200 2447.0026
1573.0160 2491.3075
1607.2120 2535.7717
1641.4080 2579.1973
1675.6040 2619.6543
