VARIABLES = "Time" "MSD"
ZONE T = "BD 335"
0.0000 0.0000
34.1960 30.2531
68.3920 36.8920
102.5880 38.0109
136.7840 38.1321
170.9800 37.9310
205.1760 38.6064
239.3720 39.3546
273.5680 38.3717
307.7640 39.3323
341.9600 40.6532
376.1560 40.6752
410.3520 39.6087
444.5480 39.6963
478.7440 40.1114
512.9400 40.0472
547.1360 38.4666
581.3320 39.3211
615.5280 39.8799
649.7240 39.5984
683.9200 39.2196
718.1160 39.8485
752.3120 39.7365
786.5080 39.9865
820.7040 40.1240
854.9000 39.2628
889.0960 39.4496
923.2920 39.2919
957.4880 39.2472
991.6840 39.9543
1025.8800 40.2356
1060.0760 40.3559
1094.2720 40.0166
1128.4680 39.8534
1162.6640 39.4503
1196.8600 39.9249
1231.0560 40.5620
1265.2520 40.5343
1299.4480 39.7490
1333.6440 40.0339
1367.8400 39.6706
1402.0360 39.9506
1436.2320 39.6197
1470.4280 39.3917
1504.6240 40.1149
1538.8200 39.6631
1573.0160 40.7339
1607.2120 39.3870
1641.4080 40.4141
1675.6040 40.9151
