VARIABLES = "Time" "MSD"
ZONE T = "BD 330"
0.0000 0.0000
34.1960 31.5841
68.3920 35.9120
102.5880 38.1789
136.7840 37.4126
170.9800 38.0289
205.1760 38.2989
239.3720 37.8866
273.5680 38.6328
307.7640 39.3292
341.9600 38.1838
376.1560 38.1931
410.3520 39.0827
444.5480 39.0331
478.7440 39.1788
512.9400 39.1679
547.1360 39.8329
581.3320 39.6478
615.5280 39.5487
649.7240 39.4314
683.9200 39.7914
718.1160 39.3895
752.3120 39.5498
786.5080 39.3526
820.7040 39.3786
854.9000 39.5456
889.0960 39.7259
923.2920 39.7994
957.4880 39.7751
991.6840 39.3194
1025.8800 40.4253
1060.0760 39.3864
1094.2720 39.7998
1128.4680 39.4769
1162.6640 39.2173
1196.8600 39.9568
1231.0560 40.8429
1265.2520 40.2686
1299.4480 40.8505
1333.6440 40.6766
1367.8400 40.4580
1402.0360 40.1022
1436.2320 39.2318
1470.4280 40.1699
1504.6240 38.9642
1538.8200 39.7848
1573.0160 38.7698
1607.2120 40.1966
1641.4080 38.9959
1675.6040 39.4274
