VARIABLES = "Time" "MSD"
ZONE T = "BD 338"
0.0000 0.0000
34.1960 30.1008
68.3920 36.5913
102.5880 37.4728
136.7840 37.5342
170.9800 38.1060
205.1760 38.1776
239.3720 38.4013
273.5680 38.9462
307.7640 39.2884
341.9600 38.9949
376.1560 39.2671
410.3520 38.0661
444.5480 39.3203
478.7440 39.8586
512.9400 39.7761
547.1360 38.9253
581.3320 38.7872
615.5280 39.4559
649.7240 38.6644
683.9200 38.9454
718.1160 38.1629
752.3120 39.3301
786.5080 38.7587
820.7040 39.6180
854.9000 39.0128
889.0960 39.3760
923.2920 38.7458
957.4880 38.7961
991.6840 38.8281
1025.8800 38.8965
1060.0760 38.4295
1094.2720 39.3752
1128.4680 40.2161
1162.6640 39.9840
1196.8600 39.4372
1231.0560 39.4375
1265.2520 39.3636
1299.4480 39.4587
1333.6440 39.6401
1367.8400 39.4207
1402.0360 39.3285
1436.2320 39.6448
1470.4280 39.1063
1504.6240 39.2588
1538.8200 39.5617
1573.0160 39.2019
1607.2120 40.1200
1641.4080 39.4361
1675.6040 38.9337
