VARIABLES = "Time" "MSD"
ZONE T = "BD 336"
0.0000 0.0000
34.1960 32.2101
68.3920 37.8438
102.5880 40.1150
136.7840 40.7572
170.9800 40.8227
205.1760 40.4623
239.3720 39.6084
273.5680 40.5709
307.7640 41.4773
341.9600 41.0610
376.1560 41.0782
410.3520 41.3011
444.5480 40.7186
478.7440 40.8437
512.9400 40.2732
547.1360 40.7298
581.3320 40.5904
615.5280 41.3110
649.7240 40.6684
683.9200 41.4360
718.1160 41.0354
752.3120 41.6769
786.5080 41.0087
820.7040 41.2011
854.9000 40.4624
889.0960 40.7007
923.2920 40.6911
957.4880 40.8770
991.6840 40.7895
1025.8800 41.6647
1060.0760 42.2955
1094.2720 41.5249
1128.4680 42.6009
1162.6640 42.4788
1196.8600 41.8096
1231.0560 39.8557
1265.2520 40.2867
1299.4480 40.5974
1333.6440 41.1400
1367.8400 42.0163
1402.0360 41.0513
1436.2320 41.7762
1470.4280 41.4152
1504.6240 41.1605
1538.8200 41.5072
1573.0160 41.3426
1607.2120 41.3753
1641.4080 41.8751
1675.6040 41.6226
