VARIABLES = "Time" "MSD"
ZONE T = "BD 334"
0.0000 0.0000
34.1960 32.4016
68.3920 38.1332
102.5880 38.7946
136.7840 41.0189
170.9800 40.8533
205.1760 39.9506
239.3720 40.9798
273.5680 41.0912
307.7640 40.3408
341.9600 40.0663
376.1560 39.9149
410.3520 41.8047
444.5480 40.5990
478.7440 41.5928
512.9400 41.3594
547.1360 41.4175
581.3320 42.3271
615.5280 42.9803
649.7240 42.2030
683.9200 41.1468
718.1160 40.8479
752.3120 41.1853
786.5080 41.1293
820.7040 40.8351
854.9000 42.2838
889.0960 41.6580
923.2920 41.5699
957.4880 41.1505
991.6840 40.1878
1025.8800 42.0022
1060.0760 41.9366
1094.2720 41.9434
1128.4680 41.4084
1162.6640 40.4892
1196.8600 40.6405
1231.0560 41.0419
1265.2520 41.9153
1299.4480 42.9160
1333.6440 43.0679
1367.8400 41.7565
1402.0360 41.8818
1436.2320 42.0990
1470.4280 42.0668
1504.6240 42.0215
1538.8200 41.1636
1573.0160 41.6125
1607.2120 42.7600
1641.4080 42.0379
1675.6040 42.6475
