VARIABLES = "Time" "MSD"
ZONE T = "BD 341"
0.0000 0.0000
34.1960 29.5810
68.3920 33.6606
102.5880 35.6694
136.7840 35.7808
170.9800 36.8695
205.1760 35.7559
239.3720 36.5614
273.5680 36.4152
307.7640 36.1537
341.9600 35.3050
376.1560 36.0268
410.3520 35.9949
444.5480 36.4242
478.7440 36.4933
512.9400 36.7552
547.1360 36.9872
581.3320 37.2597
615.5280 37.6166
649.7240 36.6496
683.9200 37.1323
718.1160 36.9115
752.3120 36.8696
786.5080 36.4444
820.7040 36.9719
854.9000 36.1513
889.0960 37.3682
923.2920 37.4364
957.4880 37.2395
991.6840 36.6928
1025.8800 36.8385
1060.0760 36.5144
1094.2720 37.0873
1128.4680 37.9776
1162.6640 38.2815
1196.8600 37.7253
1231.0560 38.0129
1265.2520 37.6242
1299.4480 37.7185
1333.6440 37.4834
1367.8400 37.1633
1402.0360 37.8932
1436.2320 38.0705
1470.4280 37.8351
1504.6240 37.4341
1538.8200 37.7396
1573.0160 37.2357
1607.2120 38.0560
1641.4080 37.2118
1675.6040 37.1452
