VARIABLES = "Time" "MSD"
ZONE T = "BD 34"
0.0000 0.0000
34.1960 74.1648
68.3920 144.3194
102.5880 216.3123
136.7840 287.1871
170.9800 358.2185
205.1760 429.9905
239.3720 501.2513
273.5680 574.5634
307.7640 647.8246
341.9600 720.4860
376.1560 794.0134
410.3520 866.5213
444.5480 939.6207
478.7440 1014.5447
512.9400 1086.6776
547.1360 1159.5402
581.3320 1232.0770
615.5280 1304.6411
649.7240 1376.0609
683.9200 1447.7254
718.1160 1517.4317
752.3120 1585.3017
786.5080 1652.7786
820.7040 1719.0015
854.9000 1785.3638
889.0960 1852.8589
923.2920 1917.8098
957.4880 1982.0993
991.6840 2047.6190
1025.8800 2109.2121
1060.0760 2169.0949
1094.2720 2228.1212
1128.4680 2286.7619
1162.6640 2342.2466
1196.8600 2395.9669
1231.0560 2449.4941
1265.2520 2502.0361
1299.4480 2555.5223
1333.6440 2609.0975
1367.8400 2663.8129
1402.0360 2718.4190
1436.2320 2774.4890
1470.4280 2827.5478
1504.6240 2879.6649
1538.8200 2930.6020
1573.0160 2979.2272
1607.2120 3028.6249
1641.4080 3075.3216
1675.6040 3121.7019
