VARIABLES = "Time" "MSD"
ZONE T = "BD 342"
0.0000 0.0000
34.1960 29.0149
68.3920 34.1739
102.5880 35.8724
136.7840 36.4315
170.9800 37.3147
205.1760 35.8913
239.3720 36.6933
273.5680 36.3837
307.7640 37.1706
341.9600 37.2317
376.1560 37.2937
410.3520 36.9692
444.5480 37.2091
478.7440 37.3066
512.9400 37.3778
547.1360 37.2740
581.3320 37.7752
615.5280 37.3140
649.7240 36.9601
683.9200 36.8701
718.1160 37.1608
752.3120 37.2048
786.5080 37.3146
820.7040 37.6309
854.9000 37.7937
889.0960 37.0812
923.2920 37.7572
957.4880 36.8256
991.6840 37.6502
1025.8800 36.9589
1060.0760 38.2157
1094.2720 38.0554
1128.4680 38.3251
1162.6640 38.1261
1196.8600 38.0123
1231.0560 37.0279
1265.2520 36.9970
1299.4480 37.5238
1333.6440 37.7530
1367.8400 37.1609
1402.0360 37.7773
1436.2320 37.6155
1470.4280 37.0822
1504.6240 37.6896
1538.8200 37.3625
1573.0160 37.7526
1607.2120 37.6519
1641.4080 37.0208
1675.6040 37.7250
