VARIABLES = "Time" "MSD"
ZONE T = "BD 348"
0.0000 0.0000
34.1960 27.3083
68.3920 32.0464
102.5880 32.3446
136.7840 33.1568
170.9800 33.4305
205.1760 32.6170
239.3720 33.2108
273.5680 32.9224
307.7640 32.9997
341.9600 34.2383
376.1560 34.0939
410.3520 34.4108
444.5480 32.9230
478.7440 33.8913
512.9400 33.5528
547.1360 33.5255
581.3320 34.0118
615.5280 33.6865
649.7240 33.5790
683.9200 33.8888
718.1160 33.2483
752.3120 33.5118
786.5080 33.8454
820.7040 33.4247
854.9000 34.3302
889.0960 34.4419
923.2920 33.5213
957.4880 33.3780
991.6840 33.3579
1025.8800 33.8004
1060.0760 34.2064
1094.2720 34.7553
1128.4680 34.5839
1162.6640 34.8693
1196.8600 33.8031
1231.0560 33.8049
1265.2520 33.9972
1299.4480 34.6510
1333.6440 34.7891
1367.8400 34.3555
1402.0360 34.1703
1436.2320 34.0048
1470.4280 33.8128
1504.6240 35.0616
1538.8200 35.1664
1573.0160 34.5080
1607.2120 33.8211
1641.4080 34.2699
1675.6040 34.2025
