VARIABLES = "Time" "MSD"
ZONE T = "BD 349"
0.0000 0.0000
34.1960 27.5221
68.3920 32.3872
102.5880 32.5793
136.7840 33.0660
170.9800 33.2167
205.1760 34.0425
239.3720 33.4985
273.5680 34.2592
307.7640 34.4088
341.9600 33.9659
376.1560 33.6802
410.3520 33.8798
444.5480 34.2629
478.7440 34.4638
512.9400 34.5738
547.1360 34.2357
581.3320 34.9718
615.5280 34.9254
649.7240 34.2507
683.9200 35.1035
718.1160 34.7098
752.3120 34.5434
786.5080 34.7440
820.7040 34.8235
854.9000 35.0908
889.0960 34.7050
923.2920 35.0905
957.4880 35.0154
991.6840 34.3183
1025.8800 34.9363
1060.0760 34.9134
1094.2720 34.7702
1128.4680 34.8472
1162.6640 35.1601
1196.8600 35.1325
1231.0560 35.5387
1265.2520 35.1734
1299.4480 34.9574
1333.6440 35.2814
1367.8400 35.0756
1402.0360 34.5942
1436.2320 35.1588
1470.4280 35.7034
1504.6240 35.8251
1538.8200 36.3575
1573.0160 36.3053
1607.2120 35.6141
1641.4080 37.1913
1675.6040 36.3190
