VARIABLES = "Time" "MSD"
ZONE T = "BD 353"
0.0000 0.0000
34.1960 28.2544
68.3920 32.6793
102.5880 34.8796
136.7840 34.2933
170.9800 34.6727
205.1760 34.6099
239.3720 35.0941
273.5680 34.2067
307.7640 34.2972
341.9600 34.1374
376.1560 35.2478
410.3520 34.2873
444.5480 34.8070
478.7440 35.1432
512.9400 35.2142
547.1360 34.5276
581.3320 34.7523
615.5280 34.9894
649.7240 34.7490
683.9200 34.2218
718.1160 34.5757
752.3120 35.4987
786.5080 35.4046
820.7040 35.3930
854.9000 36.3900
889.0960 35.7312
923.2920 34.7351
957.4880 34.5972
991.6840 35.0000
1025.8800 35.8020
1060.0760 35.8276
1094.2720 35.2274
1128.4680 35.5886
1162.6640 35.5768
1196.8600 35.3393
1231.0560 35.2276
1265.2520 36.2912
1299.4480 35.8420
1333.6440 36.1144
1367.8400 36.0069
1402.0360 35.4296
1436.2320 35.9419
1470.4280 35.7878
1504.6240 35.7976
1538.8200 35.7226
1573.0160 36.7501
1607.2120 35.8340
1641.4080 36.1014
1675.6040 35.5267
