VARIABLES = "Time" "MSD"
ZONE T = "BD 356"
0.0000 0.0000
34.1960 25.7924
68.3920 29.4948
102.5880 30.3164
136.7840 30.4457
170.9800 31.2126
205.1760 30.9945
239.3720 30.9445
273.5680 31.4137
307.7640 31.0393
341.9600 30.9296
376.1560 30.8279
410.3520 30.3008
444.5480 31.1536
478.7440 31.8874
512.9400 31.6426
547.1360 31.2474
581.3320 31.6425
615.5280 31.0196
649.7240 32.2815
683.9200 31.6857
718.1160 31.5176
752.3120 30.6437
786.5080 31.7653
820.7040 31.5731
854.9000 32.0558
889.0960 32.0267
923.2920 32.1299
957.4880 32.6705
991.6840 32.1268
1025.8800 31.5762
1060.0760 32.0841
1094.2720 31.9918
1128.4680 32.4193
1162.6640 32.2673
1196.8600 32.4666
1231.0560 32.5684
1265.2520 32.2814
1299.4480 31.9358
1333.6440 32.0882
1367.8400 31.7206
1402.0360 32.1925
1436.2320 32.1412
1470.4280 31.8714
1504.6240 32.5889
1538.8200 32.7546
1573.0160 32.5347
1607.2120 32.5043
1641.4080 32.4555
1675.6040 32.3329
