VARIABLES = "Time" "MSD"
ZONE T = "BD 35"
0.0000 0.0000
34.1960 70.0938
68.3920 139.3755
102.5880 204.2851
136.7840 268.4550
170.9800 332.3460
205.1760 394.0936
239.3720 454.2181
273.5680 514.4898
307.7640 577.9278
341.9600 639.9712
376.1560 702.3285
410.3520 766.2315
444.5480 827.2946
478.7440 884.9635
512.9400 941.7737
547.1360 998.6883
581.3320 1055.2548
615.5280 1113.0341
649.7240 1172.2338
683.9200 1229.5577
718.1160 1286.8231
752.3120 1344.0188
786.5080 1398.7980
820.7040 1452.0648
854.9000 1506.5510
889.0960 1559.8405
923.2920 1614.2448
957.4880 1671.2706
991.6840 1724.4760
1025.8800 1775.9911
1060.0760 1829.0935
1094.2720 1883.9839
1128.4680 1936.8387
1162.6640 1987.1237
1196.8600 2038.7030
1231.0560 2091.8524
1265.2520 2143.7233
1299.4480 2193.8546
1333.6440 2244.8431
1367.8400 2295.9471
1402.0360 2346.0489
1436.2320 2398.6691
1470.4280 2451.2166
1504.6240 2502.6795
1538.8200 2557.3656
1573.0160 2612.0336
1607.2120 2665.1378
1641.4080 2716.3963
1675.6040 2770.5176
