VARIABLES = "Time" "MSD"
ZONE T = "BD 354"
0.0000 0.0000
34.1960 28.8500
68.3920 33.4105
102.5880 34.5198
136.7840 35.4212
170.9800 36.0155
205.1760 35.1714
239.3720 35.1019
273.5680 35.5150
307.7640 35.1070
341.9600 35.2147
376.1560 35.6669
410.3520 35.5552
444.5480 35.0361
478.7440 35.3145
512.9400 35.7188
547.1360 35.8347
581.3320 35.8003
615.5280 36.1743
649.7240 35.3379
683.9200 35.0053
718.1160 35.8572
752.3120 35.9737
786.5080 35.8710
820.7040 35.7487
854.9000 35.6398
889.0960 35.6085
923.2920 36.1092
957.4880 36.3562
991.6840 36.6697
1025.8800 36.2464
1060.0760 37.0257
1094.2720 36.2408
1128.4680 36.5826
1162.6640 36.2995
1196.8600 37.0609
1231.0560 37.0530
1265.2520 36.5305
1299.4480 36.4917
1333.6440 36.1754
1367.8400 36.2585
1402.0360 36.8091
1436.2320 36.3545
1470.4280 35.3626
1504.6240 36.3716
1538.8200 36.4571
1573.0160 35.5216
1607.2120 36.8575
1641.4080 37.2067
1675.6040 36.2478
