VARIABLES = "Time" "MSD"
ZONE T = "BD 352"
0.0000 0.0000
34.1960 29.2196
68.3920 33.4751
102.5880 34.6080
136.7840 35.8922
170.9800 35.8763
205.1760 35.2634
239.3720 34.8617
273.5680 36.0073
307.7640 34.9299
341.9600 35.0462
376.1560 35.2121
410.3520 35.4019
444.5480 35.8170
478.7440 36.2856
512.9400 35.8896
547.1360 35.5858
581.3320 34.7389
615.5280 35.8187
649.7240 34.8141
683.9200 34.9294
718.1160 35.9263
752.3120 35.5008
786.5080 35.5041
820.7040 35.6757
854.9000 35.6763
889.0960 35.7490
923.2920 37.2122
957.4880 36.3341
991.6840 35.6639
1025.8800 35.7155
1060.0760 36.1915
1094.2720 35.3477
1128.4680 35.7779
1162.6640 36.6139
1196.8600 36.4202
1231.0560 36.4189
1265.2520 36.0604
1299.4480 36.5814
1333.6440 36.9226
1367.8400 35.9764
1402.0360 36.6115
1436.2320 36.0850
1470.4280 36.6990
1504.6240 36.0075
1538.8200 36.1059
1573.0160 36.6452
1607.2120 36.4407
1641.4080 36.5412
1675.6040 35.8643
