VARIABLES = "Time" "MSD"
ZONE T = "BD 355"
0.0000 0.0000
34.1960 26.4633
68.3920 30.1545
102.5880 31.7916
136.7840 31.4563
170.9800 32.0326
205.1760 31.4659
239.3720 31.7933
273.5680 31.7628
307.7640 32.3631
341.9600 32.3436
376.1560 32.1564
410.3520 32.7911
444.5480 32.3301
478.7440 32.2963
512.9400 32.3354
547.1360 32.7129
581.3320 32.8926
615.5280 33.2102
649.7240 32.6935
683.9200 33.1725
718.1160 32.1517
752.3120 31.8649
786.5080 32.7482
820.7040 33.3457
854.9000 33.6166
889.0960 33.1475
923.2920 33.3646
957.4880 32.8792
991.6840 33.0187
1025.8800 32.9042
1060.0760 32.9416
1094.2720 32.8896
1128.4680 32.2879
1162.6640 32.1376
1196.8600 32.8050
1231.0560 32.3017
1265.2520 33.2436
1299.4480 32.6651
1333.6440 33.5426
1367.8400 33.9504
1402.0360 33.6417
1436.2320 32.7350
1470.4280 33.0917
1504.6240 33.8410
1538.8200 33.5598
1573.0160 34.1799
1607.2120 32.4759
1641.4080 33.2259
1675.6040 32.8741
