VARIABLES = "Time" "MSD"
ZONE T = "BD 358"
0.0000 0.0000
34.1960 27.7004
68.3920 31.9912
102.5880 32.9547
136.7840 32.7916
170.9800 33.3198
205.1760 33.2350
239.3720 32.7294
273.5680 33.0159
307.7640 33.1073
341.9600 33.3821
376.1560 33.6534
410.3520 33.5112
444.5480 33.3812
478.7440 33.6494
512.9400 34.1238
547.1360 34.4873
581.3320 34.3731
615.5280 33.5858
649.7240 33.6426
683.9200 33.7801
718.1160 34.0075
752.3120 33.8155
786.5080 34.1773
820.7040 33.5527
854.9000 34.2162
889.0960 33.5857
923.2920 33.9177
957.4880 33.6620
991.6840 34.5482
1025.8800 33.6656
1060.0760 33.7339
1094.2720 34.2905
1128.4680 33.5684
1162.6640 34.4401
1196.8600 34.6462
1231.0560 34.8260
1265.2520 34.3574
1299.4480 33.8104
1333.6440 33.8523
1367.8400 34.2947
1402.0360 33.4221
1436.2320 32.7422
1470.4280 33.3461
1504.6240 34.2252
1538.8200 34.8690
1573.0160 34.1001
1607.2120 34.4811
1641.4080 34.1581
1675.6040 34.1763
