VARIABLES = "Time" "MSD"
ZONE T = "BD 359"
0.0000 0.0000
34.1960 27.7645
68.3920 32.3011
102.5880 33.4227
136.7840 33.0299
170.9800 32.5651
205.1760 33.2735
239.3720 33.7609
273.5680 33.7745
307.7640 33.8869
341.9600 33.5386
376.1560 33.1391
410.3520 34.1164
444.5480 33.7691
478.7440 34.6572
512.9400 34.2843
547.1360 34.8573
581.3320 34.7347
615.5280 33.6268
649.7240 34.7219
683.9200 34.2302
718.1160 34.2295
752.3120 33.7224
786.5080 34.2696
820.7040 34.5526
854.9000 33.6776
889.0960 34.0875
923.2920 34.4860
957.4880 34.5306
991.6840 34.2466
1025.8800 34.6113
1060.0760 34.8178
1094.2720 34.7245
1128.4680 34.6293
1162.6640 35.9549
1196.8600 34.8997
1231.0560 34.5608
1265.2520 34.6253
1299.4480 35.0579
1333.6440 34.9258
1367.8400 34.6365
1402.0360 34.8092
1436.2320 35.1078
1470.4280 34.9398
1504.6240 34.7284
1538.8200 34.4803
1573.0160 34.1709
1607.2120 34.2703
1641.4080 34.8610
1675.6040 34.9574
