VARIABLES = "Time" "MSD"
ZONE T = "BD 369"
0.0000 0.0000
34.1960 26.0700
68.3920 29.4771
102.5880 29.9393
136.7840 30.0718
170.9800 30.6499
205.1760 30.2158
239.3720 30.2799
273.5680 30.4096
307.7640 31.1089
341.9600 31.3884
376.1560 31.1306
410.3520 31.1484
444.5480 31.3225
478.7440 30.9826
512.9400 31.5565
547.1360 31.9843
581.3320 31.2829
615.5280 31.2522
649.7240 31.8176
683.9200 31.4801
718.1160 32.2589
752.3120 31.3535
786.5080 30.8717
820.7040 31.9227
854.9000 30.9766
889.0960 31.6776
923.2920 31.1419
957.4880 31.3344
991.6840 31.3923
1025.8800 31.1493
1060.0760 31.1895
1094.2720 32.1033
1128.4680 31.4631
1162.6640 30.5142
1196.8600 31.0365
1231.0560 31.6384
1265.2520 30.7240
1299.4480 31.6916
1333.6440 32.2205
1367.8400 31.6949
1402.0360 31.8288
1436.2320 31.4210
1470.4280 31.4490
1504.6240 31.5876
1538.8200 32.5860
1573.0160 32.5365
1607.2120 32.6034
1641.4080 32.1963
1675.6040 31.9146
