VARIABLES = "Time" "MSD"
ZONE T = "BD 368"
0.0000 0.0000
34.1960 26.0666
68.3920 29.1322
102.5880 29.7217
136.7840 31.0592
170.9800 31.0049
205.1760 31.2813
239.3720 30.4271
273.5680 30.6279
307.7640 30.7943
341.9600 31.6664
376.1560 31.7783
410.3520 31.0830
444.5480 31.6015
478.7440 30.7457
512.9400 30.5811
547.1360 31.0790
581.3320 30.6315
615.5280 30.7479
649.7240 31.6219
683.9200 31.3438
718.1160 31.4892
752.3120 31.9605
786.5080 31.4909
820.7040 31.4408
854.9000 30.8146
889.0960 31.5552
923.2920 31.2242
957.4880 31.6216
991.6840 31.3060
1025.8800 31.9565
1060.0760 32.0155
1094.2720 31.9487
1128.4680 31.3280
1162.6640 31.5962
1196.8600 31.8848
1231.0560 31.5980
1265.2520 32.6396
1299.4480 32.1627
1333.6440 32.3577
1367.8400 31.6055
1402.0360 31.7939
1436.2320 32.0407
1470.4280 31.7591
1504.6240 31.5312
1538.8200 31.5904
1573.0160 32.0781
1607.2120 31.1231
1641.4080 31.7429
1675.6040 31.7616
