VARIABLES = "Time" "MSD"
ZONE T = "BD 366"
0.0000 0.0000
34.1960 25.6114
68.3920 28.9550
102.5880 29.7775
136.7840 30.1675
170.9800 30.0997
205.1760 29.9324
239.3720 30.5976
273.5680 30.9459
307.7640 30.7686
341.9600 30.5778
376.1560 29.9289
410.3520 29.9611
444.5480 30.9532
478.7440 31.4379
512.9400 30.9958
547.1360 30.6109
581.3320 31.2584
615.5280 30.5184
649.7240 30.6839
683.9200 30.9016
718.1160 30.7157
752.3120 31.3167
786.5080 31.8010
820.7040 31.7336
854.9000 31.2915
889.0960 31.9027
923.2920 31.2745
957.4880 31.1099
991.6840 31.2679
1025.8800 31.2661
1060.0760 31.7614
1094.2720 31.9210
1128.4680 31.7851
1162.6640 32.4951
1196.8600 31.9524
1231.0560 31.7788
1265.2520 31.7698
1299.4480 31.8259
1333.6440 31.7644
1367.8400 31.9133
1402.0360 32.1671
1436.2320 32.4043
1470.4280 32.6986
1504.6240 32.5656
1538.8200 32.3033
1573.0160 32.1444
1607.2120 32.4709
1641.4080 32.0128
1675.6040 32.0396
