VARIABLES = "Time" "MSD"
ZONE T = "BD 37"
0.0000 0.0000
34.1960 73.4581
68.3920 143.3371
102.5880 214.8387
136.7840 283.2515
170.9800 353.2282
205.1760 422.7452
239.3720 495.4240
273.5680 568.9609
307.7640 642.2339
341.9600 714.2716
376.1560 784.2657
410.3520 852.6517
444.5480 921.8084
478.7440 987.1111
512.9400 1050.4088
547.1360 1113.0084
581.3320 1175.4296
615.5280 1236.8300
649.7240 1299.2552
683.9200 1363.1113
718.1160 1424.7704
752.3120 1482.5688
786.5080 1538.9674
820.7040 1595.5448
854.9000 1649.5724
889.0960 1705.4575
923.2920 1760.0878
957.4880 1816.0254
991.6840 1873.8825
1025.8800 1932.7142
1060.0760 1991.7027
1094.2720 2049.0077
1128.4680 2107.8365
1162.6640 2171.7224
1196.8600 2235.4343
1231.0560 2298.3596
1265.2520 2357.8143
1299.4480 2410.9592
1333.6440 2461.9709
1367.8400 2510.8303
1402.0360 2559.8319
1436.2320 2611.3572
1470.4280 2661.6751
1504.6240 2712.6092
1538.8200 2763.6402
1573.0160 2817.9998
1607.2120 2869.9809
1641.4080 2921.8211
1675.6040 2975.6011
