VARIABLES = "Time" "MSD"
ZONE T = "BD 384"
0.0000 0.0000
34.1960 24.4399
68.3920 27.5479
102.5880 28.5101
136.7840 28.8352
170.9800 28.9558
205.1760 28.6454
239.3720 29.3862
273.5680 28.7429
307.7640 29.4587
341.9600 29.4514
376.1560 29.4004
410.3520 28.9836
444.5480 29.4074
478.7440 29.6247
512.9400 29.1276
547.1360 29.4915
581.3320 29.5733
615.5280 29.5737
649.7240 30.5182
683.9200 29.9660
718.1160 30.0941
752.3120 29.9140
786.5080 29.6436
820.7040 29.5485
854.9000 29.3943
889.0960 29.7957
923.2920 30.0900
957.4880 30.3334
991.6840 29.7335
1025.8800 29.8938
1060.0760 30.1094
1094.2720 30.1090
1128.4680 30.3967
1162.6640 30.4736
1196.8600 30.0864
1231.0560 30.1375
1265.2520 30.4852
1299.4480 29.8427
1333.6440 29.9179
1367.8400 30.1624
1402.0360 30.0029
1436.2320 30.2879
1470.4280 30.1791
1504.6240 30.2148
1538.8200 30.6299
1573.0160 30.0660
1607.2120 30.2589
1641.4080 30.3102
1675.6040 29.9658
