VARIABLES = "Time" "MSD"
ZONE T = "BD 388"
0.0000 0.0000
34.1960 23.9211
68.3920 26.4853
102.5880 27.1287
136.7840 27.5814
170.9800 27.3224
205.1760 28.4487
239.3720 28.0359
273.5680 27.9863
307.7640 28.2441
341.9600 27.1638
376.1560 27.9429
410.3520 28.6242
444.5480 28.4639
478.7440 27.5226
512.9400 27.5931
547.1360 28.7195
581.3320 27.8970
615.5280 27.5304
649.7240 28.0054
683.9200 27.9106
718.1160 28.2448
752.3120 28.1071
786.5080 28.2102
820.7040 28.2441
854.9000 28.2651
889.0960 27.5561
923.2920 28.2770
957.4880 27.5945
991.6840 27.8786
1025.8800 28.3329
1060.0760 29.0450
1094.2720 28.4938
1128.4680 28.3038
1162.6640 28.2720
1196.8600 28.7081
1231.0560 28.2403
1265.2520 28.4470
1299.4480 28.6403
1333.6440 28.3990
1367.8400 28.5242
1402.0360 28.4442
1436.2320 28.4772
1470.4280 28.2192
1504.6240 28.4532
1538.8200 29.0900
1573.0160 29.0823
1607.2120 28.2556
1641.4080 28.7011
1675.6040 28.6192
