VARIABLES = "Time" "MSD"
ZONE T = "BD 385"
0.0000 0.0000
34.1960 24.7590
68.3920 27.0181
102.5880 28.3410
136.7840 28.7446
170.9800 28.6444
205.1760 28.7653
239.3720 28.7055
273.5680 28.9508
307.7640 29.1698
341.9600 28.8832
376.1560 29.0840
410.3520 28.7248
444.5480 29.6525
478.7440 29.3322
512.9400 29.5333
547.1360 29.9472
581.3320 29.9658
615.5280 29.9110
649.7240 30.1883
683.9200 29.8796
718.1160 29.6829
752.3120 28.7526
786.5080 29.4580
820.7040 29.3646
854.9000 29.7875
889.0960 30.0416
923.2920 29.9281
957.4880 30.0040
991.6840 30.0208
1025.8800 29.8270
1060.0760 29.4912
1094.2720 30.3973
1128.4680 30.3118
1162.6640 30.3884
1196.8600 30.1352
1231.0560 29.4767
1265.2520 29.9772
1299.4480 29.3636
1333.6440 29.8814
1367.8400 30.3145
1402.0360 29.9812
1436.2320 30.4060
1470.4280 30.2497
1504.6240 30.4139
1538.8200 30.3160
1573.0160 30.4174
1607.2120 30.2345
1641.4080 30.5366
1675.6040 29.8686
