VARIABLES = "Time" "MSD"
ZONE T = "BD 389"
0.0000 0.0000
34.1960 23.8100
68.3920 26.9202
102.5880 27.5534
136.7840 27.3017
170.9800 27.6678
205.1760 27.4426
239.3720 27.7676
273.5680 27.7724
307.7640 28.1850
341.9600 27.6880
376.1560 27.8167
410.3520 27.9179
444.5480 28.2806
478.7440 28.5817
512.9400 28.0581
547.1360 28.6593
581.3320 28.8243
615.5280 28.7266
649.7240 28.8461
683.9200 28.6388
718.1160 28.6285
752.3120 28.8072
786.5080 28.1216
820.7040 28.1756
854.9000 28.7149
889.0960 28.7437
923.2920 28.7021
957.4880 29.5252
991.6840 28.8146
1025.8800 28.5779
1060.0760 28.5013
1094.2720 28.5398
1128.4680 28.5205
1162.6640 29.0450
1196.8600 29.2525
1231.0560 29.1603
1265.2520 29.2099
1299.4480 29.5956
1333.6440 29.2700
1367.8400 29.5624
1402.0360 29.7044
1436.2320 29.3035
1470.4280 29.4872
1504.6240 29.3541
1538.8200 29.1567
1573.0160 28.9966
1607.2120 29.9433
1641.4080 28.9380
1675.6040 29.6389
