VARIABLES = "Time" "MSD"
ZONE T = "BD 38"
0.0000 0.0000
34.1960 73.3504
68.3920 148.1757
102.5880 221.7794
136.7840 292.0037
170.9800 362.3418
205.1760 428.3879
239.3720 491.6141
273.5680 555.8133
307.7640 620.8633
341.9600 683.4904
376.1560 742.9964
410.3520 801.5743
444.5480 861.5608
478.7440 924.3397
512.9400 988.0869
547.1360 1048.9013
581.3320 1110.2389
615.5280 1170.1594
649.7240 1231.8568
683.9200 1290.0451
718.1160 1348.3597
752.3120 1403.5447
786.5080 1459.8771
820.7040 1516.3935
854.9000 1573.3620
889.0960 1627.1608
923.2920 1684.1600
957.4880 1741.7968
991.6840 1797.9396
1025.8800 1854.0101
1060.0760 1911.1023
1094.2720 1965.8507
1128.4680 2019.2613
1162.6640 2074.9404
1196.8600 2131.0073
1231.0560 2189.2185
1265.2520 2248.7818
1299.4480 2309.6599
1333.6440 2367.2811
1367.8400 2424.6986
1402.0360 2485.1991
1436.2320 2543.9051
1470.4280 2602.3171
1504.6240 2657.3610
1538.8200 2712.0611
1573.0160 2764.5479
1607.2120 2815.4285
1641.4080 2865.2629
1675.6040 2916.5103
