VARIABLES = "Time" "MSD"
ZONE T = "BD 391"
0.0000 0.0000
34.1960 22.8570
68.3920 24.9244
102.5880 26.0657
136.7840 26.2356
170.9800 25.9404
205.1760 26.7515
239.3720 26.3878
273.5680 27.2066
307.7640 27.2640
341.9600 27.0016
376.1560 26.9933
410.3520 27.0491
444.5480 26.6862
478.7440 27.2255
512.9400 27.1676
547.1360 27.0161
581.3320 27.1318
615.5280 26.8159
649.7240 27.1458
683.9200 27.2226
718.1160 26.8400
752.3120 27.0899
786.5080 26.8129
820.7040 27.4540
854.9000 26.9986
889.0960 27.1821
923.2920 27.3504
957.4880 27.2330
991.6840 28.1013
1025.8800 27.7300
1060.0760 27.6341
1094.2720 27.5715
1128.4680 27.4318
1162.6640 27.2258
1196.8600 27.3355
1231.0560 27.7332
1265.2520 27.4849
1299.4480 28.3004
1333.6440 28.0634
1367.8400 28.0043
1402.0360 27.3826
1436.2320 27.6584
1470.4280 27.7175
1504.6240 27.8232
1538.8200 27.2829
1573.0160 27.7883
1607.2120 27.8943
1641.4080 28.0658
1675.6040 28.0451
