VARIABLES = "Time" "MSD"
ZONE T = "BD 396"
0.0000 0.0000
34.1960 23.3385
68.3920 25.7901
102.5880 26.6166
136.7840 26.1855
170.9800 26.1521
205.1760 26.4363
239.3720 25.9627
273.5680 26.7874
307.7640 27.0148
341.9600 26.7033
376.1560 26.7954
410.3520 26.9929
444.5480 27.1214
478.7440 26.9577
512.9400 27.4357
547.1360 27.3025
581.3320 27.3071
615.5280 26.8813
649.7240 27.4871
683.9200 27.2514
718.1160 27.2731
752.3120 26.8039
786.5080 26.8484
820.7040 27.6334
854.9000 26.9172
889.0960 27.2257
923.2920 26.8700
957.4880 26.9182
991.6840 26.8913
1025.8800 27.6459
1060.0760 27.3012
1094.2720 27.0021
1128.4680 27.1973
1162.6640 27.4916
1196.8600 27.2384
1231.0560 27.0645
1265.2520 27.6292
1299.4480 27.2251
1333.6440 27.4807
1367.8400 27.3616
1402.0360 27.3405
1436.2320 27.3329
1470.4280 27.5951
1504.6240 27.6187
1538.8200 27.3899
1573.0160 27.5966
1607.2120 27.4529
1641.4080 27.5768
1675.6040 28.2901
