VARIABLES = "Time" "MSD"
ZONE T = "BD 393"
0.0000 0.0000
34.1960 24.0610
68.3920 27.4135
102.5880 26.6925
136.7840 27.4193
170.9800 27.3533
205.1760 27.1690
239.3720 27.8660
273.5680 27.4341
307.7640 27.6604
341.9600 27.8965
376.1560 27.6816
410.3520 28.2112
444.5480 27.4680
478.7440 27.9960
512.9400 27.7224
547.1360 27.6796
581.3320 28.3275
615.5280 28.1544
649.7240 27.8910
683.9200 28.3138
718.1160 28.7912
752.3120 28.3138
786.5080 28.1629
820.7040 27.9368
854.9000 28.8832
889.0960 28.4997
923.2920 28.0781
957.4880 27.6753
991.6840 28.6368
1025.8800 29.1161
1060.0760 28.4647
1094.2720 28.3581
1128.4680 28.3133
1162.6640 28.7920
1196.8600 28.2126
1231.0560 28.2027
1265.2520 29.0681
1299.4480 29.1303
1333.6440 28.4180
1367.8400 28.9228
1402.0360 28.3656
1436.2320 28.9049
1470.4280 28.6998
1504.6240 28.3099
1538.8200 29.2130
1573.0160 29.6103
1607.2120 29.0681
1641.4080 29.1736
1675.6040 28.9611
