VARIABLES = "Time" "MSD"
ZONE T = "BD 409"
0.0000 0.0000
34.1960 21.8816
68.3920 24.4279
102.5880 24.7999
136.7840 24.7218
170.9800 24.5905
205.1760 23.9869
239.3720 24.3556
273.5680 24.3408
307.7640 25.0452
341.9600 25.2535
376.1560 24.9254
410.3520 24.8410
444.5480 24.7273
478.7440 24.9523
512.9400 25.2909
547.1360 24.8586
581.3320 25.4049
615.5280 24.6643
649.7240 25.1457
683.9200 24.9056
718.1160 24.6570
752.3120 25.1806
786.5080 25.4016
820.7040 24.8034
854.9000 24.7674
889.0960 25.4759
923.2920 24.6446
957.4880 24.7655
991.6840 25.5473
1025.8800 25.6220
1060.0760 25.7953
1094.2720 25.8378
1128.4680 26.1789
1162.6640 24.9699
1196.8600 25.7109
1231.0560 26.3483
1265.2520 26.4991
1299.4480 25.9279
1333.6440 25.8592
1367.8400 25.5106
1402.0360 25.8049
1436.2320 25.8174
1470.4280 25.0811
1504.6240 25.8695
1538.8200 26.0743
1573.0160 25.6216
1607.2120 26.2618
1641.4080 25.6145
1675.6040 26.2791
