VARIABLES = "Time" "MSD"
ZONE T = "BD 408"
0.0000 0.0000
34.1960 21.0651
68.3920 23.2302
102.5880 23.5913
136.7840 23.6792
170.9800 24.1457
205.1760 23.8764
239.3720 23.6886
273.5680 23.7571
307.7640 23.7905
341.9600 24.0097
376.1560 24.4249
410.3520 24.6169
444.5480 24.3665
478.7440 24.6777
512.9400 25.0156
547.1360 24.5195
581.3320 24.2322
615.5280 24.1719
649.7240 24.2689
683.9200 24.9536
718.1160 24.4080
752.3120 24.6687
786.5080 24.7697
820.7040 24.9523
854.9000 25.0464
889.0960 24.7030
923.2920 24.8646
957.4880 25.3981
991.6840 25.4099
1025.8800 25.6830
1060.0760 25.6222
1094.2720 24.6860
1128.4680 25.0263
1162.6640 25.0592
1196.8600 25.4977
1231.0560 24.7175
1265.2520 25.4681
1299.4480 25.3862
1333.6440 25.2395
1367.8400 25.5264
1402.0360 25.6250
1436.2320 25.4508
1470.4280 25.6864
1504.6240 25.8818
1538.8200 25.8741
1573.0160 25.5562
1607.2120 25.7252
1641.4080 25.5245
1675.6040 25.4741
