VARIABLES = "Time" "MSD"
ZONE T = "BD 415"
0.0000 0.0000
34.1960 21.4886
68.3920 23.6701
102.5880 24.1530
136.7840 24.9898
170.9800 24.3105
205.1760 24.2385
239.3720 24.5318
273.5680 24.5633
307.7640 23.9028
341.9600 24.2752
376.1560 24.7096
410.3520 24.8581
444.5480 25.0837
478.7440 24.3207
512.9400 24.4680
547.1360 24.0279
581.3320 24.5602
615.5280 24.5635
649.7240 24.9345
683.9200 24.8190
718.1160 24.7139
752.3120 24.6399
786.5080 24.6975
820.7040 23.9672
854.9000 25.2268
889.0960 24.6527
923.2920 24.8009
957.4880 24.5309
991.6840 24.3650
1025.8800 24.5227
1060.0760 24.3109
1094.2720 24.7085
1128.4680 24.5005
1162.6640 24.5967
1196.8600 25.3354
1231.0560 24.2016
1265.2520 24.9954
1299.4480 24.8318
1333.6440 25.0222
1367.8400 24.7689
1402.0360 25.1025
1436.2320 24.5065
1470.4280 24.4057
1504.6240 25.1885
1538.8200 24.8596
1573.0160 24.9026
1607.2120 25.0436
1641.4080 24.6903
1675.6040 24.8755
