VARIABLES = "Time" "MSD"
ZONE T = "BD 419"
0.0000 0.0000
34.1960 22.1625
68.3920 24.0779
102.5880 24.3809
136.7840 24.2462
170.9800 24.2449
205.1760 24.6538
239.3720 25.0786
273.5680 25.0892
307.7640 25.0782
341.9600 24.9785
376.1560 25.1329
410.3520 24.8970
444.5480 24.5652
478.7440 24.3937
512.9400 25.0624
547.1360 25.0980
581.3320 25.3205
615.5280 24.4259
649.7240 25.1078
683.9200 24.8928
718.1160 25.1419
752.3120 25.0652
786.5080 24.5427
820.7040 25.2173
854.9000 24.8480
889.0960 25.2823
923.2920 25.4324
957.4880 25.0948
991.6840 24.5670
1025.8800 24.8718
1060.0760 25.3209
1094.2720 25.2448
1128.4680 25.0464
1162.6640 25.2707
1196.8600 25.3724
1231.0560 25.0387
1265.2520 25.7933
1299.4480 25.1722
1333.6440 25.4869
1367.8400 25.5499
1402.0360 25.3909
1436.2320 25.1041
1470.4280 25.3891
1504.6240 25.5189
1538.8200 25.1646
1573.0160 24.9162
1607.2120 25.1959
1641.4080 25.9612
1675.6040 25.5426
