VARIABLES = "Time" "MSD"
ZONE T = "BD 416"
0.0000 0.0000
34.1960 22.1390
68.3920 23.8233
102.5880 24.4929
136.7840 24.7409
170.9800 25.0420
205.1760 24.7842
239.3720 24.7303
273.5680 25.0315
307.7640 24.9685
341.9600 25.4548
376.1560 25.5342
410.3520 25.3032
444.5480 25.1011
478.7440 25.6516
512.9400 25.2181
547.1360 24.9061
581.3320 25.9507
615.5280 26.0921
649.7240 26.1911
683.9200 26.2321
718.1160 25.4691
752.3120 25.8938
786.5080 25.3276
820.7040 25.3968
854.9000 25.3320
889.0960 25.5060
923.2920 25.9239
957.4880 25.6167
991.6840 26.4073
1025.8800 25.9501
1060.0760 26.1756
1094.2720 25.2348
1128.4680 25.5882
1162.6640 25.5167
1196.8600 25.5188
1231.0560 25.9705
1265.2520 25.9188
1299.4480 25.8750
1333.6440 25.4559
1367.8400 26.3590
1402.0360 26.1000
1436.2320 26.1431
1470.4280 25.8597
1504.6240 25.6921
1538.8200 26.0582
1573.0160 25.9250
1607.2120 25.5382
1641.4080 25.9839
1675.6040 25.7141
