VARIABLES = "Time" "MSD"
ZONE T = "BD 410"
0.0000 0.0000
34.1960 22.6840
68.3920 25.1483
102.5880 24.8074
136.7840 25.0689
170.9800 25.3669
205.1760 25.5131
239.3720 25.5269
273.5680 26.4732
307.7640 26.8959
341.9600 26.0646
376.1560 26.4746
410.3520 25.9924
444.5480 25.8712
478.7440 26.0170
512.9400 26.1604
547.1360 25.8742
581.3320 25.7004
615.5280 25.9702
649.7240 26.0232
683.9200 25.9958
718.1160 25.6340
752.3120 26.2319
786.5080 25.9652
820.7040 26.5159
854.9000 26.1598
889.0960 26.8730
923.2920 26.3330
957.4880 26.2398
991.6840 26.1038
1025.8800 26.8512
1060.0760 26.9632
1094.2720 27.0773
1128.4680 27.0007
1162.6640 26.8318
1196.8600 26.0088
1231.0560 26.2324
1265.2520 26.7804
1299.4480 27.2678
1333.6440 26.3863
1367.8400 26.2246
1402.0360 26.7208
1436.2320 26.2508
1470.4280 26.5047
1504.6240 27.0311
1538.8200 26.5835
1573.0160 26.4290
1607.2120 26.7706
1641.4080 26.5841
1675.6040 27.1910
