VARIABLES = "Time" "MSD"
ZONE T = "BD 426"
0.0000 0.0000
34.1960 21.5767
68.3920 23.3772
102.5880 23.3994
136.7840 23.5186
170.9800 24.3620
205.1760 24.0015
239.3720 23.3602
273.5680 24.0911
307.7640 24.2719
341.9600 24.0142
376.1560 24.2637
410.3520 24.0519
444.5480 24.9452
478.7440 24.5710
512.9400 24.8357
547.1360 24.8584
581.3320 23.9176
615.5280 24.2949
649.7240 24.5125
683.9200 24.2709
718.1160 24.5717
752.3120 24.8301
786.5080 24.0612
820.7040 24.7173
854.9000 24.5266
889.0960 24.6645
923.2920 24.0817
957.4880 24.4873
991.6840 24.1215
1025.8800 24.4636
1060.0760 24.2942
1094.2720 24.6411
1128.4680 24.7634
1162.6640 24.5419
1196.8600 24.5207
1231.0560 24.6765
1265.2520 25.1232
1299.4480 24.5686
1333.6440 24.9152
1367.8400 24.4686
1402.0360 25.0543
1436.2320 25.3161
1470.4280 25.2489
1504.6240 25.3284
1538.8200 24.8807
1573.0160 24.8964
1607.2120 24.7034
1641.4080 25.2850
1675.6040 24.8044
