VARIABLES = "Time" "MSD"
ZONE T = "BD 429"
0.0000 0.0000
34.1960 21.2223
68.3920 22.9811
102.5880 24.0476
136.7840 23.7973
170.9800 24.1589
205.1760 23.6071
239.3720 23.7301
273.5680 24.2418
307.7640 24.0112
341.9600 24.4340
376.1560 24.1062
410.3520 23.9821
444.5480 24.5831
478.7440 24.8397
512.9400 25.1258
547.1360 24.8844
581.3320 24.3946
615.5280 24.4914
649.7240 24.2520
683.9200 24.2245
718.1160 24.8175
752.3120 24.8488
786.5080 24.7945
820.7040 25.1263
854.9000 24.2621
889.0960 24.8705
923.2920 24.8379
957.4880 25.2954
991.6840 24.4888
1025.8800 25.6635
1060.0760 24.8544
1094.2720 24.0871
1128.4680 24.2482
1162.6640 24.7578
1196.8600 25.1661
1231.0560 25.1167
1265.2520 24.8877
1299.4480 24.3725
1333.6440 24.6411
1367.8400 23.9413
1402.0360 24.7648
1436.2320 24.8307
1470.4280 24.8297
1504.6240 24.3920
1538.8200 24.6685
1573.0160 25.2568
1607.2120 24.9523
1641.4080 24.6801
1675.6040 25.0245
