VARIABLES = "Time" "MSD"
ZONE T = "BD 422"
0.0000 0.0000
34.1960 21.6789
68.3920 23.2035
102.5880 24.0384
136.7840 23.7773
170.9800 24.3492
205.1760 24.3372
239.3720 24.3963
273.5680 24.2162
307.7640 24.4947
341.9600 24.7405
376.1560 25.3163
410.3520 24.3539
444.5480 24.4228
478.7440 24.7829
512.9400 25.0337
547.1360 25.0333
581.3320 25.2957
615.5280 25.7518
649.7240 24.8311
683.9200 25.2804
718.1160 24.6258
752.3120 24.3279
786.5080 25.0994
820.7040 25.4034
854.9000 24.7186
889.0960 25.0065
923.2920 25.0453
957.4880 24.9699
991.6840 25.1775
1025.8800 24.8213
1060.0760 24.8585
1094.2720 25.1411
1128.4680 24.8231
1162.6640 25.1230
1196.8600 24.7320
1231.0560 25.3902
1265.2520 25.1786
1299.4480 25.2997
1333.6440 25.1910
1367.8400 25.2572
1402.0360 25.0746
1436.2320 25.5277
1470.4280 25.7510
1504.6240 25.9111
1538.8200 25.8425
1573.0160 25.6031
1607.2120 25.3880
1641.4080 25.8105
1675.6040 25.4761
