VARIABLES = "Time" "MSD"
ZONE T = "BD 428"
0.0000 0.0000
34.1960 20.6362
68.3920 22.7341
102.5880 23.4586
136.7840 23.5804
170.9800 23.4125
205.1760 23.0831
239.3720 23.3143
273.5680 23.5372
307.7640 23.7874
341.9600 23.5206
376.1560 23.9812
410.3520 23.3085
444.5480 23.9174
478.7440 24.0785
512.9400 24.2450
547.1360 23.9340
581.3320 24.3135
615.5280 24.1478
649.7240 24.6189
683.9200 24.3745
718.1160 24.0917
752.3120 24.0137
786.5080 23.6297
820.7040 23.9604
854.9000 24.5797
889.0960 24.5906
923.2920 24.2985
957.4880 23.9789
991.6840 23.9393
1025.8800 24.3537
1060.0760 24.1888
1094.2720 24.3953
1128.4680 24.6028
1162.6640 24.4598
1196.8600 24.2814
1231.0560 24.6406
1265.2520 24.6562
1299.4480 25.2272
1333.6440 24.7616
1367.8400 24.3091
1402.0360 24.5017
1436.2320 24.4732
1470.4280 25.1198
1504.6240 24.8861
1538.8200 25.0955
1573.0160 24.5261
1607.2120 24.8317
1641.4080 24.7162
1675.6040 24.9827
