VARIABLES = "Time" "MSD"
ZONE T = "BD 42"
0.0000 0.0000
34.1960 74.5933
68.3920 146.9248
102.5880 216.5527
136.7840 285.1389
170.9800 356.2287
205.1760 425.1773
239.3720 493.4450
273.5680 561.7450
307.7640 625.7250
341.9600 688.5609
376.1560 751.8797
410.3520 811.6356
444.5480 872.9075
478.7440 932.9610
512.9400 991.3617
547.1360 1046.3655
581.3320 1103.3184
615.5280 1158.9203
649.7240 1216.7699
683.9200 1272.0014
718.1160 1325.2550
752.3120 1377.0325
786.5080 1428.3414
820.7040 1479.7344
854.9000 1531.2552
889.0960 1580.9608
923.2920 1632.6644
957.4880 1682.8378
991.6840 1735.4160
1025.8800 1788.4414
1060.0760 1841.7567
1094.2720 1894.8545
1128.4680 1948.8012
1162.6640 2001.9569
1196.8600 2055.6340
1231.0560 2109.1820
1265.2520 2161.5605
1299.4480 2214.3992
1333.6440 2265.8912
1367.8400 2314.6760
1402.0360 2361.6589
1436.2320 2407.7111
1470.4280 2454.3020
1504.6240 2501.6025
1538.8200 2546.5689
1573.0160 2592.9460
1607.2120 2636.6824
1641.4080 2678.4774
1675.6040 2720.8053
