VARIABLES = "Time" "MSD"
ZONE T = "BD 425"
0.0000 0.0000
34.1960 22.3436
68.3920 24.7156
102.5880 25.4994
136.7840 25.4083
170.9800 25.2810
205.1760 25.4816
239.3720 25.6484
273.5680 25.4020
307.7640 25.3956
341.9600 25.6761
376.1560 25.7120
410.3520 25.2767
444.5480 25.9719
478.7440 26.2981
512.9400 25.9203
547.1360 25.4062
581.3320 24.9810
615.5280 25.8365
649.7240 26.6950
683.9200 26.2658
718.1160 25.8900
752.3120 26.2447
786.5080 26.5576
820.7040 26.2856
854.9000 25.7849
889.0960 25.8628
923.2920 26.2866
957.4880 26.2879
991.6840 25.9104
1025.8800 25.7625
1060.0760 25.9781
1094.2720 25.7171
1128.4680 26.4314
1162.6640 26.7542
1196.8600 26.0169
1231.0560 26.5930
1265.2520 26.1135
1299.4480 26.1807
1333.6440 26.2057
1367.8400 26.6305
1402.0360 26.3862
1436.2320 25.8696
1470.4280 26.3405
1504.6240 26.2631
1538.8200 26.1262
1573.0160 26.2006
1607.2120 26.2193
1641.4080 26.3067
1675.6040 25.8865
