VARIABLES = "Time" "MSD"
ZONE T = "BD 434"
0.0000 0.0000
34.1960 20.9940
68.3920 22.4891
102.5880 23.2728
136.7840 23.1492
170.9800 23.8818
205.1760 23.4428
239.3720 23.5575
273.5680 23.6663
307.7640 23.7058
341.9600 23.1726
376.1560 23.6577
410.3520 24.1145
444.5480 24.0113
478.7440 23.6235
512.9400 23.6922
547.1360 23.7767
581.3320 24.5335
615.5280 23.8057
649.7240 23.7900
683.9200 24.1833
718.1160 23.4090
752.3120 24.2768
786.5080 24.5772
820.7040 24.0948
854.9000 23.4782
889.0960 23.5603
923.2920 24.2706
957.4880 24.3980
991.6840 24.1077
1025.8800 24.4955
1060.0760 24.1490
1094.2720 24.4615
1128.4680 24.2706
1162.6640 24.3544
1196.8600 24.2346
1231.0560 23.7147
1265.2520 24.3963
1299.4480 24.1594
1333.6440 23.5054
1367.8400 23.9944
1402.0360 24.3250
1436.2320 23.6200
1470.4280 23.6032
1504.6240 24.4838
1538.8200 23.9626
1573.0160 24.1051
1607.2120 24.0373
1641.4080 24.3831
1675.6040 23.9649
