VARIABLES = "Time" "MSD"
ZONE T = "BD 433"
0.0000 0.0000
34.1960 21.4591
68.3920 23.4067
102.5880 23.1030
136.7840 23.7368
170.9800 24.0576
205.1760 24.8896
239.3720 24.8610
273.5680 24.4382
307.7640 24.5248
341.9600 24.5472
376.1560 25.1425
410.3520 24.7542
444.5480 24.5133
478.7440 24.5913
512.9400 25.1168
547.1360 24.8065
581.3320 25.0534
615.5280 25.0373
649.7240 24.6429
683.9200 24.8357
718.1160 24.7307
752.3120 24.7328
786.5080 24.8707
820.7040 24.7443
854.9000 24.8364
889.0960 25.1971
923.2920 25.1819
957.4880 24.3227
991.6840 24.5841
1025.8800 24.2024
1060.0760 24.6987
1094.2720 25.0401
1128.4680 25.2089
1162.6640 25.4576
1196.8600 24.7838
1231.0560 25.2236
1265.2520 25.3553
1299.4480 25.3013
1333.6440 25.0848
1367.8400 24.6236
1402.0360 25.4808
1436.2320 25.5744
1470.4280 25.2678
1504.6240 24.6269
1538.8200 24.9835
1573.0160 25.5770
1607.2120 25.1322
1641.4080 24.9962
1675.6040 25.3936
