VARIABLES = "Time" "MSD"
ZONE T = "BD 444"
0.0000 0.0000
34.1960 21.4676
68.3920 23.1779
102.5880 23.3803
136.7840 23.8182
170.9800 24.2907
205.1760 23.8851
239.3720 24.0164
273.5680 24.1449
307.7640 23.7107
341.9600 23.7748
376.1560 24.1520
410.3520 23.8303
444.5480 24.1123
478.7440 24.2876
512.9400 23.6863
547.1360 24.0561
581.3320 24.4995
615.5280 24.3576
649.7240 24.4269
683.9200 24.9359
718.1160 24.4129
752.3120 24.0527
786.5080 24.3876
820.7040 24.0529
854.9000 24.7510
889.0960 25.0053
923.2920 24.6490
957.4880 25.0626
991.6840 24.4760
1025.8800 24.5454
1060.0760 24.4524
1094.2720 24.9696
1128.4680 24.7578
1162.6640 24.4687
1196.8600 24.9437
1231.0560 24.7502
1265.2520 24.7841
1299.4480 24.9094
1333.6440 24.8416
1367.8400 24.7778
1402.0360 24.6363
1436.2320 24.3882
1470.4280 24.6024
1504.6240 24.2673
1538.8200 24.3663
1573.0160 24.7553
1607.2120 25.3517
1641.4080 24.6631
1675.6040 24.6770
