VARIABLES = "Time" "MSD"
ZONE T = "BD 447"
0.0000 0.0000
34.1960 20.6836
68.3920 21.9875
102.5880 22.0635
136.7840 22.8246
170.9800 22.9489
205.1760 22.6635
239.3720 22.3841
273.5680 22.3883
307.7640 22.7222
341.9600 23.1833
376.1560 22.5745
410.3520 22.5976
444.5480 22.9457
478.7440 23.3571
512.9400 23.1913
547.1360 23.4284
581.3320 23.8946
615.5280 23.1943
649.7240 23.8986
683.9200 23.3985
718.1160 23.2767
752.3120 23.2614
786.5080 23.4889
820.7040 23.2655
854.9000 23.1761
889.0960 23.5020
923.2920 23.7473
957.4880 23.6948
991.6840 24.3603
1025.8800 24.0616
1060.0760 24.1182
1094.2720 23.6596
1128.4680 23.9034
1162.6640 23.4372
1196.8600 23.6893
1231.0560 23.6326
1265.2520 23.9966
1299.4480 23.9922
1333.6440 23.8753
1367.8400 23.1449
1402.0360 23.5252
1436.2320 23.7586
1470.4280 23.7484
1504.6240 23.6951
1538.8200 23.4671
1573.0160 23.8422
1607.2120 24.2069
1641.4080 23.3817
1675.6040 23.8157
