VARIABLES = "Time" "MSD"
ZONE T = "BD 440"
0.0000 0.0000
34.1960 22.0467
68.3920 23.5787
102.5880 24.4512
136.7840 24.0058
170.9800 24.3903
205.1760 24.1602
239.3720 24.5118
273.5680 25.2135
307.7640 24.8897
341.9600 24.3751
376.1560 24.8697
410.3520 24.5854
444.5480 24.6682
478.7440 24.7196
512.9400 24.7615
547.1360 24.9304
581.3320 24.5809
615.5280 24.7773
649.7240 24.9068
683.9200 24.9934
718.1160 25.5203
752.3120 24.9269
786.5080 25.0517
820.7040 25.0336
854.9000 25.0524
889.0960 24.9443
923.2920 25.1670
957.4880 24.8052
991.6840 24.7455
1025.8800 25.2074
1060.0760 25.2418
1094.2720 25.0698
1128.4680 25.3129
1162.6640 25.2498
1196.8600 24.5994
1231.0560 24.9483
1265.2520 25.0314
1299.4480 25.3157
1333.6440 25.6419
1367.8400 25.5947
1402.0360 25.4271
1436.2320 24.6539
1470.4280 25.3795
1504.6240 25.4512
1538.8200 25.8023
1573.0160 25.4845
1607.2120 25.2059
1641.4080 25.5071
1675.6040 25.1375
