VARIABLES = "Time" "MSD"
ZONE T = "BD 456"
0.0000 0.0000
34.1960 20.5666
68.3920 22.3405
102.5880 23.1902
136.7840 23.2234
170.9800 23.2246
205.1760 23.1215
239.3720 23.2953
273.5680 23.3389
307.7640 22.7645
341.9600 22.8866
376.1560 23.1909
410.3520 23.2038
444.5480 23.2597
478.7440 22.8713
512.9400 23.4554
547.1360 23.1535
581.3320 23.5430
615.5280 23.0288
649.7240 23.7341
683.9200 23.2770
718.1160 23.3779
752.3120 23.5467
786.5080 23.3842
820.7040 23.1422
854.9000 23.8013
889.0960 23.9948
923.2920 23.8776
957.4880 23.9937
991.6840 24.0115
1025.8800 23.6402
1060.0760 23.6219
1094.2720 24.0352
1128.4680 24.3010
1162.6640 23.7296
1196.8600 23.7939
1231.0560 23.8413
1265.2520 23.8862
1299.4480 23.9851
1333.6440 24.4212
1367.8400 23.8692
1402.0360 24.2038
1436.2320 24.4523
1470.4280 24.1607
1504.6240 24.3460
1538.8200 24.6157
1573.0160 24.5308
1607.2120 23.7473
1641.4080 24.3487
1675.6040 24.0496
