VARIABLES = "Time" "MSD"
ZONE T = "BD 454"
0.0000 0.0000
34.1960 20.4671
68.3920 22.4516
102.5880 23.2841
136.7840 23.3686
170.9800 23.0845
205.1760 23.0025
239.3720 23.2372
273.5680 22.8720
307.7640 23.1442
341.9600 22.5560
376.1560 23.4125
410.3520 23.6327
444.5480 23.5063
478.7440 23.9420
512.9400 23.6562
547.1360 23.3928
581.3320 23.6848
615.5280 24.0022
649.7240 23.4299
683.9200 23.7953
718.1160 23.5838
752.3120 23.1970
786.5080 23.4750
820.7040 24.5771
854.9000 24.2343
889.0960 23.8103
923.2920 23.9778
957.4880 23.6249
991.6840 24.5283
1025.8800 24.1398
1060.0760 24.4436
1094.2720 24.3952
1128.4680 24.6461
1162.6640 24.3309
1196.8600 24.3074
1231.0560 24.5114
1265.2520 24.6536
1299.4480 24.7941
1333.6440 23.9632
1367.8400 24.3494
1402.0360 24.3933
1436.2320 24.0016
1470.4280 24.7069
1504.6240 24.3610
1538.8200 24.3259
1573.0160 24.1075
1607.2120 24.2784
1641.4080 24.6246
1675.6040 24.6640
