VARIABLES = "Time" "MSD"
ZONE T = "BD 459"
0.0000 0.0000
34.1960 19.7226
68.3920 21.5800
102.5880 21.9938
136.7840 22.3373
170.9800 21.9536
205.1760 22.0764
239.3720 22.0321
273.5680 22.2058
307.7640 22.4341
341.9600 22.2917
376.1560 22.4665
410.3520 22.4892
444.5480 22.7129
478.7440 22.4021
512.9400 22.4533
547.1360 22.6497
581.3320 22.3160
615.5280 22.4046
649.7240 22.6216
683.9200 22.8164
718.1160 22.7661
752.3120 22.3279
786.5080 22.2998
820.7040 22.2955
854.9000 22.5957
889.0960 22.6227
923.2920 22.7983
957.4880 22.5017
991.6840 22.4958
1025.8800 22.5884
1060.0760 22.7965
1094.2720 22.9489
1128.4680 22.6499
1162.6640 22.9082
1196.8600 22.9889
1231.0560 22.6520
1265.2520 23.4281
1299.4480 23.2599
1333.6440 23.3646
1367.8400 22.9080
1402.0360 23.0212
1436.2320 23.0986
1470.4280 22.9788
1504.6240 22.9115
1538.8200 22.8522
1573.0160 23.0548
1607.2120 23.2908
1641.4080 23.2379
1675.6040 22.9809
