VARIABLES = "Time" "MSD"
ZONE T = "BD 451"
0.0000 0.0000
34.1960 20.5312
68.3920 22.4718
102.5880 21.9088
136.7840 22.2116
170.9800 23.1476
205.1760 22.2972
239.3720 22.6711
273.5680 22.5152
307.7640 23.1483
341.9600 22.4317
376.1560 22.6739
410.3520 23.0766
444.5480 22.3484
478.7440 23.0720
512.9400 22.9216
547.1360 23.0401
581.3320 22.8207
615.5280 23.0187
649.7240 23.2584
683.9200 23.2544
718.1160 23.0645
752.3120 23.2117
786.5080 23.4262
820.7040 22.7986
854.9000 22.7753
889.0960 22.6070
923.2920 22.9170
957.4880 23.5327
991.6840 23.5825
1025.8800 23.7574
1060.0760 23.1932
1094.2720 23.0304
1128.4680 23.2463
1162.6640 23.4558
1196.8600 23.2278
1231.0560 23.2226
1265.2520 23.2497
1299.4480 23.1474
1333.6440 23.2105
1367.8400 23.5042
1402.0360 23.3233
1436.2320 23.6031
1470.4280 23.3667
1504.6240 23.6285
1538.8200 23.8905
1573.0160 23.8794
1607.2120 23.3988
1641.4080 23.5194
1675.6040 23.8506
