VARIABLES = "Time" "MSD"
ZONE T = "BD 463"
0.0000 0.0000
34.1960 18.7730
68.3920 20.4756
102.5880 21.3536
136.7840 20.8479
170.9800 21.1594
205.1760 21.6441
239.3720 21.1129
273.5680 20.9113
307.7640 21.5572
341.9600 21.9564
376.1560 21.6265
410.3520 21.5130
444.5480 21.8856
478.7440 21.7537
512.9400 21.6524
547.1360 21.7612
581.3320 21.7810
615.5280 21.8685
649.7240 21.8938
683.9200 22.0287
718.1160 21.6343
752.3120 21.8153
786.5080 21.9495
820.7040 21.6948
854.9000 21.6850
889.0960 22.0262
923.2920 21.7035
957.4880 21.7072
991.6840 21.5774
1025.8800 21.7814
1060.0760 21.4493
1094.2720 22.0383
1128.4680 21.8820
1162.6640 21.9743
1196.8600 21.8258
1231.0560 21.5978
1265.2520 21.7496
1299.4480 21.8292
1333.6440 22.1974
1367.8400 22.1126
1402.0360 21.9921
1436.2320 22.0204
1470.4280 22.1381
1504.6240 22.1240
1538.8200 21.7319
1573.0160 22.0022
1607.2120 22.0417
1641.4080 22.4262
1675.6040 21.6488
