VARIABLES = "Time" "MSD"
ZONE T = "BD 468"
0.0000 0.0000
34.1960 19.7170
68.3920 20.8358
102.5880 21.3920
136.7840 21.7332
170.9800 21.8540
205.1760 21.7055
239.3720 21.7549
273.5680 21.7253
307.7640 21.6412
341.9600 21.2903
376.1560 21.9067
410.3520 21.8258
444.5480 22.2964
478.7440 22.1737
512.9400 21.7530
547.1360 21.8560
581.3320 21.8208
615.5280 21.6806
649.7240 21.1951
683.9200 21.1970
718.1160 21.7945
752.3120 21.7279
786.5080 21.9142
820.7040 21.8078
854.9000 21.8455
889.0960 22.1507
923.2920 21.9316
957.4880 22.1742
991.6840 21.9882
1025.8800 21.7530
1060.0760 21.9851
1094.2720 22.5531
1128.4680 22.3331
1162.6640 21.9319
1196.8600 22.4280
1231.0560 22.8036
1265.2520 22.2827
1299.4480 22.6844
1333.6440 22.6063
1367.8400 22.0674
1402.0360 22.0146
1436.2320 22.5940
1470.4280 22.6385
1504.6240 22.5983
1538.8200 22.2309
1573.0160 22.5153
1607.2120 22.6185
1641.4080 21.9451
1675.6040 22.0958
