VARIABLES = "Time" "MSD"
ZONE T = "BD 469"
0.0000 0.0000
34.1960 20.2888
68.3920 21.8769
102.5880 22.6891
136.7840 22.8779
170.9800 22.5946
205.1760 22.8054
239.3720 23.1321
273.5680 23.1974
307.7640 22.8331
341.9600 22.3933
376.1560 22.6994
410.3520 23.5276
444.5480 23.3240
478.7440 23.0858
512.9400 22.8455
547.1360 22.9432
581.3320 22.3200
615.5280 22.7811
649.7240 22.4344
683.9200 23.0998
718.1160 23.0195
752.3120 23.0135
786.5080 23.3069
820.7040 23.0654
854.9000 22.9697
889.0960 23.2501
923.2920 23.1698
957.4880 23.4057
991.6840 23.3570
1025.8800 23.2191
1060.0760 22.9757
1094.2720 22.9035
1128.4680 22.9312
1162.6640 22.7685
1196.8600 23.3636
1231.0560 23.1991
1265.2520 23.3176
1299.4480 23.3137
1333.6440 23.2215
1367.8400 22.7287
1402.0360 23.4513
1436.2320 23.4650
1470.4280 23.2816
1504.6240 23.5181
1538.8200 23.3107
1573.0160 23.5446
1607.2120 22.6583
1641.4080 22.8825
1675.6040 22.9654
