VARIABLES = "Time" "MSD"
ZONE T = "BD 466"
0.0000 0.0000
34.1960 19.8822
68.3920 21.2839
102.5880 21.6320
136.7840 22.1729
170.9800 21.9546
205.1760 22.2481
239.3720 22.2564
273.5680 21.5839
307.7640 22.3419
341.9600 22.2311
376.1560 21.9217
410.3520 22.1765
444.5480 22.1004
478.7440 22.2559
512.9400 22.4163
547.1360 22.0869
581.3320 22.2568
615.5280 22.3466
649.7240 21.8060
683.9200 21.7336
718.1160 22.8400
752.3120 22.0820
786.5080 22.0170
820.7040 22.2758
854.9000 22.3488
889.0960 21.6831
923.2920 22.0947
957.4880 22.4988
991.6840 22.2000
1025.8800 22.1447
1060.0760 22.2162
1094.2720 22.3833
1128.4680 22.5655
1162.6640 22.1756
1196.8600 22.2944
1231.0560 22.5462
1265.2520 22.1380
1299.4480 22.1595
1333.6440 22.8044
1367.8400 22.5600
1402.0360 22.4212
1436.2320 22.0316
1470.4280 22.2534
1504.6240 22.3306
1538.8200 22.4328
1573.0160 22.8138
1607.2120 22.9830
1641.4080 23.0549
1675.6040 22.4131
