VARIABLES = "Time" "MSD"
ZONE T = "BD 462"
0.0000 0.0000
34.1960 20.6916
68.3920 22.4178
102.5880 22.9870
136.7840 22.5730
170.9800 23.4672
205.1760 23.2487
239.3720 23.5085
273.5680 23.0548
307.7640 23.4286
341.9600 23.2551
376.1560 23.3463
410.3520 23.8655
444.5480 23.2791
478.7440 23.1965
512.9400 23.8320
547.1360 23.4632
581.3320 23.4917
615.5280 23.1700
649.7240 23.2702
683.9200 23.5062
718.1160 23.5147
752.3120 23.2050
786.5080 23.4759
820.7040 23.7597
854.9000 23.8623
889.0960 23.5382
923.2920 23.1517
957.4880 23.1892
991.6840 23.5579
1025.8800 23.6582
1060.0760 23.4983
1094.2720 23.0791
1128.4680 23.2599
1162.6640 23.8658
1196.8600 24.4197
1231.0560 24.3496
1265.2520 23.6955
1299.4480 23.6911
1333.6440 23.4514
1367.8400 23.5431
1402.0360 23.7162
1436.2320 23.2098
1470.4280 23.4852
1504.6240 23.8694
1538.8200 23.5691
1573.0160 23.4110
1607.2120 23.0928
1641.4080 23.4638
1675.6040 23.9043
