VARIABLES = "Time" "MSD"
ZONE T = "BD 461"
0.0000 0.0000
34.1960 20.0509
68.3920 21.5871
102.5880 22.1496
136.7840 22.5190
170.9800 21.6226
205.1760 22.2062
239.3720 22.3439
273.5680 21.6294
307.7640 22.5029
341.9600 22.4419
376.1560 22.9253
410.3520 22.4554
444.5480 22.7484
478.7440 21.9619
512.9400 22.1308
547.1360 22.1965
581.3320 22.4446
615.5280 22.6513
649.7240 22.5569
683.9200 22.5925
718.1160 22.6308
752.3120 22.3083
786.5080 23.0640
820.7040 23.2571
854.9000 22.8958
889.0960 23.0133
923.2920 23.1178
957.4880 22.4619
991.6840 22.8597
1025.8800 22.3974
1060.0760 22.3355
1094.2720 22.8353
1128.4680 22.4466
1162.6640 22.7599
1196.8600 22.4673
1231.0560 22.5755
1265.2520 22.9571
1299.4480 22.3341
1333.6440 23.2506
1367.8400 22.7818
1402.0360 22.8673
1436.2320 22.6837
1470.4280 22.9475
1504.6240 22.4694
1538.8200 22.5076
1573.0160 22.7309
1607.2120 22.5933
1641.4080 22.9069
1675.6040 22.5642
