VARIABLES = "Time" "MSD"
ZONE T = "BD 46"
0.0000 0.0000
34.1960 73.4216
68.3920 144.0599
102.5880 215.4007
136.7840 283.6469
170.9800 350.9609
205.1760 416.9466
239.3720 483.3557
273.5680 547.1675
307.7640 610.9103
341.9600 673.8633
376.1560 740.0204
410.3520 802.1361
444.5480 864.2830
478.7440 924.3723
512.9400 986.1076
547.1360 1044.6121
581.3320 1102.2755
615.5280 1158.8387
649.7240 1213.8263
683.9200 1271.6077
718.1160 1325.9877
752.3120 1378.8431
786.5080 1429.0862
820.7040 1478.6135
854.9000 1528.4825
889.0960 1578.5363
923.2920 1630.1846
957.4880 1678.7145
991.6840 1725.9757
1025.8800 1773.1935
1060.0760 1822.6627
1094.2720 1872.8902
1128.4680 1920.3599
1162.6640 1968.6012
1196.8600 2015.9186
1231.0560 2064.2171
1265.2520 2111.6828
1299.4480 2159.2051
1333.6440 2205.3304
1367.8400 2248.1854
1402.0360 2287.7085
1436.2320 2325.2815
1470.4280 2360.1154
1504.6240 2392.6889
1538.8200 2427.8936
1573.0160 2463.7418
1607.2120 2499.6503
1641.4080 2532.7743
1675.6040 2563.1814
