VARIABLES = "Time" "MSD"
ZONE T = "BD 477"
0.0000 0.0000
34.1960 18.9547
68.3920 20.4165
102.5880 20.7698
136.7840 20.6016
170.9800 20.8412
205.1760 20.7736
239.3720 20.9250
273.5680 20.9088
307.7640 21.2665
341.9600 20.7843
376.1560 20.9282
410.3520 20.7796
444.5480 21.3436
478.7440 21.7565
512.9400 21.5544
547.1360 21.4651
581.3320 21.0899
615.5280 21.2138
649.7240 20.9923
683.9200 21.2219
718.1160 21.3073
752.3120 21.0570
786.5080 21.1443
820.7040 20.9665
854.9000 21.0530
889.0960 21.6322
923.2920 21.6337
957.4880 21.1756
991.6840 21.1617
1025.8800 21.3094
1060.0760 21.1440
1094.2720 21.2063
1128.4680 21.4819
1162.6640 21.3130
1196.8600 21.5688
1231.0560 21.5385
1265.2520 21.3268
1299.4480 21.4605
1333.6440 21.7502
1367.8400 21.4317
1402.0360 21.1400
1436.2320 21.9642
1470.4280 21.6392
1504.6240 21.2622
1538.8200 21.8757
1573.0160 21.4860
1607.2120 21.6351
1641.4080 21.4669
1675.6040 21.5108
