VARIABLES = "Time" "MSD"
ZONE T = "BD 471"
0.0000 0.0000
34.1960 18.7002
68.3920 20.5685
102.5880 19.9889
136.7840 20.2545
170.9800 20.7048
205.1760 20.4694
239.3720 20.6773
273.5680 20.5260
307.7640 21.1193
341.9600 20.8852
376.1560 20.9219
410.3520 20.7934
444.5480 20.6706
478.7440 20.8280
512.9400 20.7108
547.1360 20.6172
581.3320 21.3483
615.5280 21.1301
649.7240 21.1965
683.9200 21.0058
718.1160 20.7210
752.3120 20.7951
786.5080 21.4259
820.7040 21.2687
854.9000 21.0255
889.0960 21.2150
923.2920 20.9364
957.4880 21.1626
991.6840 21.7791
1025.8800 21.0501
1060.0760 20.9407
1094.2720 21.0398
1128.4680 21.1811
1162.6640 21.3775
1196.8600 21.3933
1231.0560 21.0382
1265.2520 21.2866
1299.4480 21.3805
1333.6440 21.1768
1367.8400 20.6729
1402.0360 21.2307
1436.2320 21.6234
1470.4280 21.4973
1504.6240 21.5677
1538.8200 21.5922
1573.0160 21.2279
1607.2120 21.3145
1641.4080 21.7700
1675.6040 21.8273
