VARIABLES = "Time" "MSD"
ZONE T = "BD 472"
0.0000 0.0000
34.1960 20.5596
68.3920 21.6422
102.5880 21.8419
136.7840 21.9644
170.9800 21.8672
205.1760 21.8180
239.3720 22.2992
273.5680 22.1905
307.7640 22.5300
341.9600 22.9344
376.1560 22.8982
410.3520 22.5414
444.5480 21.9925
478.7440 22.7022
512.9400 22.5677
547.1360 21.9390
581.3320 22.0971
615.5280 21.9775
649.7240 22.2859
683.9200 22.2588
718.1160 21.9985
752.3120 22.3717
786.5080 21.8553
820.7040 22.5440
854.9000 22.4996
889.0960 21.9483
923.2920 22.7094
957.4880 22.4481
991.6840 22.5938
1025.8800 22.0351
1060.0760 22.3286
1094.2720 22.0936
1128.4680 22.6396
1162.6640 22.2889
1196.8600 23.0086
1231.0560 22.9871
1265.2520 22.5874
1299.4480 22.4041
1333.6440 22.0937
1367.8400 22.4181
1402.0360 22.7083
1436.2320 22.5700
1470.4280 22.8422
1504.6240 22.4184
1538.8200 22.6681
1573.0160 22.5487
1607.2120 22.9776
1641.4080 22.7367
1675.6040 22.9271
