VARIABLES = "Time" "MSD"
ZONE T = "BD 48"
0.0000 0.0000
34.1960 72.9453
68.3920 144.0575
102.5880 212.9018
136.7840 277.3888
170.9800 341.9106
205.1760 404.5981
239.3720 464.6116
273.5680 524.7253
307.7640 583.6280
341.9600 641.3844
376.1560 696.8433
410.3520 750.0067
444.5480 801.3722
478.7440 849.2759
512.9400 898.7059
547.1360 947.8999
581.3320 999.9029
615.5280 1050.5508
649.7240 1099.4601
683.9200 1144.1531
718.1160 1187.8494
752.3120 1229.6459
786.5080 1272.1303
820.7040 1314.6045
854.9000 1358.3508
889.0960 1402.1150
923.2920 1443.7057
957.4880 1483.1130
991.6840 1525.0122
1025.8800 1564.8926
1060.0760 1606.2002
1094.2720 1647.4122
1128.4680 1687.9383
1162.6640 1725.9532
1196.8600 1764.6120
1231.0560 1801.3749
1265.2520 1838.6204
1299.4480 1876.4763
1333.6440 1914.5599
1367.8400 1953.5908
1402.0360 1995.6260
1436.2320 2037.8251
1470.4280 2075.1579
1504.6240 2113.2997
1538.8200 2148.4209
1573.0160 2182.3119
1607.2120 2214.8128
1641.4080 2249.5967
1675.6040 2286.2640
