VARIABLES = "Time" "MSD"
ZONE T = "BD 488"
0.0000 0.0000
34.1960 18.7041
68.3920 20.1618
102.5880 20.4719
136.7840 20.5238
170.9800 20.4304
205.1760 20.2821
239.3720 20.8711
273.5680 21.0556
307.7640 21.2030
341.9600 21.2145
376.1560 20.7074
410.3520 20.3350
444.5480 20.9845
478.7440 20.4200
512.9400 20.2929
547.1360 21.1387
581.3320 20.8240
615.5280 20.6667
649.7240 20.9739
683.9200 21.2506
718.1160 21.4311
752.3120 21.2901
786.5080 20.9353
820.7040 21.1277
854.9000 20.8773
889.0960 20.9706
923.2920 20.7863
957.4880 21.0408
991.6840 20.5026
1025.8800 21.0001
1060.0760 20.8328
1094.2720 20.8808
1128.4680 20.8519
1162.6640 20.9296
1196.8600 20.7224
1231.0560 21.0528
1265.2520 20.8154
1299.4480 20.8894
1333.6440 21.1702
1367.8400 21.0533
1402.0360 20.9888
1436.2320 20.7434
1470.4280 20.7779
1504.6240 20.9147
1538.8200 20.8155
1573.0160 20.8656
1607.2120 20.6354
1641.4080 20.8313
1675.6040 20.3874
