VARIABLES = "Time" "MSD"
ZONE T = "BD 484"
0.0000 0.0000
34.1960 19.1769
68.3920 20.6698
102.5880 20.8725
136.7840 20.5657
170.9800 21.2663
205.1760 20.8046
239.3720 20.6585
273.5680 20.9803
307.7640 21.0068
341.9600 20.9749
376.1560 21.3103
410.3520 21.2722
444.5480 21.1129
478.7440 21.2472
512.9400 21.5601
547.1360 20.9703
581.3320 21.5503
615.5280 21.1596
649.7240 21.0803
683.9200 20.8931
718.1160 21.1371
752.3120 21.6323
786.5080 21.3137
820.7040 20.9011
854.9000 21.1900
889.0960 21.2568
923.2920 20.8815
957.4880 20.9963
991.6840 21.7074
1025.8800 21.1964
1060.0760 21.0769
1094.2720 21.8259
1128.4680 21.4066
1162.6640 21.2092
1196.8600 21.6945
1231.0560 21.8971
1265.2520 21.5636
1299.4480 21.4360
1333.6440 21.8198
1367.8400 21.0889
1402.0360 21.3736
1436.2320 21.3178
1470.4280 21.4151
1504.6240 21.5961
1538.8200 21.0786
1573.0160 21.3274
1607.2120 21.5843
1641.4080 21.7856
1675.6040 21.4190
