VARIABLES = "Time" "MSD"
ZONE T = "BD 483"
0.0000 0.0000
34.1960 19.2618
68.3920 20.1882
102.5880 20.4330
136.7840 20.4719
170.9800 20.4839
205.1760 21.2097
239.3720 20.9308
273.5680 20.9350
307.7640 21.1142
341.9600 20.7470
376.1560 20.9074
410.3520 20.4030
444.5480 20.8274
478.7440 21.1256
512.9400 21.2499
547.1360 20.9836
581.3320 21.1306
615.5280 20.8560
649.7240 21.0062
683.9200 21.2346
718.1160 21.5985
752.3120 21.1620
786.5080 20.8884
820.7040 20.5279
854.9000 20.7115
889.0960 20.9090
923.2920 20.8961
957.4880 21.3310
991.6840 20.8661
1025.8800 20.8960
1060.0760 21.6064
1094.2720 21.1535
1128.4680 21.2782
1162.6640 21.1049
1196.8600 20.6890
1231.0560 21.0259
1265.2520 21.5920
1299.4480 21.5966
1333.6440 21.7102
1367.8400 21.5092
1402.0360 21.5136
1436.2320 21.2920
1470.4280 21.4722
1504.6240 21.2496
1538.8200 21.1290
1573.0160 21.2373
1607.2120 21.3112
1641.4080 21.3641
1675.6040 21.6067
