VARIABLES = "Time" "MSD"
ZONE T = "BD 487"
0.0000 0.0000
34.1960 19.5292
68.3920 20.4205
102.5880 20.4042
136.7840 20.8098
170.9800 21.0044
205.1760 21.1369
239.3720 21.3734
273.5680 20.8576
307.7640 21.1035
341.9600 21.2774
376.1560 21.0141
410.3520 20.9645
444.5480 21.3824
478.7440 21.4899
512.9400 21.8078
547.1360 21.3346
581.3320 21.5757
615.5280 21.5489
649.7240 21.3352
683.9200 21.0386
718.1160 21.2982
752.3120 21.8804
786.5080 21.7125
820.7040 20.9269
854.9000 21.2786
889.0960 21.4827
923.2920 21.8159
957.4880 21.7586
991.6840 21.6117
1025.8800 21.7919
1060.0760 22.1258
1094.2720 22.2445
1128.4680 22.0248
1162.6640 22.6387
1196.8600 21.7349
1231.0560 22.1611
1265.2520 21.5299
1299.4480 22.0682
1333.6440 22.3896
1367.8400 22.0182
1402.0360 21.9158
1436.2320 22.1655
1470.4280 21.7876
1504.6240 21.8677
1538.8200 22.3527
1573.0160 21.9380
1607.2120 22.4264
1641.4080 22.2829
1675.6040 22.0591
