VARIABLES = "Time" "MSD"
ZONE T = "BD 495"
0.0000 0.0000
34.1960 18.3072
68.3920 19.3912
102.5880 19.8239
136.7840 19.8006
170.9800 20.4138
205.1760 20.0300
239.3720 19.6820
273.5680 20.1960
307.7640 20.0221
341.9600 20.4855
376.1560 19.9379
410.3520 20.4633
444.5480 20.1636
478.7440 20.3734
512.9400 20.5392
547.1360 20.8804
581.3320 20.0791
615.5280 20.4008
649.7240 20.0564
683.9200 20.6650
718.1160 21.3655
752.3120 20.6007
786.5080 20.4887
820.7040 20.7782
854.9000 20.4156
889.0960 20.6470
923.2920 21.0656
957.4880 20.8998
991.6840 20.3761
1025.8800 20.1938
1060.0760 20.7606
1094.2720 20.9611
1128.4680 20.8969
1162.6640 20.8595
1196.8600 20.8296
1231.0560 20.4340
1265.2520 20.6581
1299.4480 21.0422
1333.6440 20.6438
1367.8400 20.9027
1402.0360 20.5081
1436.2320 20.9062
1470.4280 21.2823
1504.6240 20.6627
1538.8200 20.9974
1573.0160 21.1580
1607.2120 21.2597
1641.4080 20.8707
1675.6040 20.9702
