VARIABLES = "Time" "MSD"
ZONE T = "BD 496"
0.0000 0.0000
34.1960 18.0396
68.3920 19.6139
102.5880 19.2725
136.7840 19.7462
170.9800 20.2937
205.1760 19.8914
239.3720 20.1992
273.5680 20.4179
307.7640 20.2229
341.9600 20.0715
376.1560 20.0998
410.3520 20.0291
444.5480 20.5771
478.7440 20.4090
512.9400 19.9680
547.1360 20.1652
581.3320 20.1125
615.5280 20.3678
649.7240 20.3196
683.9200 19.6794
718.1160 20.2010
752.3120 20.1504
786.5080 20.1087
820.7040 19.8678
854.9000 20.0251
889.0960 20.1282
923.2920 20.1785
957.4880 20.4858
991.6840 19.9324
1025.8800 20.0724
1060.0760 20.5124
1094.2720 19.9660
1128.4680 20.2477
1162.6640 20.5351
1196.8600 20.6181
1231.0560 20.2980
1265.2520 20.7088
1299.4480 20.8052
1333.6440 20.7362
1367.8400 20.7696
1402.0360 20.5095
1436.2320 20.0843
1470.4280 20.8344
1504.6240 20.8101
1538.8200 20.8254
1573.0160 21.0235
1607.2120 20.9246
1641.4080 20.5777
1675.6040 20.6699
