VARIABLES = "Time" "MSD"
ZONE T = "BD 499"
0.0000 0.0000
34.1960 17.8200
68.3920 18.7947
102.5880 19.0205
136.7840 19.2028
170.9800 19.7554
205.1760 19.4715
239.3720 19.5136
273.5680 19.4065
307.7640 19.2168
341.9600 18.8848
376.1560 19.2560
410.3520 19.1246
444.5480 19.0580
478.7440 19.0901
512.9400 19.2986
547.1360 19.5026
581.3320 19.3722
615.5280 19.5747
649.7240 19.7270
683.9200 19.7060
718.1160 19.5471
752.3120 19.6631
786.5080 19.5279
820.7040 19.4587
854.9000 19.1963
889.0960 19.3313
923.2920 19.4860
957.4880 19.8803
991.6840 19.7747
1025.8800 19.6891
1060.0760 19.7061
1094.2720 20.1869
1128.4680 20.0564
1162.6640 19.6537
1196.8600 19.5106
1231.0560 19.4399
1265.2520 19.4975
1299.4480 19.7269
1333.6440 19.8981
1367.8400 19.9950
1402.0360 19.7559
1436.2320 19.9839
1470.4280 19.9705
1504.6240 20.0365
1538.8200 19.9949
1573.0160 19.4370
1607.2120 19.5890
1641.4080 19.6354
1675.6040 19.9567
