VARIABLES = "Time" "MSD"
ZONE T = "BD 5"
0.0000 0.0000
34.1960 71.9352
68.3920 145.0912
102.5880 219.6818
136.7840 298.2638
170.9800 378.6755
205.1760 462.0916
239.3720 543.9061
273.5680 625.5239
307.7640 706.8447
341.9600 785.1941
376.1560 863.4540
410.3520 943.1505
444.5480 1024.5941
478.7440 1104.4013
512.9400 1184.2764
547.1360 1265.7348
581.3320 1348.4748
615.5280 1435.0167
649.7240 1519.5270
683.9200 1602.3957
718.1160 1687.3700
752.3120 1769.8845
786.5080 1851.0462
820.7040 1932.9105
854.9000 2015.5688
889.0960 2100.5633
923.2920 2185.8046
957.4880 2273.9698
991.6840 2362.6763
1025.8800 2454.7762
1060.0760 2551.0980
1094.2720 2648.6075
1128.4680 2748.6717
1162.6640 2850.1883
1196.8600 2951.7829
1231.0560 3054.4044
1265.2520 3159.1067
1299.4480 3264.8434
1333.6440 3370.2668
1367.8400 3476.5819
1402.0360 3585.9311
1436.2320 3699.7594
1470.4280 3814.1527
1504.6240 3925.7582
1538.8200 4038.4433
1573.0160 4152.8274
1607.2120 4265.0760
1641.4080 4371.8428
1675.6040 4476.9576
