VARIABLES = "Time" "MSD"
ZONE T = "BD 50"
0.0000 0.0000
34.1960 73.5817
68.3920 145.8507
102.5880 216.5923
136.7840 286.4565
170.9800 355.9542
205.1760 422.5514
239.3720 489.8512
273.5680 555.2904
307.7640 618.0489
341.9600 679.6685
376.1560 737.8632
410.3520 796.2664
444.5480 853.0295
478.7440 910.4081
512.9400 966.2821
547.1360 1022.3755
581.3320 1081.7186
615.5280 1137.8592
649.7240 1194.6131
683.9200 1245.8502
718.1160 1295.9366
752.3120 1342.3659
786.5080 1387.3046
820.7040 1433.0658
854.9000 1480.2093
889.0960 1526.7386
923.2920 1571.6921
957.4880 1616.8680
991.6840 1662.3624
1025.8800 1707.5111
1060.0760 1755.6544
1094.2720 1805.7495
1128.4680 1856.3067
1162.6640 1910.5477
1196.8600 1964.4733
1231.0560 2015.8881
1265.2520 2064.9375
1299.4480 2111.5722
1333.6440 2157.1403
1367.8400 2201.9035
1402.0360 2248.9956
1436.2320 2296.9044
1470.4280 2343.0561
1504.6240 2389.6062
1538.8200 2435.8825
1573.0160 2486.1715
1607.2120 2534.9356
1641.4080 2582.6068
1675.6040 2626.5909
