VARIABLES = "Time" "MSD"
ZONE T = "BD 505"
0.0000 0.0000
34.1960 18.6095
68.3920 20.1760
102.5880 20.0173
136.7840 20.2600
170.9800 20.5972
205.1760 20.3747
239.3720 21.1081
273.5680 20.7712
307.7640 20.5301
341.9600 20.6199
376.1560 20.5976
410.3520 20.8786
444.5480 20.7058
478.7440 21.2368
512.9400 21.3644
547.1360 21.1720
581.3320 21.2311
615.5280 21.2944
649.7240 20.7701
683.9200 20.8240
718.1160 20.8925
752.3120 21.0580
786.5080 21.5308
820.7040 21.1743
854.9000 21.3781
889.0960 21.7237
923.2920 20.7952
957.4880 21.7368
991.6840 21.9926
1025.8800 21.7300
1060.0760 21.0354
1094.2720 21.2640
1128.4680 21.5063
1162.6640 21.2969
1196.8600 20.9756
1231.0560 20.8413
1265.2520 20.5036
1299.4480 21.2255
1333.6440 21.4016
1367.8400 21.0791
1402.0360 21.9447
1436.2320 21.6205
1470.4280 21.7410
1504.6240 21.0070
1538.8200 21.2222
1573.0160 21.0726
1607.2120 21.0049
1641.4080 21.1126
1675.6040 21.2537
