VARIABLES = "Time" "MSD"
ZONE T = "BD 503"
0.0000 0.0000
34.1960 17.5111
68.3920 18.2774
102.5880 18.8388
136.7840 18.6670
170.9800 18.7636
205.1760 18.9262
239.3720 18.9056
273.5680 19.0788
307.7640 19.0541
341.9600 19.2373
376.1560 19.5306
410.3520 19.3834
444.5480 18.9801
478.7440 19.3320
512.9400 18.8475
547.1360 19.2782
581.3320 18.6985
615.5280 18.6242
649.7240 18.7875
683.9200 19.2225
718.1160 19.2803
752.3120 19.3807
786.5080 19.7544
820.7040 19.2676
854.9000 19.5114
889.0960 19.4376
923.2920 19.3949
957.4880 19.1618
991.6840 19.3288
1025.8800 19.2931
1060.0760 19.6008
1094.2720 19.0717
1128.4680 19.0071
1162.6640 19.0333
1196.8600 19.4231
1231.0560 19.4730
1265.2520 19.3076
1299.4480 19.6876
1333.6440 19.6037
1367.8400 19.4355
1402.0360 20.0134
1436.2320 19.5392
1470.4280 19.5311
1504.6240 19.3675
1538.8200 19.3055
1573.0160 19.6502
1607.2120 19.3494
1641.4080 19.8414
1675.6040 19.7159
