VARIABLES = "Time" "MSD"
ZONE T = "BD 501"
0.0000 0.0000
34.1960 17.8848
68.3920 19.4017
102.5880 19.4696
136.7840 19.1996
170.9800 19.3570
205.1760 19.7688
239.3720 19.6493
273.5680 20.0975
307.7640 19.4919
341.9600 19.2587
376.1560 19.8972
410.3520 19.7824
444.5480 19.4760
478.7440 19.4103
512.9400 19.8613
547.1360 20.0340
581.3320 19.7365
615.5280 19.9073
649.7240 19.8407
683.9200 19.7137
718.1160 19.4605
752.3120 20.0867
786.5080 19.9640
820.7040 20.0215
854.9000 20.1806
889.0960 20.1324
923.2920 20.0274
957.4880 19.6608
991.6840 20.0110
1025.8800 20.3710
1060.0760 20.2398
1094.2720 19.9905
1128.4680 20.0548
1162.6640 19.8703
1196.8600 20.0174
1231.0560 19.8313
1265.2520 19.9187
1299.4480 19.7458
1333.6440 19.5737
1367.8400 19.9331
1402.0360 20.3077
1436.2320 19.5806
1470.4280 20.1406
1504.6240 20.2261
1538.8200 19.9464
1573.0160 20.4907
1607.2120 19.7215
1641.4080 20.2967
1675.6040 19.7888
