VARIABLES = "Time" "MSD"
ZONE T = "BD 500"
0.0000 0.0000
34.1960 17.5651
68.3920 18.9925
102.5880 18.8671
136.7840 18.7963
170.9800 19.3443
205.1760 19.5136
239.3720 20.0012
273.5680 19.3626
307.7640 19.5166
341.9600 19.5577
376.1560 19.5919
410.3520 19.1121
444.5480 19.6760
478.7440 19.1753
512.9400 19.0744
547.1360 19.1691
581.3320 19.5797
615.5280 19.4357
649.7240 19.1544
683.9200 19.2544
718.1160 19.6878
752.3120 19.4169
786.5080 19.5708
820.7040 19.4405
854.9000 19.4971
889.0960 19.1437
923.2920 19.0595
957.4880 19.2208
991.6840 19.7190
1025.8800 19.6921
1060.0760 19.6773
1094.2720 20.1132
1128.4680 19.7093
1162.6640 19.5720
1196.8600 19.4224
1231.0560 19.7825
1265.2520 19.5139
1299.4480 19.9286
1333.6440 19.7867
1367.8400 19.6432
1402.0360 19.6341
1436.2320 19.5936
1470.4280 19.4376
1504.6240 19.7165
1538.8200 19.8116
1573.0160 20.0134
1607.2120 19.9096
1641.4080 19.8558
1675.6040 19.8526
