VARIABLES = "Time" "MSD"
ZONE T = "BD 511"
0.0000 0.0000
34.1960 18.4718
68.3920 20.2280
102.5880 20.1196
136.7840 20.6185
170.9800 20.3463
205.1760 19.9275
239.3720 20.2331
273.5680 20.5522
307.7640 20.7707
341.9600 20.4522
376.1560 20.9033
410.3520 20.6000
444.5480 20.2121
478.7440 20.5192
512.9400 20.5060
547.1360 20.5264
581.3320 20.4218
615.5280 20.5189
649.7240 20.6974
683.9200 20.9444
718.1160 20.5107
752.3120 21.1149
786.5080 21.2922
820.7040 20.7389
854.9000 20.4614
889.0960 20.3313
923.2920 20.6344
957.4880 20.6035
991.6840 20.8801
1025.8800 20.9781
1060.0760 20.9666
1094.2720 20.6975
1128.4680 20.5504
1162.6640 20.9851
1196.8600 20.5077
1231.0560 20.4666
1265.2520 20.6792
1299.4480 20.6579
1333.6440 20.6952
1367.8400 20.9005
1402.0360 20.3687
1436.2320 20.6205
1470.4280 20.9944
1504.6240 20.8650
1538.8200 21.0951
1573.0160 20.5981
1607.2120 20.8021
1641.4080 20.6772
1675.6040 20.8940
