VARIABLES = "Time" "MSD"
ZONE T = "BD 518"
0.0000 0.0000
34.1960 17.3078
68.3920 17.8556
102.5880 17.9276
136.7840 17.8306
170.9800 18.1668
205.1760 18.5654
239.3720 18.6992
273.5680 18.4470
307.7640 18.8351
341.9600 18.6910
376.1560 18.6113
410.3520 19.0368
444.5480 18.2071
478.7440 18.8737
512.9400 18.9801
547.1360 18.6164
581.3320 18.7709
615.5280 18.5176
649.7240 18.6696
683.9200 18.6650
718.1160 18.6459
752.3120 18.5675
786.5080 18.6855
820.7040 18.3798
854.9000 19.0265
889.0960 18.4767
923.2920 18.9908
957.4880 18.9875
991.6840 18.9760
1025.8800 18.9655
1060.0760 18.6826
1094.2720 19.0526
1128.4680 19.1466
1162.6640 18.4101
1196.8600 18.5849
1231.0560 18.8567
1265.2520 18.5928
1299.4480 18.8298
1333.6440 18.8849
1367.8400 18.8506
1402.0360 19.2033
1436.2320 18.9873
1470.4280 18.7083
1504.6240 18.9022
1538.8200 18.6210
1573.0160 19.0291
1607.2120 18.7539
1641.4080 18.9781
1675.6040 18.3982
