VARIABLES = "Time" "MSD"
ZONE T = "BD 512"
0.0000 0.0000
34.1960 17.5770
68.3920 19.0032
102.5880 19.3964
136.7840 19.1240
170.9800 19.3212
205.1760 19.3953
239.3720 19.2616
273.5680 19.1838
307.7640 19.2994
341.9600 19.3297
376.1560 19.4525
410.3520 19.4900
444.5480 19.2881
478.7440 19.5916
512.9400 19.5970
547.1360 19.4159
581.3320 19.3036
615.5280 19.2464
649.7240 19.5086
683.9200 19.4264
718.1160 19.8068
752.3120 18.8773
786.5080 19.4020
820.7040 19.3082
854.9000 19.5649
889.0960 19.2940
923.2920 19.7683
957.4880 19.8204
991.6840 19.6196
1025.8800 19.2671
1060.0760 19.4198
1094.2720 19.1414
1128.4680 19.4233
1162.6640 19.6048
1196.8600 19.4593
1231.0560 19.5767
1265.2520 19.5726
1299.4480 19.7157
1333.6440 19.3478
1367.8400 18.8621
1402.0360 19.0804
1436.2320 19.0041
1470.4280 19.4703
1504.6240 19.6356
1538.8200 19.6442
1573.0160 19.4177
1607.2120 19.1173
1641.4080 19.5765
1675.6040 19.7812
