VARIABLES = "Time" "MSD"
ZONE T = "BD 510"
0.0000 0.0000
34.1960 17.0716
68.3920 18.0005
102.5880 18.0178
136.7840 18.2075
170.9800 18.3189
205.1760 18.2792
239.3720 18.5582
273.5680 18.5561
307.7640 18.6038
341.9600 18.5225
376.1560 18.2901
410.3520 18.6091
444.5480 18.5785
478.7440 18.6706
512.9400 18.8768
547.1360 19.1057
581.3320 18.7239
615.5280 18.5762
649.7240 18.8349
683.9200 18.8100
718.1160 18.6707
752.3120 18.3264
786.5080 18.6856
820.7040 18.2850
854.9000 18.6486
889.0960 18.5988
923.2920 18.2325
957.4880 18.6382
991.6840 18.6961
1025.8800 18.8297
1060.0760 18.4819
1094.2720 18.9113
1128.4680 18.7764
1162.6640 18.9672
1196.8600 18.8293
1231.0560 19.1409
1265.2520 19.0999
1299.4480 19.1999
1333.6440 18.7664
1367.8400 19.4977
1402.0360 19.4550
1436.2320 19.3091
1470.4280 19.0884
1504.6240 19.0559
1538.8200 19.2178
1573.0160 19.3718
1607.2120 18.8455
1641.4080 18.8150
1675.6040 18.8627
