VARIABLES = "Time" "MSD"
ZONE T = "BD 51"
0.0000 0.0000
34.1960 34.7608
68.3920 51.1576
102.5880 62.5841
136.7840 72.4946
170.9800 78.8604
205.1760 84.5423
239.3720 89.1066
273.5680 94.3032
307.7640 98.4286
341.9600 102.8194
376.1560 106.4509
410.3520 110.8420
444.5480 114.2373
478.7440 117.5597
512.9400 121.8420
547.1360 125.4643
581.3320 128.4695
615.5280 130.9073
649.7240 134.5002
683.9200 137.9606
718.1160 139.8312
752.3120 142.7277
786.5080 145.0250
820.7040 147.2380
854.9000 150.3202
889.0960 153.7680
923.2920 157.0326
957.4880 158.4446
991.6840 159.0504
1025.8800 161.5379
1060.0760 163.4569
1094.2720 166.0523
1128.4680 168.2056
1162.6640 171.7774
1196.8600 173.1778
1231.0560 177.1893
1265.2520 179.3708
1299.4480 181.7474
1333.6440 185.3907
1367.8400 187.3020
1402.0360 189.5536
1436.2320 191.4758
1470.4280 194.2723
1504.6240 197.0311
1538.8200 198.0239
1573.0160 199.9286
1607.2120 201.6758
1641.4080 203.0792
1675.6040 205.7073
