VARIABLES = "Time" "MSD"
ZONE T = "BD 529"
0.0000 0.0000
34.1960 17.5466
68.3920 18.6139
102.5880 18.9050
136.7840 18.8715
170.9800 18.6912
205.1760 18.8526
239.3720 19.3401
273.5680 19.6900
307.7640 19.2463
341.9600 19.4542
376.1560 18.9467
410.3520 18.9972
444.5480 19.1930
478.7440 19.1123
512.9400 18.8217
547.1360 18.9721
581.3320 19.0893
615.5280 19.3344
649.7240 19.0663
683.9200 19.6449
718.1160 19.3352
752.3120 18.7586
786.5080 19.1397
820.7040 19.2870
854.9000 19.2131
889.0960 19.2891
923.2920 19.3555
957.4880 18.9863
991.6840 19.7337
1025.8800 19.2987
1060.0760 19.1807
1094.2720 19.1329
1128.4680 19.4045
1162.6640 19.4206
1196.8600 19.4376
1231.0560 19.2038
1265.2520 19.1771
1299.4480 18.8165
1333.6440 18.6514
1367.8400 18.6977
1402.0360 18.7996
1436.2320 19.1212
1470.4280 18.8722
1504.6240 19.0287
1538.8200 19.4603
1573.0160 19.2974
1607.2120 19.0268
1641.4080 18.7916
1675.6040 19.1778
