VARIABLES = "Time" "MSD"
ZONE T = "BD 534"
0.0000 0.0000
34.1960 17.1178
68.3920 18.5391
102.5880 18.7654
136.7840 18.9236
170.9800 18.4700
205.1760 18.4134
239.3720 19.0336
273.5680 19.1724
307.7640 19.0318
341.9600 19.1616
376.1560 19.1317
410.3520 18.7257
444.5480 18.5178
478.7440 19.1356
512.9400 19.2755
547.1360 19.4516
581.3320 19.0654
615.5280 18.9456
649.7240 19.3616
683.9200 19.0616
718.1160 18.9623
752.3120 18.7481
786.5080 19.1064
820.7040 18.9048
854.9000 19.6143
889.0960 19.2847
923.2920 18.5582
957.4880 19.1172
991.6840 19.5952
1025.8800 19.4302
1060.0760 18.9928
1094.2720 18.8991
1128.4680 18.9551
1162.6640 19.4175
1196.8600 19.1491
1231.0560 19.3330
1265.2520 19.1735
1299.4480 19.2515
1333.6440 19.2731
1367.8400 19.2394
1402.0360 19.3566
1436.2320 19.0669
1470.4280 19.3011
1504.6240 19.5424
1538.8200 19.2516
1573.0160 19.0753
1607.2120 20.0302
1641.4080 19.3095
1675.6040 19.1836
