VARIABLES = "Time" "MSD"
ZONE T = "BD 537"
0.0000 0.0000
34.1960 17.1251
68.3920 18.5712
102.5880 18.2046
136.7840 17.7523
170.9800 18.2312
205.1760 18.5565
239.3720 18.1410
273.5680 18.3927
307.7640 18.9015
341.9600 18.8003
376.1560 18.5444
410.3520 18.9027
444.5480 19.0230
478.7440 18.5769
512.9400 18.9939
547.1360 18.9128
581.3320 19.2160
615.5280 18.6155
649.7240 18.4944
683.9200 19.0048
718.1160 18.9229
752.3120 18.9611
786.5080 18.9313
820.7040 18.8008
854.9000 18.7828
889.0960 18.9318
923.2920 18.9416
957.4880 18.4903
991.6840 18.9961
1025.8800 18.5700
1060.0760 18.9172
1094.2720 19.0603
1128.4680 18.5415
1162.6640 18.7932
1196.8600 18.8350
1231.0560 18.8264
1265.2520 18.9241
1299.4480 19.1105
1333.6440 18.9497
1367.8400 19.0966
1402.0360 18.6611
1436.2320 19.0479
1470.4280 19.1336
1504.6240 18.8395
1538.8200 18.7114
1573.0160 18.8331
1607.2120 18.7541
1641.4080 18.8161
1675.6040 19.2738
