VARIABLES = "Time" "MSD"
ZONE T = "BD 536"
0.0000 0.0000
34.1960 17.3481
68.3920 18.0744
102.5880 18.0285
136.7840 18.3602
170.9800 18.5518
205.1760 18.1650
239.3720 18.1290
273.5680 18.3718
307.7640 18.7298
341.9600 18.3992
376.1560 18.3281
410.3520 18.6444
444.5480 18.6093
478.7440 18.8372
512.9400 18.5396
547.1360 18.5390
581.3320 18.4492
615.5280 18.6344
649.7240 19.0670
683.9200 18.9188
718.1160 18.6314
752.3120 18.6348
786.5080 18.4306
820.7040 18.6883
854.9000 18.9844
889.0960 19.1227
923.2920 18.7485
957.4880 18.2161
991.6840 18.6413
1025.8800 18.8793
1060.0760 18.5411
1094.2720 18.6570
1128.4680 19.2228
1162.6640 18.9763
1196.8600 19.1718
1231.0560 18.8800
1265.2520 18.4841
1299.4480 18.4959
1333.6440 18.3484
1367.8400 18.7547
1402.0360 18.8706
1436.2320 18.6417
1470.4280 18.8752
1504.6240 19.2948
1538.8200 19.0227
1573.0160 18.5353
1607.2120 18.6198
1641.4080 18.6780
1675.6040 18.2520
