VARIABLES = "Time" "MSD"
ZONE T = "BD 531"
0.0000 0.0000
34.1960 17.2218
68.3920 17.6137
102.5880 18.0823
136.7840 18.0216
170.9800 18.2998
205.1760 18.6635
239.3720 18.5234
273.5680 17.8718
307.7640 18.2381
341.9600 18.1727
376.1560 18.5131
410.3520 19.0691
444.5480 18.3494
478.7440 18.3278
512.9400 18.2394
547.1360 18.7820
581.3320 18.2953
615.5280 18.4526
649.7240 18.6500
683.9200 18.6068
718.1160 18.4680
752.3120 18.1034
786.5080 18.6514
820.7040 18.4258
854.9000 18.3322
889.0960 18.1734
923.2920 18.4361
957.4880 18.7746
991.6840 18.4832
1025.8800 18.3903
1060.0760 18.6657
1094.2720 18.6310
1128.4680 18.4850
1162.6640 18.8565
1196.8600 18.5530
1231.0560 18.3684
1265.2520 18.4971
1299.4480 18.4058
1333.6440 18.5728
1367.8400 18.3166
1402.0360 18.6897
1436.2320 18.5110
1470.4280 18.4695
1504.6240 18.5127
1538.8200 18.7124
1573.0160 18.5099
1607.2120 18.3464
1641.4080 18.8332
1675.6040 18.3962
