VARIABLES = "Time" "MSD"
ZONE T = "BD 530"
0.0000 0.0000
34.1960 16.4622
68.3920 17.0308
102.5880 17.9850
136.7840 17.8596
170.9800 17.7400
205.1760 18.2589
239.3720 17.8240
273.5680 18.1707
307.7640 18.0262
341.9600 18.0607
376.1560 18.1866
410.3520 18.3080
444.5480 18.4446
478.7440 18.4400
512.9400 18.3801
547.1360 17.9766
581.3320 17.9776
615.5280 18.1407
649.7240 18.1838
683.9200 18.1037
718.1160 18.6076
752.3120 17.8761
786.5080 18.2150
820.7040 18.3013
854.9000 18.4173
889.0960 18.3430
923.2920 18.7605
957.4880 18.4988
991.6840 18.1219
1025.8800 18.5055
1060.0760 18.1380
1094.2720 18.3935
1128.4680 18.4287
1162.6640 18.4810
1196.8600 18.3979
1231.0560 18.3976
1265.2520 18.3414
1299.4480 18.7587
1333.6440 18.6151
1367.8400 18.0257
1402.0360 18.6883
1436.2320 18.1419
1470.4280 18.5956
1504.6240 18.5456
1538.8200 17.9649
1573.0160 18.7399
1607.2120 18.5161
1641.4080 18.6177
1675.6040 18.6570
