VARIABLES = "Time" "MSD"
ZONE T = "BD 546"
0.0000 0.0000
34.1960 14.8725
68.3920 15.8313
102.5880 15.8985
136.7840 15.9406
170.9800 16.2254
205.1760 16.1886
239.3720 16.0033
273.5680 16.1924
307.7640 16.2217
341.9600 16.4188
376.1560 16.5563
410.3520 16.2355
444.5480 16.3377
478.7440 16.1542
512.9400 16.6592
547.1360 16.3299
581.3320 16.3637
615.5280 16.3327
649.7240 16.5500
683.9200 16.5206
718.1160 16.6657
752.3120 16.5848
786.5080 16.6571
820.7040 16.2802
854.9000 16.7576
889.0960 16.8036
923.2920 16.5317
957.4880 16.7134
991.6840 16.6271
1025.8800 16.6809
1060.0760 16.9107
1094.2720 16.8103
1128.4680 16.9009
1162.6640 16.7778
1196.8600 17.0887
1231.0560 16.6592
1265.2520 16.8186
1299.4480 16.8723
1333.6440 17.1078
1367.8400 16.8304
1402.0360 16.7366
1436.2320 16.7296
1470.4280 16.9493
1504.6240 17.0456
1538.8200 16.8494
1573.0160 16.9104
1607.2120 17.0389
1641.4080 17.0244
1675.6040 16.7962
