VARIABLES = "Time" "MSD"
ZONE T = "BD 541"
0.0000 0.0000
34.1960 13.9103
68.3920 14.5600
102.5880 14.6202
136.7840 14.4952
170.9800 14.9337
205.1760 14.7994
239.3720 14.7393
273.5680 15.2668
307.7640 15.2203
341.9600 15.3272
376.1560 15.0858
410.3520 15.1532
444.5480 15.1410
478.7440 15.3032
512.9400 15.4614
547.1360 14.9487
581.3320 15.0111
615.5280 15.5280
649.7240 15.3628
683.9200 15.2319
718.1160 15.5890
752.3120 15.7438
786.5080 15.6707
820.7040 15.7906
854.9000 15.7208
889.0960 15.6451
923.2920 16.1628
957.4880 15.7140
991.6840 15.7611
1025.8800 16.0708
1060.0760 15.5281
1094.2720 15.9507
1128.4680 15.6375
1162.6640 15.9570
1196.8600 15.6273
1231.0560 16.1076
1265.2520 15.9589
1299.4480 16.0150
1333.6440 15.9443
1367.8400 15.9524
1402.0360 15.9872
1436.2320 16.3080
1470.4280 16.2239
1504.6240 16.3284
1538.8200 16.2415
1573.0160 16.1460
1607.2120 16.3959
1641.4080 16.2033
1675.6040 16.3512
