VARIABLES = "Time" "MSD"
ZONE T = "BD 556"
0.0000 0.0000
34.1960 16.2640
68.3920 16.6596
102.5880 16.8579
136.7840 16.8920
170.9800 17.0639
205.1760 17.2462
239.3720 17.1697
273.5680 16.9157
307.7640 17.3398
341.9600 16.8282
376.1560 17.3135
410.3520 16.8501
444.5480 16.9269
478.7440 17.2600
512.9400 16.7676
547.1360 17.4793
581.3320 17.6773
615.5280 17.0045
649.7240 17.2518
683.9200 17.4052
718.1160 17.5217
752.3120 17.0817
786.5080 17.3216
820.7040 17.3100
854.9000 17.5666
889.0960 17.2920
923.2920 17.3193
957.4880 17.5391
991.6840 17.2943
1025.8800 17.4611
1060.0760 17.0212
1094.2720 17.1129
1128.4680 17.0932
1162.6640 16.8628
1196.8600 17.1166
1231.0560 17.3438
1265.2520 17.5487
1299.4480 17.3289
1333.6440 17.3548
1367.8400 17.8241
1402.0360 17.5123
1436.2320 17.1087
1470.4280 17.7003
1504.6240 17.4386
1538.8200 17.7033
1573.0160 17.6374
1607.2120 17.6103
1641.4080 17.9544
1675.6040 17.5941
