VARIABLES = "Time" "MSD"
ZONE T = "BD 552"
0.0000 0.0000
34.1960 16.8411
68.3920 17.2417
102.5880 17.0883
136.7840 17.7818
170.9800 18.0569
205.1760 17.7634
239.3720 18.0076
273.5680 17.4332
307.7640 17.6229
341.9600 17.8037
376.1560 17.9072
410.3520 17.4606
444.5480 17.8100
478.7440 17.8322
512.9400 17.7047
547.1360 18.1656
581.3320 18.0187
615.5280 18.2807
649.7240 18.0158
683.9200 18.2700
718.1160 17.8572
752.3120 17.6617
786.5080 17.9415
820.7040 18.1211
854.9000 17.6071
889.0960 17.8259
923.2920 18.2526
957.4880 17.9875
991.6840 17.8551
1025.8800 17.8682
1060.0760 17.9308
1094.2720 17.9417
1128.4680 18.2432
1162.6640 17.8101
1196.8600 17.4031
1231.0560 17.6396
1265.2520 17.9792
1299.4480 18.1442
1333.6440 17.8584
1367.8400 18.0916
1402.0360 17.8290
1436.2320 17.8870
1470.4280 17.8470
1504.6240 17.9364
1538.8200 17.9000
1573.0160 18.2113
1607.2120 18.1296
1641.4080 17.8070
1675.6040 17.7571
