VARIABLES = "Time" "MSD"
ZONE T = "BD 557"
0.0000 0.0000
34.1960 15.6971
68.3920 16.7907
102.5880 16.5479
136.7840 16.8124
170.9800 16.8630
205.1760 17.0594
239.3720 16.9719
273.5680 16.8852
307.7640 16.8246
341.9600 17.2040
376.1560 17.2876
410.3520 17.3327
444.5480 17.2877
478.7440 17.1053
512.9400 17.2746
547.1360 17.3606
581.3320 17.1494
615.5280 17.0656
649.7240 16.9042
683.9200 17.1333
718.1160 17.2519
752.3120 17.4942
786.5080 17.3137
820.7040 17.2105
854.9000 17.5897
889.0960 17.1786
923.2920 17.2358
957.4880 17.5034
991.6840 17.2899
1025.8800 17.3444
1060.0760 17.4956
1094.2720 17.3965
1128.4680 17.2002
1162.6640 16.9247
1196.8600 17.5728
1231.0560 17.2935
1265.2520 17.3167
1299.4480 17.6150
1333.6440 17.6401
1367.8400 17.6164
1402.0360 17.6216
1436.2320 17.8131
1470.4280 17.6825
1504.6240 17.7844
1538.8200 17.5180
1573.0160 17.5887
1607.2120 17.8815
1641.4080 17.7831
1675.6040 17.7096
