VARIABLES = "Time" "MSD"
ZONE T = "BD 555"
0.0000 0.0000
34.1960 15.5259
68.3920 16.1020
102.5880 16.3297
136.7840 16.0997
170.9800 16.5212
205.1760 16.6692
239.3720 16.6884
273.5680 16.8125
307.7640 16.8445
341.9600 16.7083
376.1560 16.6838
410.3520 16.6019
444.5480 16.9451
478.7440 16.8614
512.9400 16.8209
547.1360 16.6189
581.3320 16.5455
615.5280 16.6204
649.7240 16.6505
683.9200 17.1273
718.1160 16.6218
752.3120 16.7311
786.5080 16.9102
820.7040 17.0912
854.9000 16.5786
889.0960 17.2736
923.2920 16.7031
957.4880 16.8240
991.6840 16.6867
1025.8800 17.0721
1060.0760 16.8692
1094.2720 16.6261
1128.4680 16.3401
1162.6640 16.8296
1196.8600 16.6316
1231.0560 16.8338
1265.2520 16.8610
1299.4480 16.6220
1333.6440 16.7246
1367.8400 16.4794
1402.0360 16.7876
1436.2320 17.3948
1470.4280 16.8296
1504.6240 16.6177
1538.8200 17.1325
1573.0160 16.9484
1607.2120 16.8915
1641.4080 17.1111
1675.6040 16.9773
