VARIABLES = "Time" "MSD"
ZONE T = "BD 554"
0.0000 0.0000
34.1960 14.9430
68.3920 15.7441
102.5880 15.9361
136.7840 15.8332
170.9800 15.8206
205.1760 16.4135
239.3720 16.0989
273.5680 16.1511
307.7640 16.3639
341.9600 16.6088
376.1560 16.3839
410.3520 16.3405
444.5480 16.3023
478.7440 16.2851
512.9400 16.6233
547.1360 16.2703
581.3320 16.7437
615.5280 16.2085
649.7240 16.8324
683.9200 16.2565
718.1160 16.3941
752.3120 16.4666
786.5080 16.5686
820.7040 16.4454
854.9000 16.2857
889.0960 16.4559
923.2920 16.5506
957.4880 16.3987
991.6840 16.4283
1025.8800 16.1228
1060.0760 16.4593
1094.2720 16.8443
1128.4680 16.4914
1162.6640 16.4906
1196.8600 16.3721
1231.0560 16.4480
1265.2520 16.5815
1299.4480 16.6394
1333.6440 16.7514
1367.8400 16.3500
1402.0360 16.3227
1436.2320 16.5459
1470.4280 16.8395
1504.6240 16.6821
1538.8200 16.5462
1573.0160 16.7882
1607.2120 16.6655
1641.4080 16.5342
1675.6040 16.7202
