VARIABLES = "Time" "MSD"
ZONE T = "BD 55"
0.0000 0.0000
34.1960 58.4545
68.3920 96.8078
102.5880 124.8652
136.7840 148.0036
170.9800 166.2221
205.1760 180.3786
239.3720 190.9968
273.5680 198.0140
307.7640 203.5124
341.9600 209.7268
376.1560 215.2911
410.3520 219.6898
444.5480 223.2759
478.7440 226.3806
512.9400 229.9552
547.1360 232.6045
581.3320 236.6010
615.5280 239.7638
649.7240 244.3918
683.9200 248.2222
718.1160 254.0859
752.3120 259.0657
786.5080 260.2177
820.7040 262.7123
854.9000 263.8894
889.0960 264.5182
923.2920 266.8869
957.4880 266.6247
991.6840 267.9142
1025.8800 269.1419
1060.0760 271.4067
1094.2720 273.5344
1128.4680 275.5001
1162.6640 277.4748
1196.8600 280.0896
1231.0560 281.8601
1265.2520 284.1172
1299.4480 284.3253
1333.6440 285.0006
1367.8400 286.4596
1402.0360 284.6005
1436.2320 283.7489
1470.4280 283.6613
1504.6240 282.1290
1538.8200 282.0869
1573.0160 284.4359
1607.2120 286.7243
1641.4080 287.8029
1675.6040 289.6526
