VARIABLES = "Time" "MSD"
ZONE T = "BD 559"
0.0000 0.0000
34.1960 15.1843
68.3920 16.0906
102.5880 16.0395
136.7840 15.9974
170.9800 16.1786
205.1760 15.7714
239.3720 16.2856
273.5680 16.0097
307.7640 16.0664
341.9600 16.4952
376.1560 16.3098
410.3520 16.4712
444.5480 16.6282
478.7440 16.5246
512.9400 16.7822
547.1360 16.8963
581.3320 16.1992
615.5280 16.2827
649.7240 16.2258
683.9200 16.3433
718.1160 16.4512
752.3120 16.8638
786.5080 16.4982
820.7040 16.6404
854.9000 16.6872
889.0960 16.7969
923.2920 16.5940
957.4880 17.0111
991.6840 16.6359
1025.8800 16.4739
1060.0760 16.8383
1094.2720 16.5793
1128.4680 16.4897
1162.6640 16.5716
1196.8600 16.3779
1231.0560 16.4105
1265.2520 16.3727
1299.4480 16.3998
1333.6440 16.5160
1367.8400 16.3707
1402.0360 16.0667
1436.2320 16.1746
1470.4280 16.6889
1504.6240 16.6624
1538.8200 16.5009
1573.0160 16.5567
1607.2120 16.8194
1641.4080 16.3894
1675.6040 16.5389
