VARIABLES = "Time" "MSD"
ZONE T = "BD 561"
0.0000 0.0000
34.1960 15.6751
68.3920 16.6552
102.5880 16.6993
136.7840 16.8949
170.9800 16.5031
205.1760 16.7143
239.3720 16.8309
273.5680 16.8875
307.7640 16.8593
341.9600 17.0482
376.1560 16.7468
410.3520 17.1731
444.5480 17.0040
478.7440 17.3050
512.9400 17.0763
547.1360 17.0713
581.3320 17.3259
615.5280 16.6804
649.7240 16.9043
683.9200 17.2948
718.1160 16.9799
752.3120 17.3257
786.5080 16.8855
820.7040 17.2027
854.9000 17.2888
889.0960 17.3295
923.2920 17.1046
957.4880 17.1804
991.6840 16.7364
1025.8800 17.1623
1060.0760 17.3172
1094.2720 16.8050
1128.4680 17.0190
1162.6640 17.2640
1196.8600 17.1928
1231.0560 17.3755
1265.2520 17.0522
1299.4480 17.5709
1333.6440 17.4213
1367.8400 17.1011
1402.0360 17.5865
1436.2320 17.4665
1470.4280 17.6631
1504.6240 17.2736
1538.8200 17.1793
1573.0160 17.1503
1607.2120 17.1773
1641.4080 17.5166
1675.6040 17.3725
