VARIABLES = "Time" "MSD"
ZONE T = "BD 562"
0.0000 0.0000
34.1960 15.5355
68.3920 15.9210
102.5880 16.2003
136.7840 16.2663
170.9800 16.2104
205.1760 16.2766
239.3720 16.4684
273.5680 16.5682
307.7640 16.2425
341.9600 15.9399
376.1560 16.1627
410.3520 16.1535
444.5480 16.6446
478.7440 15.9060
512.9400 16.2476
547.1360 15.9251
581.3320 16.1007
615.5280 16.2646
649.7240 16.6636
683.9200 16.6145
718.1160 16.2514
752.3120 16.9692
786.5080 16.7404
820.7040 16.5972
854.9000 16.8241
889.0960 16.7350
923.2920 16.6852
957.4880 16.9014
991.6840 16.6203
1025.8800 16.6772
1060.0760 16.5015
1094.2720 16.6596
1128.4680 16.3594
1162.6640 16.7489
1196.8600 16.7715
1231.0560 16.6193
1265.2520 16.8942
1299.4480 16.6622
1333.6440 17.0433
1367.8400 16.9620
1402.0360 16.7423
1436.2320 16.8894
1470.4280 17.2728
1504.6240 16.7129
1538.8200 16.8729
1573.0160 16.9086
1607.2120 17.1833
1641.4080 16.9689
1675.6040 16.9033
