VARIABLES = "Time" "MSD"
ZONE T = "BD 569"
0.0000 0.0000
34.1960 15.6465
68.3920 16.6665
102.5880 16.6349
136.7840 17.3452
170.9800 17.1344
205.1760 17.2050
239.3720 17.3127
273.5680 16.9601
307.7640 17.5414
341.9600 17.2600
376.1560 17.2347
410.3520 17.2913
444.5480 17.2595
478.7440 17.0922
512.9400 17.1910
547.1360 17.1397
581.3320 17.2512
615.5280 17.4556
649.7240 17.7093
683.9200 17.5704
718.1160 17.6539
752.3120 17.4819
786.5080 17.4880
820.7040 18.0015
854.9000 17.8442
889.0960 17.5272
923.2920 17.6338
957.4880 17.5062
991.6840 17.4102
1025.8800 17.8032
1060.0760 17.5450
1094.2720 17.6854
1128.4680 18.0961
1162.6640 18.0329
1196.8600 17.8219
1231.0560 17.8345
1265.2520 18.0162
1299.4480 17.7515
1333.6440 17.6859
1367.8400 18.0598
1402.0360 17.7078
1436.2320 17.9049
1470.4280 17.8820
1504.6240 17.7940
1538.8200 18.1233
1573.0160 18.2303
1607.2120 17.8037
1641.4080 17.6782
1675.6040 17.7106
