VARIABLES = "Time" "MSD"
ZONE T = "BD 578"
0.0000 0.0000
34.1960 14.9161
68.3920 15.1850
102.5880 15.5362
136.7840 15.7098
170.9800 15.5385
205.1760 15.4119
239.3720 16.1315
273.5680 15.8417
307.7640 16.2127
341.9600 15.6812
376.1560 16.1952
410.3520 16.4285
444.5480 16.1171
478.7440 15.9181
512.9400 16.2391
547.1360 16.1490
581.3320 16.3905
615.5280 16.3709
649.7240 16.0861
683.9200 16.1963
718.1160 15.6031
752.3120 15.9407
786.5080 16.1912
820.7040 16.1050
854.9000 16.0442
889.0960 15.9741
923.2920 16.5095
957.4880 16.5382
991.6840 16.2433
1025.8800 16.1851
1060.0760 16.0129
1094.2720 15.9388
1128.4680 16.4192
1162.6640 16.2975
1196.8600 16.5176
1231.0560 16.0552
1265.2520 16.2086
1299.4480 16.2172
1333.6440 16.3974
1367.8400 16.3292
1402.0360 16.1471
1436.2320 16.3751
1470.4280 16.2757
1504.6240 16.5245
1538.8200 16.5045
1573.0160 16.3869
1607.2120 16.2377
1641.4080 16.2924
1675.6040 16.6446
