VARIABLES = "Time" "MSD"
ZONE T = "BD 570"
0.0000 0.0000
34.1960 15.4779
68.3920 15.9254
102.5880 16.3413
136.7840 16.3595
170.9800 16.2549
205.1760 16.2270
239.3720 16.3654
273.5680 16.2007
307.7640 16.4555
341.9600 16.6066
376.1560 16.0680
410.3520 16.4925
444.5480 16.3509
478.7440 16.6650
512.9400 16.3298
547.1360 16.1299
581.3320 16.4239
615.5280 16.1353
649.7240 16.6732
683.9200 16.5536
718.1160 16.5228
752.3120 16.5546
786.5080 16.6313
820.7040 16.7901
854.9000 16.5458
889.0960 16.9319
923.2920 16.3480
957.4880 16.4431
991.6840 16.3659
1025.8800 16.6398
1060.0760 16.6721
1094.2720 16.9422
1128.4680 16.9262
1162.6640 16.8489
1196.8600 16.4012
1231.0560 16.7273
1265.2520 16.8277
1299.4480 16.7488
1333.6440 17.0087
1367.8400 16.6353
1402.0360 16.8040
1436.2320 16.2695
1470.4280 16.4026
1504.6240 16.6470
1538.8200 16.7307
1573.0160 16.8190
1607.2120 16.8475
1641.4080 16.6890
1675.6040 16.9897
