VARIABLES = "Time" "MSD"
ZONE T = "BD 573"
0.0000 0.0000
34.1960 15.5634
68.3920 15.8139
102.5880 16.1574
136.7840 16.2744
170.9800 16.4404
205.1760 16.1670
239.3720 16.2503
273.5680 16.5804
307.7640 15.8841
341.9600 15.9023
376.1560 15.9605
410.3520 16.2375
444.5480 16.1488
478.7440 15.7883
512.9400 15.9018
547.1360 16.4771
581.3320 15.8564
615.5280 16.2446
649.7240 16.4351
683.9200 16.3154
718.1160 16.3993
752.3120 16.0802
786.5080 16.2727
820.7040 16.1620
854.9000 15.9969
889.0960 16.4393
923.2920 16.1215
957.4880 16.1815
991.6840 16.4795
1025.8800 16.1559
1060.0760 16.4290
1094.2720 16.8056
1128.4680 16.5375
1162.6640 16.2076
1196.8600 16.1657
1231.0560 16.6392
1265.2520 16.2920
1299.4480 16.1129
1333.6440 16.2531
1367.8400 16.3198
1402.0360 16.5355
1436.2320 16.2328
1470.4280 16.4352
1504.6240 16.4468
1538.8200 16.5189
1573.0160 16.4623
1607.2120 16.4725
1641.4080 16.6394
1675.6040 16.5795
