VARIABLES = "Time" "MSD"
ZONE T = "BD 577"
0.0000 0.0000
34.1960 14.3648
68.3920 14.8899
102.5880 15.3255
136.7840 15.2148
170.9800 15.6115
205.1760 15.1729
239.3720 15.5203
273.5680 15.5323
307.7640 15.4773
341.9600 15.7032
376.1560 15.8249
410.3520 15.8051
444.5480 15.8517
478.7440 15.8337
512.9400 15.8183
547.1360 15.7005
581.3320 15.6213
615.5280 15.5626
649.7240 15.8070
683.9200 15.8424
718.1160 15.6392
752.3120 15.8044
786.5080 15.6553
820.7040 15.8140
854.9000 15.9021
889.0960 15.7858
923.2920 16.1907
957.4880 16.1947
991.6840 16.0275
1025.8800 16.2102
1060.0760 16.1989
1094.2720 15.9452
1128.4680 16.0184
1162.6640 16.5287
1196.8600 16.1590
1231.0560 16.4499
1265.2520 16.5138
1299.4480 16.0297
1333.6440 16.0078
1367.8400 16.3017
1402.0360 16.0654
1436.2320 15.7748
1470.4280 15.9234
1504.6240 16.3387
1538.8200 16.2663
1573.0160 16.2660
1607.2120 16.3190
1641.4080 16.6802
1675.6040 16.3488
