VARIABLES = "Time" "MSD"
ZONE T = "BD 574"
0.0000 0.0000
34.1960 15.2718
68.3920 15.3758
102.5880 15.6564
136.7840 15.9073
170.9800 15.6415
205.1760 15.9592
239.3720 15.6991
273.5680 15.7360
307.7640 15.5813
341.9600 15.8738
376.1560 16.0950
410.3520 16.2830
444.5480 16.3319
478.7440 16.3455
512.9400 15.9942
547.1360 16.0454
581.3320 16.1740
615.5280 16.0284
649.7240 16.1618
683.9200 15.9985
718.1160 16.2415
752.3120 16.4050
786.5080 15.8266
820.7040 16.0715
854.9000 16.6663
889.0960 16.1263
923.2920 16.1809
957.4880 16.4380
991.6840 16.0628
1025.8800 16.3747
1060.0760 16.0927
1094.2720 16.4128
1128.4680 16.3133
1162.6640 16.1650
1196.8600 15.9984
1231.0560 16.3379
1265.2520 16.1900
1299.4480 16.3828
1333.6440 16.3945
1367.8400 16.3692
1402.0360 16.6862
1436.2320 16.5888
1470.4280 16.4852
1504.6240 16.6381
1538.8200 16.3678
1573.0160 16.5309
1607.2120 16.3221
1641.4080 16.6137
1675.6040 16.8085
