VARIABLES = "Time" "MSD"
ZONE T = "BD 588"
0.0000 0.0000
34.1960 14.5196
68.3920 15.2378
102.5880 14.9660
136.7840 15.2676
170.9800 15.3564
205.1760 15.2827
239.3720 15.5077
273.5680 15.5766
307.7640 15.1836
341.9600 15.3821
376.1560 15.7151
410.3520 15.5805
444.5480 15.6572
478.7440 15.6118
512.9400 15.8286
547.1360 15.4008
581.3320 15.5246
615.5280 15.6991
649.7240 15.7716
683.9200 15.6438
718.1160 15.5854
752.3120 15.5913
786.5080 15.6471
820.7040 15.6999
854.9000 15.9119
889.0960 15.1123
923.2920 15.5249
957.4880 15.5426
991.6840 15.3345
1025.8800 15.0785
1060.0760 15.7341
1094.2720 15.7695
1128.4680 15.4471
1162.6640 15.3191
1196.8600 15.9784
1231.0560 15.7121
1265.2520 15.6469
1299.4480 15.6887
1333.6440 15.5944
1367.8400 15.4282
1402.0360 15.3749
1436.2320 15.7830
1470.4280 15.6036
1504.6240 15.7512
1538.8200 15.5301
1573.0160 15.5428
1607.2120 15.2528
1641.4080 15.6869
1675.6040 15.8906
