VARIABLES = "Time" "MSD"
ZONE T = "BD 580"
0.0000 0.0000
34.1960 15.1842
68.3920 15.9166
102.5880 15.7654
136.7840 16.3467
170.9800 16.2374
205.1760 16.3801
239.3720 15.8572
273.5680 15.7972
307.7640 16.5159
341.9600 15.9240
376.1560 16.1212
410.3520 16.2093
444.5480 15.9519
478.7440 16.1458
512.9400 15.9325
547.1360 15.8647
581.3320 15.9753
615.5280 16.2515
649.7240 16.2490
683.9200 15.9826
718.1160 16.1197
752.3120 15.7394
786.5080 16.0921
820.7040 15.9424
854.9000 16.2588
889.0960 16.2692
923.2920 16.2138
957.4880 16.5090
991.6840 16.2254
1025.8800 16.2207
1060.0760 15.9351
1094.2720 16.1094
1128.4680 15.8992
1162.6640 16.0249
1196.8600 16.3187
1231.0560 16.5531
1265.2520 16.0085
1299.4480 16.1326
1333.6440 16.2040
1367.8400 15.9055
1402.0360 15.9044
1436.2320 15.9155
1470.4280 16.3032
1504.6240 16.1297
1538.8200 16.1863
1573.0160 16.4211
1607.2120 16.2284
1641.4080 15.7953
1675.6040 16.4747
