VARIABLES = "Time" "MSD"
ZONE T = "BD 589"
0.0000 0.0000
34.1960 14.7581
68.3920 15.2721
102.5880 15.1700
136.7840 15.3250
170.9800 15.5083
205.1760 15.5025
239.3720 15.4153
273.5680 15.4054
307.7640 15.8095
341.9600 15.3221
376.1560 15.7717
410.3520 15.7019
444.5480 15.5544
478.7440 15.7930
512.9400 15.8351
547.1360 15.7473
581.3320 15.6104
615.5280 15.7269
649.7240 15.6334
683.9200 15.5493
718.1160 15.8659
752.3120 16.3176
786.5080 15.6680
820.7040 16.1230
854.9000 16.0530
889.0960 15.9228
923.2920 15.8920
957.4880 15.5810
991.6840 15.5523
1025.8800 15.8945
1060.0760 15.7480
1094.2720 15.8187
1128.4680 16.1272
1162.6640 16.0899
1196.8600 15.9333
1231.0560 15.7746
1265.2520 15.6943
1299.4480 15.8098
1333.6440 16.1071
1367.8400 15.9751
1402.0360 16.0789
1436.2320 16.0184
1470.4280 15.9429
1504.6240 16.2554
1538.8200 15.8708
1573.0160 16.2196
1607.2120 15.8201
1641.4080 16.2689
1675.6040 16.1516
