VARIABLES = "Time" "MSD"
ZONE T = "BD 598"
0.0000 0.0000
34.1960 14.9383
68.3920 15.2933
102.5880 15.5693
136.7840 15.3954
170.9800 15.4073
205.1760 15.4536
239.3720 15.7090
273.5680 15.6715
307.7640 15.9601
341.9600 15.8114
376.1560 15.6620
410.3520 15.7164
444.5480 15.7215
478.7440 15.6549
512.9400 15.5848
547.1360 15.3370
581.3320 15.2057
615.5280 16.0025
649.7240 15.7596
683.9200 15.5118
718.1160 15.7476
752.3120 16.1959
786.5080 15.9044
820.7040 15.6290
854.9000 15.8317
889.0960 15.5789
923.2920 15.5796
957.4880 15.7964
991.6840 15.4448
1025.8800 15.7925
1060.0760 15.9875
1094.2720 15.5344
1128.4680 15.8430
1162.6640 16.1189
1196.8600 15.8587
1231.0560 15.8092
1265.2520 15.8248
1299.4480 15.8485
1333.6440 16.0818
1367.8400 16.2526
1402.0360 15.7518
1436.2320 15.5168
1470.4280 15.6929
1504.6240 15.7783
1538.8200 15.8960
1573.0160 16.0680
1607.2120 15.9174
1641.4080 16.0902
1675.6040 16.0329
