VARIABLES = "Time" "MSD"
ZONE T = "BD 599"
0.0000 0.0000
34.1960 14.3325
68.3920 15.1113
102.5880 15.1715
136.7840 15.2578
170.9800 15.1772
205.1760 15.4267
239.3720 15.2496
273.5680 15.5297
307.7640 15.4209
341.9600 15.5168
376.1560 15.5931
410.3520 15.3839
444.5480 15.6116
478.7440 16.0222
512.9400 15.3559
547.1360 15.3098
581.3320 15.1934
615.5280 15.3601
649.7240 15.4677
683.9200 15.2911
718.1160 15.8320
752.3120 15.5152
786.5080 15.4485
820.7040 15.8259
854.9000 15.7398
889.0960 15.6344
923.2920 15.9502
957.4880 15.5586
991.6840 15.6540
1025.8800 15.5705
1060.0760 15.7411
1094.2720 15.7414
1128.4680 15.4598
1162.6640 15.9204
1196.8600 15.7373
1231.0560 15.7697
1265.2520 15.8527
1299.4480 16.0413
1333.6440 15.6143
1367.8400 16.0567
1402.0360 15.7248
1436.2320 15.8644
1470.4280 15.6674
1504.6240 15.7142
1538.8200 16.1298
1573.0160 16.0627
1607.2120 15.6216
1641.4080 15.7153
1675.6040 16.0529
