VARIABLES = "Time" "MSD"
ZONE T = "BD 59"
0.0000 0.0000
34.1960 48.5983
68.3920 78.3820
102.5880 102.4374
136.7840 122.8210
170.9800 138.1485
205.1760 150.7322
239.3720 161.6542
273.5680 171.0155
307.7640 180.0923
341.9600 186.4957
376.1560 191.0893
410.3520 196.5393
444.5480 201.4624
478.7440 205.5254
512.9400 208.4881
547.1360 211.2419
581.3320 213.1469
615.5280 215.4302
649.7240 216.0819
683.9200 217.4923
718.1160 219.8588
752.3120 220.4288
786.5080 220.3226
820.7040 219.9453
854.9000 220.6789
889.0960 219.4374
923.2920 218.6552
957.4880 218.8206
991.6840 221.3766
1025.8800 221.9821
1060.0760 222.8640
1094.2720 223.0147
1128.4680 222.9080
1162.6640 224.9375
1196.8600 227.0041
1231.0560 228.3438
1265.2520 227.9781
1299.4480 227.1336
1333.6440 227.2139
1367.8400 227.4602
1402.0360 227.7410
1436.2320 227.2575
1470.4280 228.2453
1504.6240 229.9344
1538.8200 231.8984
1573.0160 231.4006
1607.2120 232.5051
1641.4080 232.0412
1675.6040 231.0532
