VARIABLES = "Time" "MSD"
ZONE T = "BD 596"
0.0000 0.0000
34.1960 14.6303
68.3920 15.0936
102.5880 15.2036
136.7840 15.0771
170.9800 15.5454
205.1760 15.5653
239.3720 15.5239
273.5680 15.6848
307.7640 15.6436
341.9600 15.5248
376.1560 15.8769
410.3520 15.5495
444.5480 15.5853
478.7440 15.0820
512.9400 15.7290
547.1360 16.0436
581.3320 15.5690
615.5280 15.4892
649.7240 15.7156
683.9200 15.5686
718.1160 15.5427
752.3120 15.7994
786.5080 15.8142
820.7040 16.0531
854.9000 15.3219
889.0960 15.9872
923.2920 15.7933
957.4880 15.6419
991.6840 15.7673
1025.8800 15.7004
1060.0760 15.8441
1094.2720 15.7102
1128.4680 15.3794
1162.6640 15.9389
1196.8600 15.6977
1231.0560 15.7922
1265.2520 15.5966
1299.4480 15.8003
1333.6440 15.6233
1367.8400 15.7461
1402.0360 15.4795
1436.2320 15.6888
1470.4280 15.9268
1504.6240 16.1502
1538.8200 15.7700
1573.0160 16.2525
1607.2120 16.3010
1641.4080 15.6666
1675.6040 16.0473
