VARIABLES = "Time" "MSD"
ZONE T = "BD 60"
0.0000 0.0000
34.1960 64.4920
68.3920 116.4507
102.5880 157.2202
136.7840 191.5971
170.9800 220.6584
205.1760 245.9188
239.3720 265.9616
273.5680 283.1756
307.7640 298.7576
341.9600 311.6382
376.1560 323.8309
410.3520 333.4602
444.5480 342.7401
478.7440 351.8646
512.9400 361.0295
547.1360 369.0466
581.3320 375.7482
615.5280 381.0432
649.7240 387.0873
683.9200 388.9430
718.1160 391.3536
752.3120 394.2631
786.5080 394.7357
820.7040 395.0428
854.9000 395.2761
889.0960 394.8912
923.2920 396.6700
957.4880 399.1273
991.6840 399.7812
1025.8800 401.0672
1060.0760 401.2632
1094.2720 400.6564
1128.4680 403.7391
1162.6640 408.2639
1196.8600 410.7477
1231.0560 411.5739
1265.2520 410.5872
1299.4480 410.8691
1333.6440 410.8505
1367.8400 410.2520
1402.0360 408.5115
1436.2320 408.2969
1470.4280 410.0536
1504.6240 413.1490
1538.8200 413.4270
1573.0160 412.8068
1607.2120 412.8373
1641.4080 411.5416
1675.6040 411.8188
