VARIABLES = "Time" "MSD"
ZONE T = "BD 600"
0.0000 0.0000
34.1960 14.8758
68.3920 15.9963
102.5880 15.7439
136.7840 15.4826
170.9800 15.9459
205.1760 15.6233
239.3720 15.6514
273.5680 15.5504
307.7640 15.4094
341.9600 15.8319
376.1560 15.9436
410.3520 15.8477
444.5480 15.5430
478.7440 15.8045
512.9400 15.3958
547.1360 15.9817
581.3320 15.6971
615.5280 15.6627
649.7240 15.7490
683.9200 15.6981
718.1160 15.6432
752.3120 16.0545
786.5080 16.0261
820.7040 16.2599
854.9000 15.9076
889.0960 15.3285
923.2920 15.7261
957.4880 15.8958
991.6840 15.7096
1025.8800 15.9146
1060.0760 15.6942
1094.2720 15.9073
1128.4680 16.1253
1162.6640 15.6153
1196.8600 15.9433
1231.0560 15.8370
1265.2520 15.7152
1299.4480 15.9149
1333.6440 15.7825
1367.8400 15.9806
1402.0360 15.8066
1436.2320 16.2235
1470.4280 15.5907
1504.6240 15.6658
1538.8200 16.0528
1573.0160 15.7927
1607.2120 16.1122
1641.4080 15.7976
1675.6040 15.6253
