VARIABLES = "Time" "MSD"
ZONE T = "BD 608"
0.0000 0.0000
34.1960 14.0845
68.3920 14.7745
102.5880 14.6178
136.7840 14.9860
170.9800 14.9566
205.1760 14.8580
239.3720 15.0253
273.5680 14.9955
307.7640 14.8709
341.9600 15.1121
376.1560 15.2787
410.3520 15.3239
444.5480 14.6599
478.7440 14.9153
512.9400 15.1074
547.1360 15.1469
581.3320 15.2423
615.5280 14.8391
649.7240 15.0978
683.9200 15.1965
718.1160 15.3555
752.3120 14.8609
786.5080 15.0479
820.7040 15.0742
854.9000 15.2681
889.0960 15.0127
923.2920 15.0728
957.4880 15.3617
991.6840 15.3329
1025.8800 14.9083
1060.0760 15.2936
1094.2720 15.2246
1128.4680 15.1004
1162.6640 15.5914
1196.8600 15.3252
1231.0560 15.1760
1265.2520 15.0511
1299.4480 15.0844
1333.6440 15.2026
1367.8400 14.9270
1402.0360 15.2415
1436.2320 15.1265
1470.4280 15.0956
1504.6240 14.9187
1538.8200 15.1603
1573.0160 15.3634
1607.2120 15.0747
1641.4080 15.0320
1675.6040 15.5145
