VARIABLES = "Time" "MSD"
ZONE T = "BD 603"
0.0000 0.0000
34.1960 14.9519
68.3920 15.2939
102.5880 15.9486
136.7840 15.7106
170.9800 16.0416
205.1760 16.1018
239.3720 15.6919
273.5680 15.9420
307.7640 16.0260
341.9600 15.9936
376.1560 15.8502
410.3520 15.8602
444.5480 15.6124
478.7440 15.4147
512.9400 15.8583
547.1360 16.0236
581.3320 15.8083
615.5280 16.0249
649.7240 15.8903
683.9200 15.6492
718.1160 15.7902
752.3120 16.0553
786.5080 15.7712
820.7040 16.1515
854.9000 15.6670
889.0960 16.0313
923.2920 15.7501
957.4880 15.7838
991.6840 15.7165
1025.8800 16.0428
1060.0760 15.5515
1094.2720 16.0268
1128.4680 15.9660
1162.6640 15.7003
1196.8600 15.5101
1231.0560 16.1036
1265.2520 16.1579
1299.4480 16.4866
1333.6440 16.2502
1367.8400 16.5616
1402.0360 16.0163
1436.2320 15.8520
1470.4280 16.0327
1504.6240 16.1732
1538.8200 16.2249
1573.0160 16.0874
1607.2120 15.9057
1641.4080 15.6835
1675.6040 15.9648
