VARIABLES = "Time" "MSD"
ZONE T = "BD 602"
0.0000 0.0000
34.1960 15.0134
68.3920 15.2267
102.5880 15.3439
136.7840 15.5302
170.9800 15.5830
205.1760 16.3345
239.3720 16.1133
273.5680 16.0011
307.7640 15.9135
341.9600 16.2761
376.1560 15.8562
410.3520 16.1796
444.5480 15.9894
478.7440 15.9936
512.9400 16.1425
547.1360 16.0465
581.3320 16.5233
615.5280 16.1164
649.7240 16.0571
683.9200 15.9741
718.1160 15.7563
752.3120 16.1948
786.5080 15.8682
820.7040 16.3421
854.9000 16.2365
889.0960 15.9820
923.2920 16.2475
957.4880 16.0376
991.6840 16.1640
1025.8800 15.9567
1060.0760 15.9827
1094.2720 16.0681
1128.4680 16.0577
1162.6640 15.9082
1196.8600 16.0275
1231.0560 15.8866
1265.2520 16.0697
1299.4480 16.0872
1333.6440 16.3144
1367.8400 16.2207
1402.0360 15.9275
1436.2320 16.0806
1470.4280 16.0622
1504.6240 16.1562
1538.8200 15.7820
1573.0160 16.4445
1607.2120 15.8096
1641.4080 15.9347
1675.6040 16.1355
