VARIABLES = "Time" "MSD"
ZONE T = "BD 605"
0.0000 0.0000
34.1960 14.4374
68.3920 15.2303
102.5880 15.3782
136.7840 15.0331
170.9800 15.2196
205.1760 15.1308
239.3720 15.0899
273.5680 15.3250
307.7640 15.2965
341.9600 15.2631
376.1560 15.5221
410.3520 15.1396
444.5480 15.4956
478.7440 15.5347
512.9400 14.9901
547.1360 15.0301
581.3320 15.6830
615.5280 15.3997
649.7240 15.4402
683.9200 15.5013
718.1160 15.2784
752.3120 15.1729
786.5080 15.1676
820.7040 15.4405
854.9000 15.4474
889.0960 15.3390
923.2920 15.3213
957.4880 15.2740
991.6840 15.2602
1025.8800 15.1458
1060.0760 15.3281
1094.2720 15.7040
1128.4680 15.6164
1162.6640 15.6270
1196.8600 15.3198
1231.0560 15.3226
1265.2520 15.4525
1299.4480 15.6167
1333.6440 15.2652
1367.8400 15.3307
1402.0360 15.4573
1436.2320 15.3524
1470.4280 15.4860
1504.6240 15.6001
1538.8200 15.6875
1573.0160 15.4033
1607.2120 15.4716
1641.4080 15.7514
1675.6040 15.6299
