VARIABLES = "Time" "MSD"
ZONE T = "BD 607"
0.0000 0.0000
34.1960 14.7292
68.3920 15.4903
102.5880 15.4445
136.7840 15.6311
170.9800 15.9544
205.1760 15.8470
239.3720 15.6575
273.5680 15.5508
307.7640 15.6744
341.9600 15.9418
376.1560 15.9005
410.3520 15.7520
444.5480 16.0144
478.7440 15.5739
512.9400 15.5607
547.1360 15.9651
581.3320 15.6788
615.5280 15.2170
649.7240 15.4814
683.9200 15.7904
718.1160 15.2757
752.3120 15.4989
786.5080 15.6440
820.7040 16.0019
854.9000 15.7624
889.0960 15.9565
923.2920 16.0416
957.4880 16.0998
991.6840 16.0432
1025.8800 16.1366
1060.0760 16.1187
1094.2720 15.9118
1128.4680 16.1288
1162.6640 15.8803
1196.8600 16.2928
1231.0560 16.1278
1265.2520 15.8269
1299.4480 16.1404
1333.6440 15.9907
1367.8400 15.8334
1402.0360 15.7864
1436.2320 16.2244
1470.4280 15.8029
1504.6240 15.8921
1538.8200 15.8848
1573.0160 16.0269
1607.2120 16.0761
1641.4080 16.2374
1675.6040 16.2672
