VARIABLES = "Time" "MSD"
ZONE T = "BD 609"
0.0000 0.0000
34.1960 13.9581
68.3920 13.9627
102.5880 14.1297
136.7840 14.5261
170.9800 14.5294
205.1760 14.2521
239.3720 14.2425
273.5680 15.0102
307.7640 14.4192
341.9600 14.3760
376.1560 14.4865
410.3520 14.6223
444.5480 14.7615
478.7440 14.6547
512.9400 14.7815
547.1360 14.7464
581.3320 14.6796
615.5280 15.0625
649.7240 14.4547
683.9200 14.7736
718.1160 14.8914
752.3120 14.5907
786.5080 14.3851
820.7040 14.6510
854.9000 14.9956
889.0960 14.9907
923.2920 14.8533
957.4880 14.7502
991.6840 14.9724
1025.8800 14.6771
1060.0760 14.5559
1094.2720 14.9250
1128.4680 14.7868
1162.6640 14.6887
1196.8600 14.7645
1231.0560 14.7914
1265.2520 14.8076
1299.4480 14.8616
1333.6440 14.8936
1367.8400 14.8910
1402.0360 14.8296
1436.2320 14.5227
1470.4280 14.8818
1504.6240 14.8060
1538.8200 14.7193
1573.0160 14.9956
1607.2120 14.5693
1641.4080 14.9748
1675.6040 14.5788
