VARIABLES = "Time" "MSD"
ZONE T = "BD 611"
0.0000 0.0000
34.1960 14.5615
68.3920 15.4104
102.5880 15.8362
136.7840 15.6403
170.9800 15.5566
205.1760 15.6498
239.3720 15.9387
273.5680 15.8476
307.7640 15.7986
341.9600 15.8211
376.1560 15.6830
410.3520 15.6926
444.5480 15.9668
478.7440 15.8325
512.9400 15.3788
547.1360 15.5924
581.3320 15.7161
615.5280 15.4476
649.7240 15.7861
683.9200 15.6299
718.1160 15.9302
752.3120 15.5891
786.5080 15.8641
820.7040 15.5680
854.9000 15.8971
889.0960 15.9248
923.2920 15.8011
957.4880 16.0031
991.6840 15.8887
1025.8800 15.7827
1060.0760 16.0551
1094.2720 15.8267
1128.4680 15.6157
1162.6640 15.4791
1196.8600 15.7589
1231.0560 15.8487
1265.2520 15.5975
1299.4480 15.6555
1333.6440 15.9140
1367.8400 16.1122
1402.0360 15.9771
1436.2320 15.9497
1470.4280 15.9179
1504.6240 16.2564
1538.8200 15.5955
1573.0160 15.9632
1607.2120 15.5900
1641.4080 15.8263
1675.6040 15.8697
