VARIABLES = "Time" "MSD"
ZONE T = "BD 628"
0.0000 0.0000
34.1960 13.6613
68.3920 14.2666
102.5880 14.3746
136.7840 14.2382
170.9800 14.3799
205.1760 14.4576
239.3720 14.6642
273.5680 14.6441
307.7640 14.2423
341.9600 14.3399
376.1560 14.1970
410.3520 14.2340
444.5480 14.3060
478.7440 14.4690
512.9400 14.8240
547.1360 14.3529
581.3320 14.7250
615.5280 14.5815
649.7240 14.5283
683.9200 14.4988
718.1160 14.0291
752.3120 14.5082
786.5080 14.4139
820.7040 14.4559
854.9000 14.3807
889.0960 14.5184
923.2920 14.2141
957.4880 14.7100
991.6840 14.6051
1025.8800 14.6577
1060.0760 14.5192
1094.2720 14.3588
1128.4680 14.2939
1162.6640 14.4825
1196.8600 14.5944
1231.0560 14.7320
1265.2520 14.6184
1299.4480 14.1262
1333.6440 14.2936
1367.8400 14.1978
1402.0360 14.4460
1436.2320 14.5048
1470.4280 14.4661
1504.6240 14.5408
1538.8200 14.2979
1573.0160 14.5993
1607.2120 14.6583
1641.4080 14.5554
1675.6040 14.3104
