VARIABLES = "Time" "MSD"
ZONE T = "BD 621"
0.0000 0.0000
34.1960 14.3894
68.3920 14.8048
102.5880 14.7863
136.7840 14.8557
170.9800 14.7825
205.1760 14.7581
239.3720 14.9861
273.5680 14.9234
307.7640 14.9531
341.9600 14.6643
376.1560 15.0563
410.3520 14.9548
444.5480 15.2700
478.7440 14.7933
512.9400 14.6497
547.1360 14.7713
581.3320 15.0466
615.5280 15.0174
649.7240 14.9843
683.9200 14.9753
718.1160 14.4981
752.3120 14.7731
786.5080 14.9849
820.7040 15.1116
854.9000 15.2198
889.0960 14.8491
923.2920 15.0105
957.4880 14.6887
991.6840 15.3751
1025.8800 15.0543
1060.0760 15.0938
1094.2720 14.8413
1128.4680 14.9978
1162.6640 15.3910
1196.8600 15.2393
1231.0560 15.1637
1265.2520 15.2849
1299.4480 15.0890
1333.6440 15.1648
1367.8400 15.1451
1402.0360 15.2587
1436.2320 15.1286
1470.4280 15.2616
1504.6240 15.5647
1538.8200 15.6452
1573.0160 15.4126
1607.2120 15.1391
1641.4080 15.2207
1675.6040 15.1516
