VARIABLES = "Time" "MSD"
ZONE T = "BD 625"
0.0000 0.0000
34.1960 13.3946
68.3920 13.6577
102.5880 14.2678
136.7840 13.9727
170.9800 14.3924
205.1760 13.7699
239.3720 13.9208
273.5680 14.5014
307.7640 14.3583
341.9600 14.2845
376.1560 14.3908
410.3520 14.4088
444.5480 14.0887
478.7440 14.2761
512.9400 14.4818
547.1360 14.3482
581.3320 14.1065
615.5280 14.4583
649.7240 14.7575
683.9200 14.5303
718.1160 14.5139
752.3120 14.5455
786.5080 14.3577
820.7040 14.6099
854.9000 14.2173
889.0960 14.4498
923.2920 14.4524
957.4880 14.6070
991.6840 14.4574
1025.8800 14.4032
1060.0760 14.6806
1094.2720 14.7521
1128.4680 14.6845
1162.6640 14.8603
1196.8600 14.5924
1231.0560 14.3840
1265.2520 14.6733
1299.4480 14.4808
1333.6440 14.7563
1367.8400 14.3258
1402.0360 14.4223
1436.2320 14.5890
1470.4280 14.3363
1504.6240 14.5493
1538.8200 14.6523
1573.0160 14.5323
1607.2120 14.4505
1641.4080 14.2566
1675.6040 14.5461
