VARIABLES = "Time" "MSD"
ZONE T = "BD 622"
0.0000 0.0000
34.1960 13.3956
68.3920 14.0135
102.5880 14.0242
136.7840 14.1895
170.9800 14.3591
205.1760 14.4607
239.3720 14.5430
273.5680 14.4935
307.7640 14.7528
341.9600 14.6969
376.1560 14.4681
410.3520 14.5318
444.5480 14.2987
478.7440 14.2310
512.9400 14.1851
547.1360 14.5542
581.3320 14.3837
615.5280 14.7525
649.7240 14.5243
683.9200 14.4150
718.1160 14.6584
752.3120 14.6614
786.5080 14.3178
820.7040 14.4440
854.9000 14.6171
889.0960 14.2174
923.2920 14.2711
957.4880 14.1800
991.6840 14.7767
1025.8800 14.7196
1060.0760 14.8296
1094.2720 14.7369
1128.4680 14.9529
1162.6640 14.4451
1196.8600 14.5983
1231.0560 14.6373
1265.2520 14.8349
1299.4480 15.0869
1333.6440 15.1489
1367.8400 14.6470
1402.0360 14.6880
1436.2320 14.8198
1470.4280 14.7635
1504.6240 14.6092
1538.8200 14.6388
1573.0160 14.6171
1607.2120 14.3926
1641.4080 14.7222
1675.6040 14.7951
