VARIABLES = "Time" "MSD"
ZONE T = "BD 624"
0.0000 0.0000
34.1960 13.9913
68.3920 14.7703
102.5880 14.7575
136.7840 14.8583
170.9800 14.8070
205.1760 14.8354
239.3720 14.9151
273.5680 15.1123
307.7640 14.9397
341.9600 14.8720
376.1560 15.1597
410.3520 15.0740
444.5480 15.0718
478.7440 14.8144
512.9400 15.2208
547.1360 15.4994
581.3320 15.6402
615.5280 15.0265
649.7240 14.9401
683.9200 15.0844
718.1160 15.1510
752.3120 15.0610
786.5080 15.3207
820.7040 15.2773
854.9000 15.4440
889.0960 14.9439
923.2920 14.9779
957.4880 15.2960
991.6840 14.9516
1025.8800 15.0519
1060.0760 15.3642
1094.2720 14.9345
1128.4680 15.0537
1162.6640 15.2767
1196.8600 15.0203
1231.0560 14.9933
1265.2520 15.0738
1299.4480 15.0752
1333.6440 15.2169
1367.8400 15.0675
1402.0360 15.1985
1436.2320 15.3263
1470.4280 15.2039
1504.6240 15.1684
1538.8200 15.4457
1573.0160 15.2510
1607.2120 15.4005
1641.4080 15.2713
1675.6040 15.0654
