VARIABLES = "Time" "MSD"
ZONE T = "BD 629"
0.0000 0.0000
34.1960 13.3038
68.3920 13.8277
102.5880 13.9717
136.7840 13.9461
170.9800 14.3384
205.1760 13.9383
239.3720 14.0687
273.5680 14.5129
307.7640 14.0137
341.9600 14.1200
376.1560 13.7620
410.3520 14.1731
444.5480 14.1325
478.7440 14.4130
512.9400 14.3163
547.1360 14.2434
581.3320 14.3536
615.5280 14.1971
649.7240 14.0664
683.9200 14.1577
718.1160 14.3807
752.3120 14.1942
786.5080 14.2186
820.7040 14.4168
854.9000 14.2328
889.0960 14.2848
923.2920 14.4360
957.4880 14.3224
991.6840 13.7705
1025.8800 14.4054
1060.0760 14.4438
1094.2720 14.5080
1128.4680 14.4347
1162.6640 14.5904
1196.8600 14.1278
1231.0560 14.7155
1265.2520 14.3542
1299.4480 14.2850
1333.6440 14.1665
1367.8400 14.4715
1402.0360 14.4996
1436.2320 14.3265
1470.4280 14.6763
1504.6240 14.6963
1538.8200 14.3610
1573.0160 14.2284
1607.2120 14.5321
1641.4080 14.4597
1675.6040 14.3883
