VARIABLES = "Time" "MSD"
ZONE T = "BD 62"
0.0000 0.0000
34.1960 63.8934
68.3920 117.2433
102.5880 162.6718
136.7840 200.4920
170.9800 232.7788
205.1760 260.6423
239.3720 285.0487
273.5680 304.8399
307.7640 320.9201
341.9600 334.0963
376.1560 345.3840
410.3520 355.2586
444.5480 363.4407
478.7440 373.9338
512.9400 380.6183
547.1360 386.9723
581.3320 393.5986
615.5280 399.0544
649.7240 403.9758
683.9200 411.8862
718.1160 417.2125
752.3120 422.7621
786.5080 429.2491
820.7040 431.6933
854.9000 432.4091
889.0960 431.9223
923.2920 431.0950
957.4880 433.2869
991.6840 435.4675
1025.8800 438.0404
1060.0760 439.6413
1094.2720 440.2675
1128.4680 441.4723
1162.6640 438.3419
1196.8600 435.0539
1231.0560 432.8807
1265.2520 429.3377
1299.4480 430.4281
1333.6440 431.5829
1367.8400 431.4320
1402.0360 432.1170
1436.2320 431.4258
1470.4280 430.0682
1504.6240 430.3259
1538.8200 429.5037
1573.0160 427.2487
1607.2120 424.3131
1641.4080 423.4914
1675.6040 424.1665
