VARIABLES = "Time" "MSD"
ZONE T = "BD 634"
0.0000 0.0000
34.1960 13.9816
68.3920 14.1000
102.5880 14.2290
136.7840 14.3490
170.9800 14.3077
205.1760 14.2248
239.3720 14.2155
273.5680 14.2363
307.7640 14.6345
341.9600 14.5339
376.1560 14.2310
410.3520 14.6285
444.5480 14.4057
478.7440 14.3809
512.9400 14.8887
547.1360 14.5312
581.3320 14.4131
615.5280 14.5124
649.7240 14.6087
683.9200 14.4522
718.1160 14.7715
752.3120 14.6110
786.5080 14.3068
820.7040 14.4414
854.9000 14.2804
889.0960 14.3045
923.2920 14.3853
957.4880 14.4645
991.6840 14.6794
1025.8800 14.4421
1060.0760 14.1919
1094.2720 14.8415
1128.4680 14.6321
1162.6640 14.7843
1196.8600 14.6824
1231.0560 14.7688
1265.2520 14.3560
1299.4480 14.6848
1333.6440 14.7505
1367.8400 14.5396
1402.0360 14.8697
1436.2320 14.4466
1470.4280 14.5888
1504.6240 14.4215
1538.8200 14.7367
1573.0160 14.8442
1607.2120 14.6754
1641.4080 14.3918
1675.6040 14.4536
