VARIABLES = "Time" "MSD"
ZONE T = "BD 63"
0.0000 0.0000
34.1960 68.1029
68.3920 123.9356
102.5880 171.1221
136.7840 211.8981
170.9800 247.6700
205.1760 276.8716
239.3720 303.3278
273.5680 323.7023
307.7640 343.3584
341.9600 361.0732
376.1560 376.5800
410.3520 387.6384
444.5480 393.0486
478.7440 401.1784
512.9400 407.2922
547.1360 413.2710
581.3320 420.4861
615.5280 425.6273
649.7240 429.6194
683.9200 431.5981
718.1160 434.5241
752.3120 438.3561
786.5080 440.7631
820.7040 443.7809
854.9000 446.1299
889.0960 445.1345
923.2920 445.4558
957.4880 445.7541
991.6840 444.3772
1025.8800 445.1735
1060.0760 445.1757
1094.2720 447.5496
1128.4680 449.6938
1162.6640 452.2562
1196.8600 456.3854
1231.0560 458.0945
1265.2520 458.7448
1299.4480 458.6684
1333.6440 461.0727
1367.8400 463.5786
1402.0360 467.2526
1436.2320 468.7073
1470.4280 469.0070
1504.6240 469.1756
1538.8200 466.4016
1573.0160 460.9320
1607.2120 454.8362
1641.4080 451.7818
1675.6040 449.7591
