VARIABLES = "Time" "MSD"
ZONE T = "BD 635"
0.0000 0.0000
34.1960 13.2045
68.3920 13.6762
102.5880 13.6711
136.7840 13.9600
170.9800 14.1584
205.1760 13.8334
239.3720 14.0788
273.5680 13.7298
307.7640 13.7911
341.9600 14.2451
376.1560 14.1102
410.3520 13.7974
444.5480 14.1039
478.7440 14.0605
512.9400 14.0273
547.1360 14.0552
581.3320 13.9720
615.5280 14.1739
649.7240 13.8663
683.9200 13.9580
718.1160 14.1334
752.3120 14.1968
786.5080 13.8074
820.7040 13.9721
854.9000 14.1577
889.0960 14.4406
923.2920 14.3390
957.4880 13.9484
991.6840 14.0383
1025.8800 14.1432
1060.0760 14.2866
1094.2720 14.0364
1128.4680 14.1202
1162.6640 13.9373
1196.8600 14.3112
1231.0560 14.0966
1265.2520 14.1174
1299.4480 13.9079
1333.6440 14.1079
1367.8400 14.1986
1402.0360 14.1423
1436.2320 14.2266
1470.4280 13.8873
1504.6240 14.1745
1538.8200 14.0453
1573.0160 14.0626
1607.2120 14.1721
1641.4080 14.1852
1675.6040 14.3587
