VARIABLES = "Time" "MSD"
ZONE T = "BD 637"
0.0000 0.0000
34.1960 13.6411
68.3920 13.7386
102.5880 14.1066
136.7840 13.9979
170.9800 14.1223
205.1760 14.1076
239.3720 14.0020
273.5680 13.9683
307.7640 14.2772
341.9600 14.5644
376.1560 14.2476
410.3520 14.3009
444.5480 14.6236
478.7440 14.3915
512.9400 14.5750
547.1360 14.4638
581.3320 14.5576
615.5280 14.5084
649.7240 14.5919
683.9200 14.2028
718.1160 14.4849
752.3120 14.5514
786.5080 14.4679
820.7040 14.5505
854.9000 14.5526
889.0960 14.3789
923.2920 14.3236
957.4880 14.5590
991.6840 14.6646
1025.8800 14.1736
1060.0760 14.3057
1094.2720 14.7163
1128.4680 14.4247
1162.6640 14.5834
1196.8600 14.2666
1231.0560 14.4264
1265.2520 14.4856
1299.4480 14.5093
1333.6440 14.4383
1367.8400 14.8249
1402.0360 14.5950
1436.2320 14.2767
1470.4280 14.5532
1504.6240 14.4645
1538.8200 14.5083
1573.0160 14.5346
1607.2120 14.4468
1641.4080 14.7236
1675.6040 14.4036
