VARIABLES = "Time" "MSD"
ZONE T = "BD 631"
0.0000 0.0000
34.1960 13.3802
68.3920 13.7165
102.5880 14.0731
136.7840 13.7103
170.9800 14.1172
205.1760 13.9707
239.3720 13.6828
273.5680 14.4101
307.7640 14.1101
341.9600 14.0586
376.1560 14.2926
410.3520 14.4775
444.5480 14.1207
478.7440 14.2917
512.9400 14.1141
547.1360 13.8761
581.3320 14.3567
615.5280 14.6467
649.7240 14.2432
683.9200 13.9130
718.1160 14.1990
752.3120 14.0279
786.5080 14.2657
820.7040 14.3462
854.9000 14.5887
889.0960 14.3438
923.2920 14.3830
957.4880 14.3290
991.6840 14.3459
1025.8800 14.1584
1060.0760 14.3065
1094.2720 14.1585
1128.4680 14.2569
1162.6640 14.1708
1196.8600 14.2296
1231.0560 14.1777
1265.2520 14.2688
1299.4480 14.6766
1333.6440 14.2445
1367.8400 14.2947
1402.0360 14.2099
1436.2320 14.4402
1470.4280 14.1589
1504.6240 14.3725
1538.8200 14.1038
1573.0160 14.4149
1607.2120 14.3415
1641.4080 14.9292
1675.6040 14.4278
