VARIABLES = "Time" "MSD"
ZONE T = "BD 638"
0.0000 0.0000
34.1960 13.8649
68.3920 14.6974
102.5880 14.4098
136.7840 14.5437
170.9800 14.1743
205.1760 14.4809
239.3720 14.9856
273.5680 14.3065
307.7640 14.2739
341.9600 14.3719
376.1560 14.8868
410.3520 14.4699
444.5480 14.4871
478.7440 14.6857
512.9400 14.6486
547.1360 14.6147
581.3320 14.7076
615.5280 14.7008
649.7240 14.9644
683.9200 14.6963
718.1160 14.7611
752.3120 14.9178
786.5080 14.7454
820.7040 14.9950
854.9000 14.6531
889.0960 14.7665
923.2920 14.7482
957.4880 14.9970
991.6840 14.8916
1025.8800 14.6761
1060.0760 14.8287
1094.2720 14.7983
1128.4680 14.8897
1162.6640 14.9348
1196.8600 14.9128
1231.0560 15.2146
1265.2520 15.1136
1299.4480 14.7272
1333.6440 14.7626
1367.8400 15.0664
1402.0360 14.8656
1436.2320 15.0674
1470.4280 14.8784
1504.6240 14.7522
1538.8200 14.6209
1573.0160 14.8560
1607.2120 14.7803
1641.4080 15.1500
1675.6040 14.8878
