VARIABLES = "Time" "MSD"
ZONE T = "BD 636"
0.0000 0.0000
34.1960 13.2686
68.3920 13.6613
102.5880 13.7725
136.7840 13.8013
170.9800 13.7397
205.1760 13.8145
239.3720 13.7757
273.5680 14.0357
307.7640 13.9758
341.9600 14.1563
376.1560 14.2724
410.3520 14.0378
444.5480 13.8472
478.7440 14.0767
512.9400 13.7802
547.1360 14.2742
581.3320 14.0740
615.5280 13.7697
649.7240 14.0992
683.9200 13.8008
718.1160 13.9149
752.3120 14.0753
786.5080 13.8825
820.7040 13.8595
854.9000 14.1393
889.0960 13.5763
923.2920 13.9111
957.4880 14.0041
991.6840 13.5855
1025.8800 13.9492
1060.0760 13.6408
1094.2720 13.6303
1128.4680 13.9097
1162.6640 13.8789
1196.8600 14.0696
1231.0560 14.0811
1265.2520 13.9555
1299.4480 13.9381
1333.6440 14.2694
1367.8400 14.1930
1402.0360 13.8267
1436.2320 14.1512
1470.4280 14.0094
1504.6240 14.1782
1538.8200 14.3265
1573.0160 14.2659
1607.2120 14.0784
1641.4080 14.1552
1675.6040 14.0430
