VARIABLES = "Time" "MSD"
ZONE T = "BD 639"
0.0000 0.0000
34.1960 13.0264
68.3920 13.1519
102.5880 13.5093
136.7840 13.4517
170.9800 13.6309
205.1760 13.7777
239.3720 13.6858
273.5680 13.7754
307.7640 13.7493
341.9600 13.7322
376.1560 13.3166
410.3520 13.8656
444.5480 14.0522
478.7440 13.7926
512.9400 13.4861
547.1360 13.8914
581.3320 14.0338
615.5280 13.7127
649.7240 13.6466
683.9200 13.6512
718.1160 13.7034
752.3120 13.8632
786.5080 13.7364
820.7040 13.8125
854.9000 13.6426
889.0960 13.7438
923.2920 13.7760
957.4880 13.7837
991.6840 13.4067
1025.8800 13.6872
1060.0760 13.8974
1094.2720 13.9082
1128.4680 14.0314
1162.6640 13.9250
1196.8600 14.0007
1231.0560 13.8059
1265.2520 13.9779
1299.4480 14.0070
1333.6440 13.5273
1367.8400 14.0529
1402.0360 13.8023
1436.2320 13.8739
1470.4280 13.8077
1504.6240 13.7906
1538.8200 13.7879
1573.0160 13.7043
1607.2120 14.0146
1641.4080 13.7303
1675.6040 14.0266
