VARIABLES = "Time" "MSD"
ZONE T = "BD 630"
0.0000 0.0000
34.1960 13.0472
68.3920 13.6459
102.5880 13.6634
136.7840 13.9619
170.9800 14.0820
205.1760 14.0136
239.3720 13.8296
273.5680 13.5135
307.7640 14.3592
341.9600 14.3919
376.1560 14.1926
410.3520 14.0021
444.5480 14.1489
478.7440 13.9844
512.9400 13.8724
547.1360 14.3296
581.3320 14.1926
615.5280 14.2266
649.7240 13.9147
683.9200 13.9090
718.1160 14.1835
752.3120 14.2427
786.5080 14.1782
820.7040 14.3000
854.9000 14.6191
889.0960 14.2560
923.2920 14.3928
957.4880 13.9586
991.6840 14.3001
1025.8800 14.2655
1060.0760 14.1534
1094.2720 14.1620
1128.4680 14.0668
1162.6640 14.3347
1196.8600 14.1718
1231.0560 14.1586
1265.2520 13.7430
1299.4480 13.7422
1333.6440 14.1300
1367.8400 14.2257
1402.0360 14.4810
1436.2320 14.2919
1470.4280 14.1085
1504.6240 14.1555
1538.8200 14.5326
1573.0160 13.9210
1607.2120 14.2024
1641.4080 14.4871
1675.6040 14.2763
