VARIABLES = "Time" "MSD"
ZONE T = "BD 641"
0.0000 0.0000
34.1960 13.7214
68.3920 14.0564
102.5880 13.8702
136.7840 14.2285
170.9800 14.4883
205.1760 14.3118
239.3720 14.1299
273.5680 14.5618
307.7640 14.4706
341.9600 13.9698
376.1560 14.2348
410.3520 14.4353
444.5480 14.2209
478.7440 14.2328
512.9400 14.4171
547.1360 14.3650
581.3320 13.9046
615.5280 14.8250
649.7240 14.2000
683.9200 14.1890
718.1160 14.3296
752.3120 14.1454
786.5080 13.8360
820.7040 14.2721
854.9000 14.0185
889.0960 14.1028
923.2920 14.3319
957.4880 14.5074
991.6840 14.1723
1025.8800 14.6286
1060.0760 14.2850
1094.2720 14.4290
1128.4680 14.4916
1162.6640 14.4543
1196.8600 14.5834
1231.0560 14.4431
1265.2520 14.2307
1299.4480 14.5715
1333.6440 14.3524
1367.8400 14.2403
1402.0360 14.1256
1436.2320 14.2242
1470.4280 14.2569
1504.6240 14.3247
1538.8200 14.5476
1573.0160 14.4413
1607.2120 14.2575
1641.4080 14.0902
1675.6040 14.4881
