VARIABLES = "Time" "MSD"
ZONE T = "BD 653"
0.0000 0.0000
34.1960 12.6399
68.3920 13.7092
102.5880 13.5957
136.7840 13.6685
170.9800 13.5286
205.1760 13.4363
239.3720 13.3025
273.5680 13.4057
307.7640 13.2439
341.9600 13.2825
376.1560 13.3298
410.3520 13.5380
444.5480 13.1986
478.7440 13.5092
512.9400 13.4677
547.1360 13.7488
581.3320 13.3914
615.5280 13.5646
649.7240 13.7807
683.9200 13.5577
718.1160 13.3780
752.3120 13.6087
786.5080 13.6939
820.7040 13.3299
854.9000 13.3211
889.0960 13.2391
923.2920 13.3005
957.4880 13.5672
991.6840 13.7401
1025.8800 13.4732
1060.0760 13.6926
1094.2720 13.3563
1128.4680 13.4786
1162.6640 13.4197
1196.8600 13.6342
1231.0560 13.6162
1265.2520 13.5643
1299.4480 13.5395
1333.6440 13.2295
1367.8400 14.1251
1402.0360 13.6955
1436.2320 13.6324
1470.4280 13.5325
1504.6240 13.4979
1538.8200 13.7982
1573.0160 13.7984
1607.2120 13.2029
1641.4080 13.4871
1675.6040 13.5555
