VARIABLES = "Time" "MSD"
ZONE T = "BD 650"
0.0000 0.0000
34.1960 13.0999
68.3920 13.8540
102.5880 13.4219
136.7840 13.6750
170.9800 13.5976
205.1760 13.5167
239.3720 13.5371
273.5680 13.5668
307.7640 13.4636
341.9600 13.9313
376.1560 13.9430
410.3520 13.5045
444.5480 13.5191
478.7440 13.8143
512.9400 13.7811
547.1360 13.7202
581.3320 13.5744
615.5280 13.7287
649.7240 13.9829
683.9200 13.8043
718.1160 14.0628
752.3120 13.6308
786.5080 13.9063
820.7040 13.6631
854.9000 13.7982
889.0960 13.7146
923.2920 13.5862
957.4880 13.8147
991.6840 13.5855
1025.8800 13.7120
1060.0760 13.7397
1094.2720 13.9069
1128.4680 13.8278
1162.6640 14.0357
1196.8600 13.9400
1231.0560 13.9987
1265.2520 13.7266
1299.4480 13.7329
1333.6440 13.6137
1367.8400 13.6616
1402.0360 13.7395
1436.2320 13.7273
1470.4280 13.6489
1504.6240 14.0680
1538.8200 13.8844
1573.0160 13.9416
1607.2120 14.0103
1641.4080 14.0833
1675.6040 14.2435
