VARIABLES = "Time" "MSD"
ZONE T = "BD 656"
0.0000 0.0000
34.1960 13.6770
68.3920 13.7896
102.5880 13.9405
136.7840 14.0002
170.9800 14.0946
205.1760 14.0716
239.3720 14.1824
273.5680 13.9592
307.7640 13.8424
341.9600 14.3507
376.1560 14.3788
410.3520 14.3024
444.5480 14.2731
478.7440 14.2395
512.9400 14.3824
547.1360 14.3507
581.3320 14.2869
615.5280 13.8422
649.7240 14.4380
683.9200 14.1819
718.1160 14.3236
752.3120 14.3843
786.5080 14.4777
820.7040 14.0422
854.9000 14.3895
889.0960 13.9961
923.2920 14.4050
957.4880 14.3299
991.6840 14.4344
1025.8800 14.4479
1060.0760 14.4274
1094.2720 14.6243
1128.4680 14.3998
1162.6640 14.1979
1196.8600 14.5161
1231.0560 14.1602
1265.2520 14.4335
1299.4480 14.1337
1333.6440 14.6867
1367.8400 14.3196
1402.0360 14.4000
1436.2320 13.9606
1470.4280 14.3878
1504.6240 14.8207
1538.8200 14.4080
1573.0160 14.3066
1607.2120 14.3688
1641.4080 14.5828
1675.6040 14.3425
