VARIABLES = "Time" "MSD"
ZONE T = "BD 668"
0.0000 0.0000
34.1960 12.4818
68.3920 13.0392
102.5880 12.8533
136.7840 13.1389
170.9800 13.2718
205.1760 13.1780
239.3720 13.0733
273.5680 13.2270
307.7640 12.9977
341.9600 13.0202
376.1560 13.0824
410.3520 13.0615
444.5480 13.0816
478.7440 13.1599
512.9400 12.8898
547.1360 13.0798
581.3320 13.2513
615.5280 13.0890
649.7240 13.4495
683.9200 13.3354
718.1160 13.2737
752.3120 12.9706
786.5080 13.0219
820.7040 13.1000
854.9000 13.0467
889.0960 13.2510
923.2920 12.8988
957.4880 12.9814
991.6840 13.2620
1025.8800 13.2884
1060.0760 13.0557
1094.2720 13.2237
1128.4680 13.1632
1162.6640 13.2851
1196.8600 13.0807
1231.0560 13.1152
1265.2520 13.1634
1299.4480 13.0850
1333.6440 13.1214
1367.8400 13.0296
1402.0360 13.1282
1436.2320 13.0927
1470.4280 13.2173
1504.6240 13.2991
1538.8200 13.1290
1573.0160 13.3217
1607.2120 13.3871
1641.4080 13.3616
1675.6040 13.5839
