VARIABLES = "Time" "MSD"
ZONE T = "BD 665"
0.0000 0.0000
34.1960 12.5203
68.3920 12.8558
102.5880 12.8447
136.7840 13.2963
170.9800 12.9514
205.1760 12.9800
239.3720 13.1878
273.5680 13.1723
307.7640 13.3730
341.9600 13.3020
376.1560 13.0061
410.3520 13.0550
444.5480 13.2532
478.7440 13.1247
512.9400 13.2001
547.1360 13.2074
581.3320 13.1120
615.5280 12.9850
649.7240 13.2132
683.9200 13.2269
718.1160 13.1699
752.3120 13.1764
786.5080 13.0315
820.7040 13.2338
854.9000 13.1696
889.0960 13.2744
923.2920 13.2835
957.4880 13.2832
991.6840 13.2532
1025.8800 13.1195
1060.0760 12.7526
1094.2720 13.1095
1128.4680 13.2129
1162.6640 13.0876
1196.8600 13.2473
1231.0560 13.2052
1265.2520 13.4740
1299.4480 13.2988
1333.6440 13.4531
1367.8400 13.1530
1402.0360 13.4174
1436.2320 12.9386
1470.4280 13.0136
1504.6240 13.1287
1538.8200 13.2297
1573.0160 13.1939
1607.2120 13.0221
1641.4080 13.1758
1675.6040 13.0097
