VARIABLES = "Time" "MSD"
ZONE T = "BD 666"
0.0000 0.0000
34.1960 12.7159
68.3920 13.0152
102.5880 13.0286
136.7840 13.1089
170.9800 13.6556
205.1760 13.1247
239.3720 13.1654
273.5680 13.4539
307.7640 13.0528
341.9600 13.4423
376.1560 12.7934
410.3520 13.3888
444.5480 13.4414
478.7440 13.4216
512.9400 13.1163
547.1360 13.2990
581.3320 12.9605
615.5280 13.2942
649.7240 13.1762
683.9200 13.1428
718.1160 13.0725
752.3120 13.2483
786.5080 13.2293
820.7040 13.3471
854.9000 13.5083
889.0960 13.3684
923.2920 13.0317
957.4880 12.9416
991.6840 12.9551
1025.8800 13.4094
1060.0760 13.3012
1094.2720 13.1493
1128.4680 13.1113
1162.6640 13.1379
1196.8600 13.1558
1231.0560 13.1656
1265.2520 13.0719
1299.4480 13.2887
1333.6440 13.4086
1367.8400 13.5540
1402.0360 13.0552
1436.2320 13.1189
1470.4280 13.2319
1504.6240 13.1052
1538.8200 13.3047
1573.0160 13.2193
1607.2120 13.5645
1641.4080 13.2650
1675.6040 13.3795
