VARIABLES = "Time" "MSD"
ZONE T = "BD 66"
0.0000 0.0000
34.1960 60.9737
68.3920 111.0912
102.5880 152.8202
136.7840 186.9444
170.9800 213.6705
205.1760 237.2002
239.3720 257.8515
273.5680 277.7226
307.7640 295.4603
341.9600 311.3672
376.1560 324.1230
410.3520 333.4422
444.5480 341.4296
478.7440 349.2192
512.9400 354.7764
547.1360 359.9278
581.3320 364.3342
615.5280 366.8943
649.7240 370.2208
683.9200 372.2426
718.1160 377.3085
752.3120 381.7753
786.5080 387.3347
820.7040 392.2150
854.9000 394.8506
889.0960 399.4042
923.2920 398.6051
957.4880 399.2378
991.6840 401.6583
1025.8800 403.6506
1060.0760 405.6146
1094.2720 408.5243
1128.4680 413.7036
1162.6640 417.1336
1196.8600 418.7394
1231.0560 418.4961
1265.2520 417.2982
1299.4480 416.5069
1333.6440 418.5349
1367.8400 423.0715
1402.0360 426.5254
1436.2320 426.8406
1470.4280 426.3069
1504.6240 427.5728
1538.8200 429.3628
1573.0160 431.7332
1607.2120 434.6675
1641.4080 439.4355
1675.6040 441.6362
