VARIABLES = "Time" "MSD"
ZONE T = "BD 677"
0.0000 0.0000
34.1960 12.6121
68.3920 13.1940
102.5880 13.2410
136.7840 13.2906
170.9800 13.0975
205.1760 13.1184
239.3720 13.2322
273.5680 12.8995
307.7640 13.1908
341.9600 13.3002
376.1560 13.1668
410.3520 13.0415
444.5480 13.3015
478.7440 13.3905
512.9400 13.1522
547.1360 12.8785
581.3320 13.2042
615.5280 12.8864
649.7240 13.4737
683.9200 13.0584
718.1160 13.1214
752.3120 13.0906
786.5080 13.2579
820.7040 12.9612
854.9000 13.4354
889.0960 13.1912
923.2920 13.2207
957.4880 13.3770
991.6840 13.3826
1025.8800 13.2456
1060.0760 13.1490
1094.2720 13.2688
1128.4680 13.7168
1162.6640 13.1807
1196.8600 13.4568
1231.0560 13.1235
1265.2520 13.0898
1299.4480 13.1969
1333.6440 13.3903
1367.8400 13.6882
1402.0360 13.4172
1436.2320 13.0904
1470.4280 13.3643
1504.6240 13.0422
1538.8200 13.2070
1573.0160 13.3844
1607.2120 13.2097
1641.4080 13.4058
1675.6040 12.9116
