VARIABLES = "Time" "MSD"
ZONE T = "BD 679"
0.0000 0.0000
34.1960 11.8161
68.3920 12.3082
102.5880 12.5483
136.7840 12.4108
170.9800 12.2439
205.1760 12.4526
239.3720 12.3726
273.5680 12.3764
307.7640 12.4906
341.9600 12.5379
376.1560 12.1412
410.3520 12.3265
444.5480 12.2618
478.7440 12.4005
512.9400 12.6413
547.1360 12.4658
581.3320 12.5721
615.5280 12.6486
649.7240 12.8852
683.9200 12.7529
718.1160 12.6362
752.3120 12.7764
786.5080 12.6762
820.7040 12.6012
854.9000 12.7232
889.0960 12.7687
923.2920 12.6340
957.4880 12.3734
991.6840 12.7404
1025.8800 12.5897
1060.0760 12.4428
1094.2720 12.4725
1128.4680 12.7944
1162.6640 12.8002
1196.8600 12.6774
1231.0560 12.5944
1265.2520 12.5612
1299.4480 12.5162
1333.6440 12.5597
1367.8400 12.4917
1402.0360 12.6961
1436.2320 12.6831
1470.4280 12.2790
1504.6240 12.2987
1538.8200 12.4905
1573.0160 12.4141
1607.2120 12.6562
1641.4080 12.8586
1675.6040 12.6490
