VARIABLES = "Time" "MSD"
ZONE T = "BD 676"
0.0000 0.0000
34.1960 12.7751
68.3920 13.2997
102.5880 13.2932
136.7840 13.3862
170.9800 13.4474
205.1760 13.5797
239.3720 13.7090
273.5680 13.4998
307.7640 13.4431
341.9600 13.8168
376.1560 13.7198
410.3520 13.5204
444.5480 13.5068
478.7440 13.5436
512.9400 13.6412
547.1360 13.4821
581.3320 13.4875
615.5280 13.5127
649.7240 13.3037
683.9200 13.4800
718.1160 13.6828
752.3120 13.6044
786.5080 13.6801
820.7040 13.5288
854.9000 13.6864
889.0960 13.9489
923.2920 13.3786
957.4880 13.5719
991.6840 13.8395
1025.8800 13.9445
1060.0760 13.4656
1094.2720 13.5299
1128.4680 13.4790
1162.6640 13.5306
1196.8600 13.2694
1231.0560 13.5270
1265.2520 13.6885
1299.4480 13.2525
1333.6440 13.7456
1367.8400 13.6399
1402.0360 13.6178
1436.2320 13.9876
1470.4280 13.7656
1504.6240 13.7235
1538.8200 13.6708
1573.0160 13.7533
1607.2120 13.7667
1641.4080 13.3396
1675.6040 13.4162
