VARIABLES = "Time" "MSD"
ZONE T = "BD 68"
0.0000 0.0000
34.1960 65.5339
68.3920 118.3224
102.5880 162.7594
136.7840 201.5497
170.9800 232.5093
205.1760 258.8061
239.3720 282.2848
273.5680 302.4771
307.7640 319.2249
341.9600 333.8803
376.1560 346.3047
410.3520 356.2468
444.5480 365.2799
478.7440 372.6406
512.9400 378.9596
547.1360 383.5657
581.3320 386.3222
615.5280 387.7379
649.7240 388.6209
683.9200 387.6837
718.1160 387.5681
752.3120 386.9947
786.5080 391.4954
820.7040 394.3596
854.9000 396.9253
889.0960 400.8691
923.2920 405.8343
957.4880 409.9163
991.6840 414.2199
1025.8800 419.0684
1060.0760 419.9579
1094.2720 422.8812
1128.4680 424.0868
1162.6640 425.8688
1196.8600 427.2925
1231.0560 430.5422
1265.2520 430.6669
1299.4480 430.4657
1333.6440 430.4960
1367.8400 432.1101
1402.0360 432.9267
1436.2320 436.2766
1470.4280 439.4263
1504.6240 441.2085
1538.8200 441.8814
1573.0160 441.6991
1607.2120 439.6245
1641.4080 438.5271
1675.6040 436.6142
