VARIABLES = "Time" "MSD"
ZONE T = "BD 687"
0.0000 0.0000
34.1960 12.3946
68.3920 12.6199
102.5880 12.7751
136.7840 12.6076
170.9800 12.6889
205.1760 12.8926
239.3720 12.9238
273.5680 12.8988
307.7640 12.9158
341.9600 12.9739
376.1560 13.1408
410.3520 13.1505
444.5480 12.6934
478.7440 12.9077
512.9400 13.0055
547.1360 13.1821
581.3320 13.0201
615.5280 13.2809
649.7240 13.0758
683.9200 12.9697
718.1160 13.2113
752.3120 13.0963
786.5080 12.8245
820.7040 12.8793
854.9000 13.0518
889.0960 13.0176
923.2920 13.0806
957.4880 13.0438
991.6840 12.8958
1025.8800 12.9996
1060.0760 12.8966
1094.2720 12.9951
1128.4680 12.8980
1162.6640 13.2328
1196.8600 13.3010
1231.0560 13.0732
1265.2520 12.9489
1299.4480 13.0290
1333.6440 12.6429
1367.8400 12.9358
1402.0360 12.8475
1436.2320 13.0976
1470.4280 13.1074
1504.6240 12.9429
1538.8200 13.0863
1573.0160 12.7937
1607.2120 13.0047
1641.4080 13.1062
1675.6040 13.2382
