VARIABLES = "Time" "MSD"
ZONE T = "BD 681"
0.0000 0.0000
34.1960 11.9613
68.3920 11.9335
102.5880 12.2738
136.7840 11.9568
170.9800 12.5311
205.1760 12.3605
239.3720 12.3091
273.5680 12.6256
307.7640 11.9912
341.9600 12.1906
376.1560 12.3351
410.3520 12.3212
444.5480 12.1571
478.7440 12.5945
512.9400 12.5199
547.1360 12.5984
581.3320 12.6893
615.5280 12.3391
649.7240 12.3675
683.9200 12.5745
718.1160 12.6706
752.3120 12.5563
786.5080 12.8014
820.7040 12.7359
854.9000 12.5370
889.0960 12.5966
923.2920 12.5930
957.4880 12.7671
991.6840 12.6889
1025.8800 12.2041
1060.0760 12.4913
1094.2720 12.6734
1128.4680 12.6431
1162.6640 12.4854
1196.8600 12.5610
1231.0560 12.4015
1265.2520 12.4832
1299.4480 12.4526
1333.6440 12.4683
1367.8400 12.6105
1402.0360 12.6628
1436.2320 12.5350
1470.4280 12.4559
1504.6240 12.4251
1538.8200 12.7384
1573.0160 12.5460
1607.2120 12.5896
1641.4080 12.4709
1675.6040 12.5188
