VARIABLES = "Time" "MSD"
ZONE T = "BD 683"
0.0000 0.0000
34.1960 11.6067
68.3920 12.0729
102.5880 12.2673
136.7840 12.3086
170.9800 12.5720
205.1760 12.5989
239.3720 12.5260
273.5680 12.4775
307.7640 12.4358
341.9600 12.3954
376.1560 12.2939
410.3520 12.3322
444.5480 12.3688
478.7440 12.3769
512.9400 12.5021
547.1360 12.3045
581.3320 12.5008
615.5280 12.2610
649.7240 12.5126
683.9200 12.3342
718.1160 12.1589
752.3120 12.5370
786.5080 12.7286
820.7040 12.2569
854.9000 12.5955
889.0960 12.5941
923.2920 12.7088
957.4880 12.4453
991.6840 12.4577
1025.8800 12.4641
1060.0760 12.4169
1094.2720 12.6068
1128.4680 12.2719
1162.6640 12.3117
1196.8600 12.3993
1231.0560 12.6313
1265.2520 12.3981
1299.4480 12.5686
1333.6440 12.4908
1367.8400 12.4787
1402.0360 12.5565
1436.2320 12.6450
1470.4280 12.6973
1504.6240 12.7971
1538.8200 12.4299
1573.0160 12.6229
1607.2120 12.2456
1641.4080 12.6303
1675.6040 12.3974
