VARIABLES = "Time" "MSD"
ZONE T = "BD 688"
0.0000 0.0000
34.1960 12.3922
68.3920 12.6979
102.5880 12.5124
136.7840 12.6845
170.9800 12.4615
205.1760 12.8585
239.3720 12.6220
273.5680 12.7748
307.7640 12.9227
341.9600 13.1144
376.1560 12.6348
410.3520 12.7640
444.5480 12.8635
478.7440 12.9591
512.9400 13.0453
547.1360 12.5810
581.3320 12.6755
615.5280 13.0970
649.7240 12.8695
683.9200 13.0368
718.1160 13.0009
752.3120 12.7679
786.5080 12.7177
820.7040 12.9292
854.9000 12.7085
889.0960 12.7823
923.2920 13.0030
957.4880 12.7679
991.6840 12.8931
1025.8800 12.8829
1060.0760 12.4878
1094.2720 12.8221
1128.4680 13.0109
1162.6640 12.6909
1196.8600 13.0061
1231.0560 12.9418
1265.2520 12.6865
1299.4480 12.6593
1333.6440 13.0802
1367.8400 13.2955
1402.0360 12.9969
1436.2320 12.6353
1470.4280 13.0258
1504.6240 12.9591
1538.8200 13.0407
1573.0160 12.7207
1607.2120 13.0030
1641.4080 12.7631
1675.6040 12.7368
