VARIABLES = "Time" "MSD"
ZONE T = "BD 69"
0.0000 0.0000
34.1960 64.8664
68.3920 113.1599
102.5880 154.6309
136.7840 188.0778
170.9800 216.4553
205.1760 237.6796
239.3720 255.1985
273.5680 269.5190
307.7640 278.4006
341.9600 286.4580
376.1560 292.0068
410.3520 297.9600
444.5480 301.7189
478.7440 306.0476
512.9400 314.1258
547.1360 320.6320
581.3320 325.9502
615.5280 328.6583
649.7240 333.8132
683.9200 336.3428
718.1160 341.1584
752.3120 341.3041
786.5080 342.0284
820.7040 343.7920
854.9000 344.9729
889.0960 345.3348
923.2920 346.7065
957.4880 348.5237
991.6840 350.2693
1025.8800 353.0161
1060.0760 357.6987
1094.2720 362.1939
1128.4680 365.2416
1162.6640 365.9669
1196.8600 363.1236
1231.0560 360.1206
1265.2520 355.9916
1299.4480 350.9973
1333.6440 348.0221
1367.8400 347.1361
1402.0360 349.1405
1436.2320 351.9426
1470.4280 352.7115
1504.6240 354.6355
1538.8200 355.8857
1573.0160 355.8452
1607.2120 355.8895
1641.4080 355.6751
1675.6040 357.3634
