VARIABLES = "Time" "MSD"
ZONE T = "BD 696"
0.0000 0.0000
34.1960 11.6667
68.3920 11.9166
102.5880 12.1207
136.7840 12.2908
170.9800 12.0637
205.1760 12.0986
239.3720 12.2441
273.5680 12.3583
307.7640 12.6203
341.9600 12.4011
376.1560 12.0927
410.3520 12.3287
444.5480 12.3097
478.7440 12.5514
512.9400 12.6238
547.1360 12.2537
581.3320 12.2689
615.5280 12.2361
649.7240 12.2863
683.9200 12.2976
718.1160 12.7943
752.3120 12.4029
786.5080 12.5719
820.7040 12.2978
854.9000 12.2413
889.0960 12.3672
923.2920 12.5664
957.4880 12.3260
991.6840 12.6781
1025.8800 12.2538
1060.0760 12.7483
1094.2720 12.1754
1128.4680 12.3677
1162.6640 12.5754
1196.8600 12.5941
1231.0560 12.2897
1265.2520 12.5671
1299.4480 12.5460
1333.6440 12.7157
1367.8400 12.5002
1402.0360 12.6278
1436.2320 12.5717
1470.4280 12.5209
1504.6240 12.6290
1538.8200 12.3519
1573.0160 12.5750
1607.2120 12.4736
1641.4080 12.5233
1675.6040 12.5565
