VARIABLES = "Time" "MSD"
ZONE T = "BD 697"
0.0000 0.0000
34.1960 11.5687
68.3920 12.0787
102.5880 11.9829
136.7840 12.2323
170.9800 12.0016
205.1760 12.4051
239.3720 12.3631
273.5680 12.3027
307.7640 12.2829
341.9600 12.5635
376.1560 12.6040
410.3520 12.1770
444.5480 12.6208
478.7440 12.4532
512.9400 12.0949
547.1360 12.1960
581.3320 12.4562
615.5280 12.4809
649.7240 12.1415
683.9200 12.2885
718.1160 12.6607
752.3120 12.4109
786.5080 12.3815
820.7040 12.1334
854.9000 12.2879
889.0960 12.2507
923.2920 12.5001
957.4880 12.2621
991.6840 12.5612
1025.8800 12.5796
1060.0760 12.3287
1094.2720 12.7851
1128.4680 12.5561
1162.6640 12.2236
1196.8600 12.3993
1231.0560 12.3983
1265.2520 12.3267
1299.4480 12.2865
1333.6440 12.2748
1367.8400 12.7262
1402.0360 12.6564
1436.2320 12.7018
1470.4280 12.3486
1504.6240 12.6096
1538.8200 12.8246
1573.0160 12.2843
1607.2120 12.5660
1641.4080 12.4886
1675.6040 12.3013
