VARIABLES = "Time" "MSD"
ZONE T = "BD 703"
0.0000 0.0000
34.1960 11.9616
68.3920 11.8992
102.5880 12.0895
136.7840 12.0114
170.9800 11.9864
205.1760 12.1532
239.3720 11.9955
273.5680 12.0906
307.7640 12.1750
341.9600 12.1213
376.1560 11.9789
410.3520 12.1995
444.5480 12.0895
478.7440 12.2188
512.9400 12.1868
547.1360 12.0250
581.3320 12.1085
615.5280 12.2459
649.7240 12.0556
683.9200 12.3605
718.1160 12.3436
752.3120 12.0012
786.5080 12.2871
820.7040 12.1760
854.9000 12.1239
889.0960 12.1020
923.2920 12.4927
957.4880 12.1260
991.6840 12.0772
1025.8800 12.1990
1060.0760 12.1940
1094.2720 12.4459
1128.4680 12.1550
1162.6640 12.1397
1196.8600 12.1672
1231.0560 12.2594
1265.2520 12.5087
1299.4480 12.2380
1333.6440 12.1704
1367.8400 12.1392
1402.0360 12.1423
1436.2320 12.4585
1470.4280 12.2935
1504.6240 12.1121
1538.8200 12.6970
1573.0160 12.4127
1607.2120 12.3169
1641.4080 12.2162
1675.6040 12.4672
