VARIABLES = "Time" "MSD"
ZONE T = "BD 71"
0.0000 0.0000
34.1960 64.7247
68.3920 118.6803
102.5880 162.6145
136.7840 197.5695
170.9800 225.4277
205.1760 248.8691
239.3720 268.6246
273.5680 287.7695
307.7640 301.9688
341.9600 315.8418
376.1560 327.8974
410.3520 337.7041
444.5480 342.3610
478.7440 346.0952
512.9400 350.8524
547.1360 354.2166
581.3320 356.4958
615.5280 359.2935
649.7240 359.5184
683.9200 359.2831
718.1160 357.9048
752.3120 357.9866
786.5080 358.4298
820.7040 358.8077
854.9000 359.9296
889.0960 361.7448
923.2920 363.1315
957.4880 360.4315
991.6840 361.4008
1025.8800 363.0710
1060.0760 365.6201
1094.2720 370.4385
1128.4680 373.4228
1162.6640 374.0745
1196.8600 375.2383
1231.0560 375.7098
1265.2520 379.9494
1299.4480 381.5354
1333.6440 380.7984
1367.8400 382.1732
1402.0360 384.1803
1436.2320 387.9606
1470.4280 391.4619
1504.6240 391.9238
1538.8200 389.9636
1573.0160 391.8505
1607.2120 394.2417
1641.4080 395.7204
1675.6040 393.3097
