VARIABLES = "Time" "MSD"
ZONE T = "BD 711"
0.0000 0.0000
34.1960 11.0646
68.3920 11.5255
102.5880 11.4318
136.7840 11.5545
170.9800 11.4809
205.1760 11.7466
239.3720 11.4733
273.5680 11.8428
307.7640 11.4892
341.9600 11.5095
376.1560 11.5507
410.3520 11.4557
444.5480 11.5227
478.7440 11.5523
512.9400 11.5441
547.1360 11.5454
581.3320 11.7230
615.5280 11.7495
649.7240 11.5757
683.9200 11.7335
718.1160 12.1214
752.3120 11.3614
786.5080 11.3389
820.7040 11.4911
854.9000 11.5055
889.0960 11.6054
923.2920 11.5524
957.4880 11.7158
991.6840 11.5026
1025.8800 11.6527
1060.0760 11.7865
1094.2720 11.7303
1128.4680 11.7075
1162.6640 11.6985
1196.8600 11.6380
1231.0560 11.8410
1265.2520 11.6296
1299.4480 11.5327
1333.6440 11.6976
1367.8400 11.6554
1402.0360 11.7401
1436.2320 11.5103
1470.4280 11.6922
1504.6240 11.8281
1538.8200 11.6186
1573.0160 11.7815
1607.2120 12.1698
1641.4080 11.9028
1675.6040 11.8519
