VARIABLES = "Time" "MSD"
ZONE T = "BD 710"
0.0000 0.0000
34.1960 11.4568
68.3920 11.6131
102.5880 11.8770
136.7840 11.5606
170.9800 11.4988
205.1760 11.6959
239.3720 11.7952
273.5680 11.7921
307.7640 12.0594
341.9600 11.8576
376.1560 11.7829
410.3520 11.8638
444.5480 11.8840
478.7440 11.8566
512.9400 12.2940
547.1360 11.6813
581.3320 11.7653
615.5280 11.7147
649.7240 11.6708
683.9200 12.0788
718.1160 11.7006
752.3120 11.9666
786.5080 11.8726
820.7040 11.7490
854.9000 11.8003
889.0960 11.9011
923.2920 11.7315
957.4880 11.7475
991.6840 11.7265
1025.8800 12.0502
1060.0760 11.7002
1094.2720 11.7611
1128.4680 12.0798
1162.6640 11.6815
1196.8600 11.9009
1231.0560 12.0168
1265.2520 11.9558
1299.4480 11.8648
1333.6440 11.8554
1367.8400 12.2544
1402.0360 12.0197
1436.2320 12.0294
1470.4280 11.8261
1504.6240 12.0122
1538.8200 11.9851
1573.0160 11.7720
1607.2120 11.8172
1641.4080 11.8901
1675.6040 11.8286
