VARIABLES = "Time" "MSD"
ZONE T = "BD 718"
0.0000 0.0000
34.1960 11.8655
68.3920 11.7277
102.5880 12.0404
136.7840 11.8572
170.9800 11.9805
205.1760 12.0717
239.3720 12.0416
273.5680 12.2177
307.7640 12.2665
341.9600 12.1986
376.1560 12.1485
410.3520 12.3275
444.5480 12.1316
478.7440 12.2948
512.9400 12.2251
547.1360 12.5033
581.3320 12.2057
615.5280 12.1654
649.7240 12.1830
683.9200 12.3117
718.1160 12.4227
752.3120 12.3292
786.5080 12.0092
820.7040 11.8617
854.9000 12.2131
889.0960 12.2315
923.2920 12.1203
957.4880 12.3920
991.6840 12.2502
1025.8800 12.1331
1060.0760 12.4520
1094.2720 12.1297
1128.4680 12.6054
1162.6640 12.0279
1196.8600 12.5745
1231.0560 12.1855
1265.2520 12.4544
1299.4480 12.0884
1333.6440 12.2200
1367.8400 12.4355
1402.0360 12.1997
1436.2320 12.3297
1470.4280 12.0510
1504.6240 12.1221
1538.8200 12.2375
1573.0160 12.2637
1607.2120 12.0772
1641.4080 12.1787
1675.6040 11.8716
