VARIABLES = "Time" "MSD"
ZONE T = "BD 714"
0.0000 0.0000
34.1960 11.8143
68.3920 12.0356
102.5880 12.2683
136.7840 11.9926
170.9800 12.3799
205.1760 12.3017
239.3720 12.1735
273.5680 12.3220
307.7640 12.2691
341.9600 12.4584
376.1560 12.2448
410.3520 12.5073
444.5480 12.5024
478.7440 12.5260
512.9400 12.3960
547.1360 12.2642
581.3320 12.6463
615.5280 12.1764
649.7240 12.4008
683.9200 12.2809
718.1160 12.6085
752.3120 12.3825
786.5080 12.1432
820.7040 12.5846
854.9000 12.4502
889.0960 12.5947
923.2920 12.1998
957.4880 12.4777
991.6840 12.2708
1025.8800 12.5707
1060.0760 12.5850
1094.2720 12.4241
1128.4680 12.6555
1162.6640 12.3835
1196.8600 12.7679
1231.0560 12.7971
1265.2520 12.4615
1299.4480 12.3860
1333.6440 12.4661
1367.8400 12.6102
1402.0360 12.3848
1436.2320 12.5599
1470.4280 12.5734
1504.6240 12.4240
1538.8200 12.2536
1573.0160 12.6731
1607.2120 12.3887
1641.4080 12.5923
1675.6040 12.5265
