VARIABLES = "Time" "MSD"
ZONE T = "BD 717"
0.0000 0.0000
34.1960 11.8791
68.3920 11.8839
102.5880 11.9892
136.7840 12.0393
170.9800 11.7713
205.1760 11.8430
239.3720 12.0197
273.5680 12.2123
307.7640 11.9638
341.9600 11.8907
376.1560 11.8437
410.3520 11.9086
444.5480 12.0157
478.7440 11.9644
512.9400 11.6992
547.1360 12.1645
581.3320 12.0529
615.5280 11.9620
649.7240 12.2759
683.9200 12.1591
718.1160 11.9733
752.3120 12.0345
786.5080 12.0117
820.7040 11.8010
854.9000 12.0116
889.0960 12.2536
923.2920 12.0776
957.4880 12.0975
991.6840 11.9570
1025.8800 12.0989
1060.0760 12.0770
1094.2720 12.1475
1128.4680 12.1395
1162.6640 12.3341
1196.8600 11.9725
1231.0560 12.3037
1265.2520 12.1827
1299.4480 12.3247
1333.6440 12.1965
1367.8400 12.0678
1402.0360 12.1367
1436.2320 12.3675
1470.4280 12.3336
1504.6240 12.1599
1538.8200 12.3257
1573.0160 12.2334
1607.2120 12.1549
1641.4080 12.1867
1675.6040 12.0376
