VARIABLES = "Time" "MSD"
ZONE T = "BD 723"
0.0000 0.0000
34.1960 11.7036
68.3920 11.8231
102.5880 12.2997
136.7840 11.8774
170.9800 11.9103
205.1760 12.2682
239.3720 11.9790
273.5680 12.0734
307.7640 12.3374
341.9600 11.9477
376.1560 12.6151
410.3520 12.2638
444.5480 12.1852
478.7440 12.0863
512.9400 12.1971
547.1360 12.4501
581.3320 12.0808
615.5280 11.7964
649.7240 12.0442
683.9200 11.9850
718.1160 12.2261
752.3120 12.0801
786.5080 12.0151
820.7040 12.0148
854.9000 11.9227
889.0960 12.2502
923.2920 12.3604
957.4880 12.2055
991.6840 12.4151
1025.8800 12.3046
1060.0760 12.2772
1094.2720 12.1657
1128.4680 12.1164
1162.6640 12.4575
1196.8600 12.1310
1231.0560 12.2918
1265.2520 11.9277
1299.4480 12.2796
1333.6440 12.2688
1367.8400 12.0131
1402.0360 12.3152
1436.2320 12.3644
1470.4280 11.9264
1504.6240 12.2122
1538.8200 12.2369
1573.0160 12.2358
1607.2120 12.1897
1641.4080 11.7300
1675.6040 12.2356
