VARIABLES = "Time" "MSD"
ZONE T = "BD 724"
0.0000 0.0000
34.1960 10.9031
68.3920 11.3323
102.5880 11.1522
136.7840 11.6103
170.9800 11.6111
205.1760 11.4696
239.3720 11.5426
273.5680 11.2302
307.7640 11.3859
341.9600 11.5267
376.1560 11.3555
410.3520 11.3891
444.5480 11.4110
478.7440 11.1885
512.9400 11.8529
547.1360 11.6599
581.3320 11.6434
615.5280 11.7094
649.7240 11.7122
683.9200 11.5185
718.1160 11.4259
752.3120 11.3019
786.5080 11.4441
820.7040 11.5071
854.9000 11.6157
889.0960 11.4314
923.2920 11.4988
957.4880 11.7090
991.6840 11.7150
1025.8800 11.6715
1060.0760 12.0683
1094.2720 11.5588
1128.4680 11.6657
1162.6640 11.6155
1196.8600 11.5382
1231.0560 11.4115
1265.2520 11.7860
1299.4480 11.6242
1333.6440 11.4759
1367.8400 11.8044
1402.0360 11.4630
1436.2320 11.7267
1470.4280 11.6333
1504.6240 11.5066
1538.8200 11.4787
1573.0160 11.5883
1607.2120 11.6165
1641.4080 11.7105
1675.6040 11.4867
