VARIABLES = "Time" "MSD"
ZONE T = "BD 727"
0.0000 0.0000
34.1960 11.1978
68.3920 11.6267
102.5880 11.3313
136.7840 11.5871
170.9800 11.4863
205.1760 11.7227
239.3720 11.7329
273.5680 11.6641
307.7640 11.4148
341.9600 11.7676
376.1560 11.8131
410.3520 11.7383
444.5480 11.7290
478.7440 11.8428
512.9400 11.6108
547.1360 11.5786
581.3320 11.5809
615.5280 11.8535
649.7240 11.8540
683.9200 11.5737
718.1160 11.9491
752.3120 11.9370
786.5080 11.5592
820.7040 11.6838
854.9000 11.7194
889.0960 11.6033
923.2920 11.7171
957.4880 11.6500
991.6840 11.8607
1025.8800 11.7622
1060.0760 11.8800
1094.2720 11.6581
1128.4680 11.7450
1162.6640 11.6995
1196.8600 12.0500
1231.0560 11.8467
1265.2520 11.7181
1299.4480 11.6382
1333.6440 11.7808
1367.8400 11.4674
1402.0360 11.6687
1436.2320 11.7886
1470.4280 11.8943
1504.6240 11.6329
1538.8200 11.7809
1573.0160 11.7178
1607.2120 11.9974
1641.4080 11.6912
1675.6040 11.8600
