VARIABLES = "Time" "MSD"
ZONE T = "BD 72"
0.0000 0.0000
34.1960 66.6731
68.3920 119.5065
102.5880 163.1534
136.7840 199.4831
170.9800 230.8205
205.1760 256.7743
239.3720 279.7092
273.5680 297.4617
307.7640 312.7434
341.9600 325.1432
376.1560 334.8267
410.3520 342.1642
444.5480 350.1337
478.7440 353.7192
512.9400 356.9592
547.1360 358.4098
581.3320 356.4029
615.5280 355.1160
649.7240 353.9020
683.9200 352.6787
718.1160 352.1349
752.3120 351.6764
786.5080 352.8349
820.7040 354.8841
854.9000 355.8145
889.0960 356.3306
923.2920 355.3580
957.4880 354.0902
991.6840 351.9694
1025.8800 352.1940
1060.0760 352.8201
1094.2720 354.5748
1128.4680 358.7104
1162.6640 363.7367
1196.8600 369.9938
1231.0560 375.9785
1265.2520 379.1992
1299.4480 383.1736
1333.6440 385.4203
1367.8400 385.7282
1402.0360 385.8875
1436.2320 385.6420
1470.4280 382.1787
1504.6240 379.4576
1538.8200 376.3502
1573.0160 374.3015
1607.2120 372.2500
1641.4080 373.1653
1675.6040 374.9318
