VARIABLES = "Time" "MSD"
ZONE T = "BD 736"
0.0000 0.0000
34.1960 10.8852
68.3920 11.1610
102.5880 10.9721
136.7840 11.2666
170.9800 11.4623
205.1760 11.2345
239.3720 11.3473
273.5680 11.2822
307.7640 11.2795
341.9600 11.2745
376.1560 11.3097
410.3520 11.1819
444.5480 11.5049
478.7440 11.2401
512.9400 11.2932
547.1360 11.2358
581.3320 11.2593
615.5280 11.1848
649.7240 11.0811
683.9200 11.3144
718.1160 11.3272
752.3120 11.4439
786.5080 11.4918
820.7040 11.3902
854.9000 11.4439
889.0960 11.3668
923.2920 11.3108
957.4880 11.2895
991.6840 11.2030
1025.8800 11.2748
1060.0760 11.3652
1094.2720 11.2770
1128.4680 11.3910
1162.6640 11.3148
1196.8600 11.3861
1231.0560 11.6505
1265.2520 11.2153
1299.4480 11.1518
1333.6440 11.1131
1367.8400 11.5957
1402.0360 11.3185
1436.2320 11.1361
1470.4280 11.3016
1504.6240 11.3344
1538.8200 11.4693
1573.0160 11.2194
1607.2120 11.4224
1641.4080 11.2894
1675.6040 11.5738
