VARIABLES = "Time" "MSD"
ZONE T = "BD 738"
0.0000 0.0000
34.1960 10.8127
68.3920 11.4450
102.5880 11.5104
136.7840 11.5038
170.9800 11.3798
205.1760 11.4692
239.3720 11.2283
273.5680 11.5514
307.7640 11.6351
341.9600 11.4291
376.1560 11.5155
410.3520 11.7596
444.5480 11.6036
478.7440 11.4762
512.9400 11.6490
547.1360 11.6689
581.3320 11.5556
615.5280 11.5623
649.7240 11.6602
683.9200 11.5261
718.1160 11.3522
752.3120 11.8546
786.5080 11.8710
820.7040 11.5899
854.9000 11.8434
889.0960 11.6394
923.2920 11.5866
957.4880 11.8899
991.6840 12.0215
1025.8800 11.7014
1060.0760 11.5388
1094.2720 11.7980
1128.4680 11.8243
1162.6640 11.5566
1196.8600 11.7245
1231.0560 11.9552
1265.2520 11.6470
1299.4480 11.5243
1333.6440 11.7765
1367.8400 11.5615
1402.0360 11.5912
1436.2320 11.6773
1470.4280 11.7066
1504.6240 11.8406
1538.8200 11.3802
1573.0160 11.9983
1607.2120 11.6943
1641.4080 11.6551
1675.6040 11.7105
