VARIABLES = "Time" "MSD"
ZONE T = "BD 735"
0.0000 0.0000
34.1960 11.1261
68.3920 11.2910
102.5880 11.2608
136.7840 11.5878
170.9800 11.6019
205.1760 11.3297
239.3720 11.4897
273.5680 11.3165
307.7640 11.5009
341.9600 11.1507
376.1560 11.3401
410.3520 11.5567
444.5480 11.4258
478.7440 11.5944
512.9400 11.4003
547.1360 11.4023
581.3320 11.3082
615.5280 11.4677
649.7240 11.3053
683.9200 11.3715
718.1160 11.4487
752.3120 11.5934
786.5080 11.2695
820.7040 11.2232
854.9000 11.4065
889.0960 11.3798
923.2920 11.4978
957.4880 11.6293
991.6840 11.7595
1025.8800 11.2496
1060.0760 11.2676
1094.2720 11.3495
1128.4680 11.1269
1162.6640 11.3365
1196.8600 11.7048
1231.0560 11.5664
1265.2520 11.8183
1299.4480 11.2671
1333.6440 11.3414
1367.8400 11.4982
1402.0360 11.4834
1436.2320 11.2599
1470.4280 11.4183
1504.6240 11.5178
1538.8200 11.4869
1573.0160 11.6343
1607.2120 11.3990
1641.4080 11.5737
1675.6040 11.6434
