VARIABLES = "Time" "MSD"
ZONE T = "BD 731"
0.0000 0.0000
34.1960 11.1295
68.3920 11.6123
102.5880 11.1727
136.7840 11.9519
170.9800 11.6914
205.1760 11.5115
239.3720 11.3144
273.5680 11.5929
307.7640 11.5407
341.9600 11.3607
376.1560 11.7742
410.3520 11.6773
444.5480 11.5245
478.7440 11.4857
512.9400 11.5181
547.1360 11.7485
581.3320 11.6853
615.5280 11.4530
649.7240 11.6004
683.9200 11.6627
718.1160 11.6925
752.3120 11.7429
786.5080 11.6387
820.7040 11.6191
854.9000 11.6091
889.0960 11.4401
923.2920 11.5161
957.4880 11.7103
991.6840 11.4226
1025.8800 11.6612
1060.0760 11.8654
1094.2720 11.7911
1128.4680 11.7674
1162.6640 11.4205
1196.8600 11.6470
1231.0560 11.4348
1265.2520 11.5420
1299.4480 11.4831
1333.6440 11.5636
1367.8400 11.7189
1402.0360 11.4889
1436.2320 11.7863
1470.4280 11.4982
1504.6240 11.3348
1538.8200 11.8232
1573.0160 11.6732
1607.2120 11.7479
1641.4080 11.4977
1675.6040 11.6012
