VARIABLES = "Time" "MSD"
ZONE T = "BD 730"
0.0000 0.0000
34.1960 11.3336
68.3920 11.8089
102.5880 11.8933
136.7840 12.0920
170.9800 12.0699
205.1760 11.9461
239.3720 11.6464
273.5680 11.9170
307.7640 12.0816
341.9600 11.7681
376.1560 12.0948
410.3520 11.9716
444.5480 11.4313
478.7440 12.0137
512.9400 12.3686
547.1360 12.1037
581.3320 11.9604
615.5280 11.8535
649.7240 11.9709
683.9200 12.0092
718.1160 12.1165
752.3120 11.8094
786.5080 12.2924
820.7040 12.2043
854.9000 11.9487
889.0960 11.9938
923.2920 12.0130
957.4880 11.8745
991.6840 12.0853
1025.8800 11.9129
1060.0760 11.8946
1094.2720 12.0607
1128.4680 11.9635
1162.6640 12.1997
1196.8600 11.9476
1231.0560 11.9199
1265.2520 12.1293
1299.4480 12.1563
1333.6440 12.0705
1367.8400 12.0193
1402.0360 12.3746
1436.2320 12.2757
1470.4280 11.8883
1504.6240 12.3214
1538.8200 12.2973
1573.0160 12.2186
1607.2120 12.1411
1641.4080 12.1226
1675.6040 12.0428
