VARIABLES = "Time" "MSD"
ZONE T = "BD 745"
0.0000 0.0000
34.1960 10.4947
68.3920 11.1138
102.5880 11.1720
136.7840 11.2974
170.9800 10.9281
205.1760 11.2267
239.3720 11.0942
273.5680 10.8940
307.7640 11.0494
341.9600 11.3909
376.1560 11.2869
410.3520 11.2980
444.5480 11.3167
478.7440 11.1343
512.9400 11.1256
547.1360 10.9831
581.3320 11.3409
615.5280 10.9823
649.7240 11.3014
683.9200 11.1579
718.1160 11.1147
752.3120 11.3275
786.5080 11.0745
820.7040 11.1859
854.9000 11.1788
889.0960 11.0273
923.2920 11.1990
957.4880 11.1782
991.6840 11.2796
1025.8800 11.3629
1060.0760 11.0970
1094.2720 11.2569
1128.4680 11.2443
1162.6640 11.2766
1196.8600 10.8534
1231.0560 11.4342
1265.2520 11.1418
1299.4480 11.3659
1333.6440 11.6267
1367.8400 11.2791
1402.0360 11.1933
1436.2320 11.3638
1470.4280 11.2325
1504.6240 11.2550
1538.8200 11.1431
1573.0160 11.1783
1607.2120 10.8758
1641.4080 11.1303
1675.6040 11.2714
