VARIABLES = "Time" "MSD"
ZONE T = "BD 740"
0.0000 0.0000
34.1960 10.4062
68.3920 10.5128
102.5880 10.6196
136.7840 10.5788
170.9800 10.8026
205.1760 10.5570
239.3720 10.8107
273.5680 10.8759
307.7640 10.7840
341.9600 10.7639
376.1560 10.6918
410.3520 10.7573
444.5480 10.8673
478.7440 10.6781
512.9400 11.0070
547.1360 10.7218
581.3320 11.0257
615.5280 10.7892
649.7240 10.7780
683.9200 10.9420
718.1160 10.9838
752.3120 10.5744
786.5080 10.7630
820.7040 10.8546
854.9000 10.9355
889.0960 10.5970
923.2920 11.0305
957.4880 10.8764
991.6840 10.7759
1025.8800 10.8012
1060.0760 10.9110
1094.2720 10.7943
1128.4680 10.8093
1162.6640 10.7755
1196.8600 11.0130
1231.0560 10.8128
1265.2520 10.8880
1299.4480 11.0190
1333.6440 10.8825
1367.8400 10.9088
1402.0360 10.8325
1436.2320 10.8454
1470.4280 10.6896
1504.6240 10.8420
1538.8200 10.7715
1573.0160 11.0735
1607.2120 11.0141
1641.4080 10.8688
1675.6040 10.8142
