VARIABLES = "Time" "MSD"
ZONE T = "BD 743"
0.0000 0.0000
34.1960 11.1356
68.3920 11.2556
102.5880 11.3886
136.7840 11.4136
170.9800 11.7550
205.1760 11.5094
239.3720 11.2483
273.5680 11.6903
307.7640 11.2028
341.9600 11.4559
376.1560 11.5618
410.3520 11.7143
444.5480 11.5139
478.7440 11.3955
512.9400 11.7817
547.1360 11.6690
581.3320 11.4700
615.5280 11.7476
649.7240 11.5843
683.9200 11.6309
718.1160 11.6587
752.3120 11.5691
786.5080 11.4435
820.7040 11.7006
854.9000 11.7325
889.0960 11.6780
923.2920 11.7221
957.4880 11.8019
991.6840 11.8228
1025.8800 11.3480
1060.0760 11.7026
1094.2720 11.7040
1128.4680 11.7845
1162.6640 11.9045
1196.8600 11.5569
1231.0560 11.7900
1265.2520 11.5490
1299.4480 11.7098
1333.6440 11.8034
1367.8400 11.4300
1402.0360 11.5414
1436.2320 11.8401
1470.4280 11.7620
1504.6240 11.6565
1538.8200 11.8037
1573.0160 11.6559
1607.2120 11.8165
1641.4080 11.7993
1675.6040 11.6110
