VARIABLES = "Time" "MSD"
ZONE T = "BD 741"
0.0000 0.0000
34.1960 10.8607
68.3920 11.2436
102.5880 11.2197
136.7840 11.0917
170.9800 11.2860
205.1760 11.3734
239.3720 11.4042
273.5680 11.2460
307.7640 11.5162
341.9600 11.0089
376.1560 11.3298
410.3520 11.3245
444.5480 11.5233
478.7440 11.2139
512.9400 11.1878
547.1360 11.3233
581.3320 11.2787
615.5280 11.3117
649.7240 11.7068
683.9200 11.0311
718.1160 11.3529
752.3120 11.5379
786.5080 11.5142
820.7040 11.3387
854.9000 11.2369
889.0960 11.3657
923.2920 11.1586
957.4880 11.3056
991.6840 11.5321
1025.8800 11.2869
1060.0760 11.6062
1094.2720 11.3798
1128.4680 11.3132
1162.6640 11.3615
1196.8600 11.2991
1231.0560 11.6339
1265.2520 11.5791
1299.4480 11.3004
1333.6440 11.5292
1367.8400 11.3384
1402.0360 11.2767
1436.2320 11.2374
1470.4280 11.4636
1504.6240 11.0868
1538.8200 11.1552
1573.0160 10.9965
1607.2120 11.1741
1641.4080 11.4665
1675.6040 11.2859
