VARIABLES = "Time" "MSD"
ZONE T = "BD 746"
0.0000 0.0000
34.1960 10.9881
68.3920 11.4377
102.5880 11.4479
136.7840 11.4426
170.9800 11.4717
205.1760 11.2526
239.3720 11.3504
273.5680 11.2891
307.7640 11.2091
341.9600 11.3057
376.1560 11.5643
410.3520 11.5808
444.5480 11.6686
478.7440 11.3540
512.9400 11.3714
547.1360 11.7664
581.3320 11.2410
615.5280 11.5177
649.7240 11.3672
683.9200 11.5330
718.1160 11.5281
752.3120 11.6122
786.5080 11.7713
820.7040 11.6296
854.9000 11.3085
889.0960 11.4469
923.2920 11.6055
957.4880 11.5747
991.6840 11.7373
1025.8800 11.4237
1060.0760 11.4420
1094.2720 11.2701
1128.4680 11.3915
1162.6640 11.5840
1196.8600 11.7732
1231.0560 11.5674
1265.2520 11.5030
1299.4480 11.7103
1333.6440 11.5788
1367.8400 11.3443
1402.0360 11.3810
1436.2320 11.2544
1470.4280 11.6080
1504.6240 11.6594
1538.8200 11.5547
1573.0160 11.4609
1607.2120 11.6502
1641.4080 11.3951
1675.6040 11.2365
