VARIABLES = "Time" "MSD"
ZONE T = "BD 756"
0.0000 0.0000
34.1960 10.5287
68.3920 10.7571
102.5880 10.5561
136.7840 10.7765
170.9800 10.8530
205.1760 10.7331
239.3720 10.6922
273.5680 10.9143
307.7640 10.6974
341.9600 10.9551
376.1560 10.7345
410.3520 10.9223
444.5480 10.8253
478.7440 10.9563
512.9400 10.7125
547.1360 10.9056
581.3320 10.8667
615.5280 10.7398
649.7240 10.8896
683.9200 11.1566
718.1160 10.7476
752.3120 10.7757
786.5080 10.9261
820.7040 11.0475
854.9000 10.9314
889.0960 11.2143
923.2920 11.0342
957.4880 11.0581
991.6840 11.0622
1025.8800 10.9140
1060.0760 10.8965
1094.2720 10.7815
1128.4680 10.9752
1162.6640 11.0165
1196.8600 11.0049
1231.0560 11.0094
1265.2520 10.7672
1299.4480 11.0077
1333.6440 10.6142
1367.8400 11.0360
1402.0360 11.0123
1436.2320 10.9851
1470.4280 11.0407
1504.6240 11.0198
1538.8200 10.7994
1573.0160 11.0210
1607.2120 11.1451
1641.4080 10.7845
1675.6040 10.7093
