VARIABLES = "Time" "MSD"
ZONE T = "BD 758"
0.0000 0.0000
34.1960 10.3898
68.3920 10.7091
102.5880 10.7269
136.7840 10.7522
170.9800 10.5307
205.1760 10.8131
239.3720 10.7284
273.5680 10.5292
307.7640 10.9305
341.9600 10.7884
376.1560 10.7676
410.3520 10.6860
444.5480 10.4719
478.7440 10.9272
512.9400 10.9479
547.1360 10.8189
581.3320 10.7969
615.5280 10.7748
649.7240 10.9388
683.9200 10.8007
718.1160 10.6659
752.3120 10.6977
786.5080 10.8425
820.7040 10.9807
854.9000 10.7084
889.0960 10.5591
923.2920 10.6738
957.4880 10.8098
991.6840 11.0024
1025.8800 10.7533
1060.0760 10.9837
1094.2720 11.0656
1128.4680 10.8861
1162.6640 10.9123
1196.8600 11.0977
1231.0560 10.6438
1265.2520 11.0338
1299.4480 10.8904
1333.6440 11.0277
1367.8400 10.9477
1402.0360 10.6455
1436.2320 10.7473
1470.4280 10.7828
1504.6240 10.7572
1538.8200 10.7792
1573.0160 10.6915
1607.2120 10.8397
1641.4080 10.8131
1675.6040 10.8060
