VARIABLES = "Time" "MSD"
ZONE T = "BD 753"
0.0000 0.0000
34.1960 10.5883
68.3920 11.1227
102.5880 11.0400
136.7840 10.9651
170.9800 11.0268
205.1760 11.0424
239.3720 11.0045
273.5680 11.0334
307.7640 11.2193
341.9600 10.8923
376.1560 10.9395
410.3520 10.8641
444.5480 11.1380
478.7440 10.8638
512.9400 11.1823
547.1360 11.0947
581.3320 10.7774
615.5280 11.1735
649.7240 11.2407
683.9200 11.0526
718.1160 11.0119
752.3120 11.0788
786.5080 11.0772
820.7040 11.1379
854.9000 11.2106
889.0960 11.0702
923.2920 11.2523
957.4880 10.9843
991.6840 11.0396
1025.8800 11.3347
1060.0760 11.0293
1094.2720 11.2247
1128.4680 11.2296
1162.6640 11.2176
1196.8600 11.0210
1231.0560 11.3519
1265.2520 11.3145
1299.4480 11.3124
1333.6440 10.9694
1367.8400 11.3854
1402.0360 11.2555
1436.2320 11.3754
1470.4280 11.2626
1504.6240 11.4045
1538.8200 11.0480
1573.0160 11.4109
1607.2120 11.3656
1641.4080 11.1728
1675.6040 11.1742
