VARIABLES = "Time" "MSD"
ZONE T = "BD 754"
0.0000 0.0000
34.1960 10.9167
68.3920 11.2741
102.5880 10.8264
136.7840 11.1278
170.9800 11.0104
205.1760 11.0489
239.3720 11.1856
273.5680 11.4872
307.7640 11.4581
341.9600 11.1160
376.1560 11.1896
410.3520 11.5263
444.5480 11.3694
478.7440 11.4778
512.9400 11.1777
547.1360 11.5145
581.3320 11.3143
615.5280 11.3377
649.7240 11.5812
683.9200 11.3540
718.1160 11.1174
752.3120 11.1399
786.5080 11.3017
820.7040 11.1158
854.9000 11.3544
889.0960 11.2720
923.2920 11.5807
957.4880 11.2052
991.6840 11.2736
1025.8800 11.2199
1060.0760 11.1579
1094.2720 11.4351
1128.4680 11.3552
1162.6640 11.4872
1196.8600 11.2585
1231.0560 11.1688
1265.2520 11.1577
1299.4480 11.0940
1333.6440 11.3665
1367.8400 11.4791
1402.0360 11.3597
1436.2320 11.4035
1470.4280 11.2320
1504.6240 11.4808
1538.8200 11.2881
1573.0160 11.0113
1607.2120 11.3616
1641.4080 11.2689
1675.6040 11.2580
