VARIABLES = "Time" "MSD"
ZONE T = "BD 766"
0.0000 0.0000
34.1960 10.2437
68.3920 10.3103
102.5880 10.2025
136.7840 10.5480
170.9800 10.4995
205.1760 10.1824
239.3720 10.4741
273.5680 10.5602
307.7640 10.4728
341.9600 10.2427
376.1560 10.2449
410.3520 10.5877
444.5480 10.5228
478.7440 10.6455
512.9400 10.3545
547.1360 10.3913
581.3320 10.4785
615.5280 10.7407
649.7240 10.2984
683.9200 10.5887
718.1160 10.3210
752.3120 10.4674
786.5080 10.4895
820.7040 10.6091
854.9000 10.4033
889.0960 10.5801
923.2920 10.6978
957.4880 10.5838
991.6840 10.6155
1025.8800 10.4894
1060.0760 10.3391
1094.2720 10.4080
1128.4680 10.8653
1162.6640 10.6574
1196.8600 10.5649
1231.0560 10.3923
1265.2520 10.3349
1299.4480 10.4825
1333.6440 10.4083
1367.8400 10.3654
1402.0360 10.3599
1436.2320 10.5583
1470.4280 10.4729
1504.6240 10.4478
1538.8200 10.8354
1573.0160 10.6719
1607.2120 10.5992
1641.4080 10.7808
1675.6040 10.6671
