VARIABLES = "Time" "MSD"
ZONE T = "BD 762"
0.0000 0.0000
34.1960 10.7472
68.3920 10.8697
102.5880 10.7463
136.7840 11.0258
170.9800 10.7236
205.1760 11.0006
239.3720 11.0129
273.5680 10.8334
307.7640 11.0160
341.9600 10.7480
376.1560 11.2763
410.3520 11.2648
444.5480 10.9983
478.7440 10.9060
512.9400 10.9506
547.1360 11.2619
581.3320 11.0322
615.5280 11.1129
649.7240 11.1944
683.9200 10.9834
718.1160 11.0992
752.3120 10.9668
786.5080 10.9768
820.7040 11.1573
854.9000 11.1670
889.0960 10.8956
923.2920 11.2163
957.4880 11.0635
991.6840 11.1510
1025.8800 10.9271
1060.0760 11.0249
1094.2720 11.0077
1128.4680 11.0576
1162.6640 11.2811
1196.8600 11.0080
1231.0560 11.3549
1265.2520 11.3492
1299.4480 11.0748
1333.6440 11.3712
1367.8400 11.1371
1402.0360 11.0987
1436.2320 11.2017
1470.4280 11.2449
1504.6240 11.2837
1538.8200 11.0308
1573.0160 11.2310
1607.2120 11.4966
1641.4080 10.9154
1675.6040 11.1856
