VARIABLES = "Time" "MSD"
ZONE T = "BD 760"
0.0000 0.0000
34.1960 10.2889
68.3920 10.8059
102.5880 10.5687
136.7840 10.9351
170.9800 10.9850
205.1760 10.8449
239.3720 11.0359
273.5680 10.8248
307.7640 11.2318
341.9600 10.9004
376.1560 10.7163
410.3520 10.8261
444.5480 11.1076
478.7440 10.9509
512.9400 10.8284
547.1360 10.8912
581.3320 10.9995
615.5280 11.0142
649.7240 11.0829
683.9200 11.0079
718.1160 10.9325
752.3120 10.8418
786.5080 10.7680
820.7040 11.2026
854.9000 10.7953
889.0960 11.0085
923.2920 10.9271
957.4880 10.8893
991.6840 10.8446
1025.8800 11.1136
1060.0760 10.9315
1094.2720 10.9009
1128.4680 11.0007
1162.6640 10.9983
1196.8600 10.7488
1231.0560 10.5177
1265.2520 10.5689
1299.4480 11.0792
1333.6440 10.9114
1367.8400 10.9797
1402.0360 11.1790
1436.2320 10.8663
1470.4280 11.0519
1504.6240 11.1269
1538.8200 11.0190
1573.0160 10.9848
1607.2120 11.0484
1641.4080 10.9723
1675.6040 11.1684
