VARIABLES = "Time" "MSD"
ZONE T = "BD 770"
0.0000 0.0000
34.1960 9.9915
68.3920 9.9898
102.5880 10.3053
136.7840 10.3356
170.9800 10.2890
205.1760 10.2306
239.3720 10.5473
273.5680 10.4196
307.7640 10.2203
341.9600 10.5068
376.1560 10.4604
410.3520 10.5356
444.5480 10.5398
478.7440 10.4499
512.9400 10.5070
547.1360 10.3814
581.3320 10.2316
615.5280 10.2896
649.7240 10.3851
683.9200 10.3993
718.1160 10.3091
752.3120 10.1636
786.5080 10.2298
820.7040 10.3428
854.9000 10.3831
889.0960 10.1142
923.2920 10.1643
957.4880 10.5741
991.6840 10.4114
1025.8800 10.2784
1060.0760 10.3458
1094.2720 10.3908
1128.4680 10.3864
1162.6640 10.6012
1196.8600 10.5814
1231.0560 10.5818
1265.2520 10.4074
1299.4480 10.6107
1333.6440 10.3795
1367.8400 10.8466
1402.0360 10.3629
1436.2320 10.6487
1470.4280 10.2445
1504.6240 10.3967
1538.8200 10.3496
1573.0160 10.5071
1607.2120 10.4607
1641.4080 10.3692
1675.6040 10.6194
