VARIABLES = "Time" "MSD"
ZONE T = "BD 774"
0.0000 0.0000
34.1960 10.2983
68.3920 10.5871
102.5880 10.4787
136.7840 10.5736
170.9800 10.5346
205.1760 10.5130
239.3720 10.4889
273.5680 10.6272
307.7640 10.4546
341.9600 10.5146
376.1560 10.5298
410.3520 10.5904
444.5480 10.7807
478.7440 10.6373
512.9400 10.6268
547.1360 10.7418
581.3320 10.7720
615.5280 10.7699
649.7240 10.6504
683.9200 10.6531
718.1160 10.6597
752.3120 10.6653
786.5080 10.5736
820.7040 11.0210
854.9000 10.9304
889.0960 10.7095
923.2920 10.7380
957.4880 10.7316
991.6840 10.5946
1025.8800 10.6254
1060.0760 10.7960
1094.2720 10.7416
1128.4680 10.5407
1162.6640 10.7305
1196.8600 10.6669
1231.0560 10.8767
1265.2520 10.4832
1299.4480 10.7078
1333.6440 10.6725
1367.8400 10.5142
1402.0360 10.7990
1436.2320 10.7676
1470.4280 10.9094
1504.6240 10.8380
1538.8200 10.6362
1573.0160 10.6903
1607.2120 10.5436
1641.4080 10.7350
1675.6040 10.7280
