VARIABLES = "Time" "MSD"
ZONE T = "BD 777"
0.0000 0.0000
34.1960 10.1222
68.3920 10.5043
102.5880 10.5095
136.7840 10.5555
170.9800 10.5850
205.1760 10.4203
239.3720 10.4528
273.5680 10.4207
307.7640 10.5245
341.9600 10.5290
376.1560 10.4467
410.3520 10.4920
444.5480 10.6681
478.7440 10.7339
512.9400 10.7617
547.1360 10.5810
581.3320 10.7231
615.5280 10.6153
649.7240 10.6537
683.9200 10.9278
718.1160 10.6784
752.3120 10.5799
786.5080 10.8612
820.7040 10.6786
854.9000 10.7776
889.0960 10.6199
923.2920 10.5145
957.4880 10.5126
991.6840 10.5173
1025.8800 10.6594
1060.0760 10.8687
1094.2720 10.5542
1128.4680 10.6527
1162.6640 10.5481
1196.8600 10.7330
1231.0560 10.5939
1265.2520 10.6517
1299.4480 10.7129
1333.6440 10.7433
1367.8400 10.7786
1402.0360 10.9078
1436.2320 10.7049
1470.4280 10.8227
1504.6240 10.7499
1538.8200 10.9277
1573.0160 10.9422
1607.2120 10.5952
1641.4080 10.5736
1675.6040 10.8687
