VARIABLES = "Time" "MSD"
ZONE T = "BD 77"
0.0000 0.0000
34.1960 65.2620
68.3920 116.0466
102.5880 156.9694
136.7840 188.1349
170.9800 214.7646
205.1760 238.6773
239.3720 257.7759
273.5680 274.5455
307.7640 285.3836
341.9600 295.0773
376.1560 303.1031
410.3520 308.1540
444.5480 315.5016
478.7440 320.3450
512.9400 324.6187
547.1360 330.1285
581.3320 336.6661
615.5280 338.7018
649.7240 339.8484
683.9200 340.0247
718.1160 339.5364
752.3120 335.0998
786.5080 331.9562
820.7040 329.2276
854.9000 326.1413
889.0960 325.2411
923.2920 324.2922
957.4880 325.0722
991.6840 326.2292
1025.8800 327.4923
1060.0760 329.3773
1094.2720 331.4067
1128.4680 330.4951
1162.6640 331.5051
1196.8600 331.4797
1231.0560 331.6838
1265.2520 330.7440
1299.4480 333.5449
1333.6440 338.9079
1367.8400 341.8805
1402.0360 345.1198
1436.2320 346.8916
1470.4280 347.9554
1504.6240 349.4840
1538.8200 348.0858
1573.0160 345.5940
1607.2120 341.0558
1641.4080 337.1265
1675.6040 335.1844
