VARIABLES = "Time" "MSD"
ZONE T = "BD 788"
0.0000 0.0000
34.1960 9.6512
68.3920 9.9780
102.5880 10.1295
136.7840 10.2310
170.9800 9.9690
205.1760 10.2507
239.3720 10.2368
273.5680 10.0586
307.7640 10.3118
341.9600 10.2235
376.1560 10.0881
410.3520 10.0165
444.5480 10.2696
478.7440 10.1874
512.9400 10.2900
547.1360 10.0707
581.3320 10.2040
615.5280 10.2821
649.7240 10.2168
683.9200 10.3570
718.1160 10.3751
752.3120 10.2451
786.5080 10.2267
820.7040 10.3047
854.9000 9.8383
889.0960 10.3737
923.2920 10.1499
957.4880 10.1698
991.6840 10.3312
1025.8800 10.1783
1060.0760 10.3289
1094.2720 10.4476
1128.4680 9.9165
1162.6640 10.3485
1196.8600 10.0082
1231.0560 10.2138
1265.2520 10.3332
1299.4480 10.2680
1333.6440 10.3414
1367.8400 10.1051
1402.0360 10.0440
1436.2320 10.1137
1470.4280 10.0897
1504.6240 10.0695
1538.8200 10.1138
1573.0160 10.2421
1607.2120 10.2285
1641.4080 10.1537
1675.6040 10.1596
