VARIABLES = "Time" "MSD"
ZONE T = "BD 782"
0.0000 0.0000
34.1960 9.9580
68.3920 10.2987
102.5880 10.2498
136.7840 10.2875
170.9800 10.3831
205.1760 10.2254
239.3720 10.3342
273.5680 10.6870
307.7640 10.4308
341.9600 10.3327
376.1560 10.5773
410.3520 10.5674
444.5480 10.6516
478.7440 10.6180
512.9400 10.4856
547.1360 10.5905
581.3320 10.5103
615.5280 10.4567
649.7240 10.4478
683.9200 10.5821
718.1160 10.5252
752.3120 10.6234
786.5080 10.5241
820.7040 10.5899
854.9000 10.4640
889.0960 10.3928
923.2920 10.7541
957.4880 10.5956
991.6840 10.4899
1025.8800 10.4690
1060.0760 10.6340
1094.2720 10.4120
1128.4680 10.5034
1162.6640 10.7810
1196.8600 10.7659
1231.0560 10.6194
1265.2520 10.5126
1299.4480 10.7475
1333.6440 10.8435
1367.8400 10.7348
1402.0360 10.7002
1436.2320 10.6015
1470.4280 10.6084
1504.6240 10.6588
1538.8200 10.5662
1573.0160 10.4961
1607.2120 10.6433
1641.4080 10.7633
1675.6040 10.7043
