VARIABLES = "Time" "MSD"
ZONE T = "BD 789"
0.0000 0.0000
34.1960 9.7954
68.3920 10.0557
102.5880 10.2383
136.7840 9.8881
170.9800 10.2135
205.1760 10.1925
239.3720 10.3530
273.5680 10.2186
307.7640 10.1214
341.9600 10.0420
376.1560 10.3262
410.3520 10.4484
444.5480 10.4268
478.7440 9.9941
512.9400 10.2910
547.1360 10.3842
581.3320 10.2538
615.5280 10.4528
649.7240 10.0824
683.9200 10.3461
718.1160 10.4277
752.3120 10.2000
786.5080 10.3151
820.7040 10.2193
854.9000 10.1215
889.0960 10.0600
923.2920 10.4855
957.4880 10.3105
991.6840 10.2935
1025.8800 10.2127
1060.0760 10.3947
1094.2720 10.3249
1128.4680 10.6087
1162.6640 10.2301
1196.8600 10.5403
1231.0560 10.1059
1265.2520 10.2359
1299.4480 10.3125
1333.6440 10.0969
1367.8400 10.1482
1402.0360 10.2772
1436.2320 10.0959
1470.4280 10.1180
1504.6240 10.0667
1538.8200 10.2323
1573.0160 10.3749
1607.2120 10.3134
1641.4080 10.1738
1675.6040 10.2448
