VARIABLES = "Time" "MSD"
ZONE T = "BD 785"
0.0000 0.0000
34.1960 10.1931
68.3920 10.3760
102.5880 10.0785
136.7840 10.2785
170.9800 10.3220
205.1760 10.4024
239.3720 10.2669
273.5680 10.4226
307.7640 10.3362
341.9600 10.8074
376.1560 10.2852
410.3520 10.5080
444.5480 10.4708
478.7440 10.2918
512.9400 10.2981
547.1360 10.4397
581.3320 10.2044
615.5280 10.1125
649.7240 10.2956
683.9200 10.4357
718.1160 10.2625
752.3120 10.4915
786.5080 10.3816
820.7040 10.5197
854.9000 10.2129
889.0960 10.3008
923.2920 10.4002
957.4880 10.5994
991.6840 10.6433
1025.8800 10.5434
1060.0760 10.4709
1094.2720 10.6148
1128.4680 10.5051
1162.6640 10.5826
1196.8600 10.6303
1231.0560 10.4161
1265.2520 10.3669
1299.4480 10.5787
1333.6440 10.5395
1367.8400 10.5006
1402.0360 10.4478
1436.2320 10.4669
1470.4280 10.5823
1504.6240 10.4686
1538.8200 10.3057
1573.0160 10.7210
1607.2120 10.4986
1641.4080 10.5491
1675.6040 10.5276
