VARIABLES = "Time" "MSD"
ZONE T = "BD 787"
0.0000 0.0000
34.1960 9.7862
68.3920 9.9706
102.5880 10.3203
136.7840 10.0852
170.9800 9.9465
205.1760 10.1421
239.3720 9.9938
273.5680 10.1035
307.7640 9.9916
341.9600 10.0502
376.1560 10.2472
410.3520 10.0712
444.5480 10.0869
478.7440 10.1242
512.9400 10.0659
547.1360 10.1424
581.3320 10.2068
615.5280 10.2821
649.7240 10.0612
683.9200 9.9927
718.1160 10.3134
752.3120 10.2157
786.5080 10.2506
820.7040 10.3170
854.9000 10.3745
889.0960 10.1530
923.2920 10.1218
957.4880 10.2977
991.6840 10.4712
1025.8800 10.2024
1060.0760 10.2645
1094.2720 10.0820
1128.4680 10.1492
1162.6640 10.2690
1196.8600 10.1986
1231.0560 10.4704
1265.2520 10.3299
1299.4480 10.4285
1333.6440 10.0572
1367.8400 10.1618
1402.0360 10.1868
1436.2320 10.2041
1470.4280 10.2679
1504.6240 10.2292
1538.8200 10.3233
1573.0160 10.3290
1607.2120 10.1935
1641.4080 10.1808
1675.6040 10.3160
