VARIABLES = "Time" "MSD"
ZONE T = "BD 793"
0.0000 0.0000
34.1960 9.9521
68.3920 10.2893
102.5880 10.3261
136.7840 10.1707
170.9800 10.3729
205.1760 10.2676
239.3720 10.1277
273.5680 10.4282
307.7640 10.2955
341.9600 10.3790
376.1560 10.3353
410.3520 10.4675
444.5480 10.5434
478.7440 10.3361
512.9400 10.6468
547.1360 10.4881
581.3320 10.4692
615.5280 10.3801
649.7240 10.3007
683.9200 10.2013
718.1160 10.1946
752.3120 10.6918
786.5080 10.5331
820.7040 10.4527
854.9000 10.5044
889.0960 10.5071
923.2920 10.3059
957.4880 10.5774
991.6840 10.1122
1025.8800 10.2477
1060.0760 10.4829
1094.2720 10.4538
1128.4680 10.4564
1162.6640 10.2226
1196.8600 10.4149
1231.0560 10.2401
1265.2520 10.4369
1299.4480 10.3420
1333.6440 10.3195
1367.8400 10.1310
1402.0360 10.5928
1436.2320 10.4639
1470.4280 10.4273
1504.6240 10.2987
1538.8200 10.4382
1573.0160 10.1547
1607.2120 10.2248
1641.4080 10.5582
1675.6040 10.3281
