VARIABLES = "Time" "MSD"
ZONE T = "BD 799"
0.0000 0.0000
34.1960 9.2174
68.3920 9.5771
102.5880 9.6208
136.7840 9.5806
170.9800 9.7365
205.1760 9.5748
239.3720 9.7018
273.5680 9.5709
307.7640 9.6194
341.9600 9.6024
376.1560 9.7175
410.3520 9.6617
444.5480 9.6273
478.7440 9.8031
512.9400 9.7453
547.1360 9.9286
581.3320 9.6696
615.5280 9.7364
649.7240 9.8851
683.9200 9.8687
718.1160 9.5811
752.3120 9.5768
786.5080 9.5076
820.7040 9.8088
854.9000 9.8341
889.0960 9.6337
923.2920 9.7749
957.4880 9.8662
991.6840 9.5976
1025.8800 9.8381
1060.0760 10.1141
1094.2720 9.8892
1128.4680 9.8027
1162.6640 9.5778
1196.8600 9.8134
1231.0560 9.8465
1265.2520 9.7868
1299.4480 9.7682
1333.6440 9.7741
1367.8400 9.7949
1402.0360 9.6652
1436.2320 9.9861
1470.4280 9.7997
1504.6240 9.7087
1538.8200 9.8109
1573.0160 9.7558
1607.2120 9.9353
1641.4080 9.6238
1675.6040 9.9447
