VARIABLES = "Time" "MSD"
ZONE T = "BD 795"
0.0000 0.0000
34.1960 9.3891
68.3920 9.6217
102.5880 9.5714
136.7840 9.7082
170.9800 9.7718
205.1760 9.5256
239.3720 9.8048
273.5680 9.7185
307.7640 9.7132
341.9600 9.7808
376.1560 9.9015
410.3520 9.8560
444.5480 9.7555
478.7440 9.7934
512.9400 9.7815
547.1360 10.0656
581.3320 9.9427
615.5280 9.6744
649.7240 10.0533
683.9200 9.8413
718.1160 9.9295
752.3120 10.0486
786.5080 9.8504
820.7040 10.0071
854.9000 9.9895
889.0960 9.8161
923.2920 10.0309
957.4880 9.8952
991.6840 10.0648
1025.8800 10.0320
1060.0760 9.9201
1094.2720 9.7864
1128.4680 9.8726
1162.6640 10.1426
1196.8600 10.1142
1231.0560 9.9451
1265.2520 9.9313
1299.4480 9.6212
1333.6440 9.8834
1367.8400 9.6964
1402.0360 9.7936
1436.2320 9.8275
1470.4280 9.9874
1504.6240 9.9423
1538.8200 9.6893
1573.0160 9.8626
1607.2120 10.0359
1641.4080 10.0025
1675.6040 10.0095
