VARIABLES = "Time" "MSD"
ZONE T = "BD 790"
0.0000 0.0000
34.1960 9.5823
68.3920 9.8621
102.5880 9.8835
136.7840 9.5986
170.9800 10.0861
205.1760 9.9390
239.3720 9.7625
273.5680 9.8110
307.7640 9.9810
341.9600 10.1073
376.1560 9.9336
410.3520 9.8758
444.5480 9.8751
478.7440 9.9632
512.9400 9.8083
547.1360 10.1137
581.3320 9.8735
615.5280 9.9808
649.7240 9.9466
683.9200 9.9684
718.1160 9.9047
752.3120 9.9461
786.5080 9.9481
820.7040 10.1651
854.9000 10.1267
889.0960 10.0319
923.2920 9.8123
957.4880 10.1285
991.6840 10.0600
1025.8800 10.0912
1060.0760 9.9790
1094.2720 9.8599
1128.4680 9.7612
1162.6640 9.7069
1196.8600 9.8521
1231.0560 9.7873
1265.2520 9.9579
1299.4480 9.9960
1333.6440 10.0857
1367.8400 10.1214
1402.0360 10.0175
1436.2320 10.1371
1470.4280 10.0778
1504.6240 10.0714
1538.8200 9.9791
1573.0160 9.8162
1607.2120 10.1232
1641.4080 10.2881
1675.6040 10.2090
