VARIABLES = "Time" "MSD"
ZONE T = "BD 797"
0.0000 0.0000
34.1960 9.5398
68.3920 9.9159
102.5880 9.9368
136.7840 10.0494
170.9800 10.3014
205.1760 10.2369
239.3720 9.9528
273.5680 10.2212
307.7640 10.1121
341.9600 9.9588
376.1560 9.9707
410.3520 10.2366
444.5480 10.0883
478.7440 10.3289
512.9400 10.2940
547.1360 9.7810
581.3320 10.0032
615.5280 10.0410
649.7240 9.9814
683.9200 10.1475
718.1160 10.2408
752.3120 10.2703
786.5080 10.1216
820.7040 10.1418
854.9000 10.3031
889.0960 10.1218
923.2920 9.9186
957.4880 9.8611
991.6840 10.0032
1025.8800 9.9303
1060.0760 9.9205
1094.2720 10.0194
1128.4680 9.9698
1162.6640 10.2223
1196.8600 10.2982
1231.0560 10.0638
1265.2520 10.1277
1299.4480 10.0492
1333.6440 9.8674
1367.8400 10.2000
1402.0360 10.4052
1436.2320 10.0414
1470.4280 10.3527
1504.6240 10.1960
1538.8200 10.1770
1573.0160 10.2017
1607.2120 10.0351
1641.4080 10.1562
1675.6040 9.8427
