VARIABLES = "Time" "MSD"
ZONE T = "BD 804"
0.0000 0.0000
34.1960 9.5471
68.3920 9.6731
102.5880 9.9146
136.7840 9.7691
170.9800 9.9228
205.1760 9.8398
239.3720 9.7867
273.5680 10.0364
307.7640 9.9145
341.9600 9.7427
376.1560 9.8195
410.3520 9.8826
444.5480 9.9631
478.7440 9.8840
512.9400 9.8272
547.1360 10.0192
581.3320 9.7958
615.5280 9.8560
649.7240 9.7524
683.9200 9.9584
718.1160 9.9639
752.3120 10.0411
786.5080 9.8705
820.7040 9.9127
854.9000 10.0513
889.0960 9.8989
923.2920 9.8826
957.4880 9.7412
991.6840 10.0648
1025.8800 10.0832
1060.0760 10.0077
1094.2720 10.0419
1128.4680 10.0825
1162.6640 9.9639
1196.8600 9.8578
1231.0560 10.0251
1265.2520 10.0009
1299.4480 9.9199
1333.6440 9.8731
1367.8400 9.9059
1402.0360 10.0132
1436.2320 9.9004
1470.4280 9.7322
1504.6240 9.9239
1538.8200 9.7710
1573.0160 9.9210
1607.2120 9.9481
1641.4080 9.8007
1675.6040 9.8363
