VARIABLES = "Time" "MSD"
ZONE T = "BD 802"
0.0000 0.0000
34.1960 9.4536
68.3920 9.6119
102.5880 9.6934
136.7840 9.7796
170.9800 9.6946
205.1760 9.6635
239.3720 9.8388
273.5680 9.7208
307.7640 9.7804
341.9600 9.9166
376.1560 9.9971
410.3520 9.9043
444.5480 9.5939
478.7440 9.8218
512.9400 9.9842
547.1360 9.8511
581.3320 9.8284
615.5280 9.8171
649.7240 10.1398
683.9200 10.2191
718.1160 9.5930
752.3120 9.9201
786.5080 9.8569
820.7040 10.0513
854.9000 9.8184
889.0960 9.7947
923.2920 9.9371
957.4880 10.0307
991.6840 10.0061
1025.8800 9.8580
1060.0760 10.0632
1094.2720 10.1156
1128.4680 10.0141
1162.6640 9.8502
1196.8600 10.1935
1231.0560 9.8944
1265.2520 9.9634
1299.4480 9.9527
1333.6440 9.9782
1367.8400 9.9767
1402.0360 9.8768
1436.2320 9.8836
1470.4280 9.9735
1504.6240 9.9314
1538.8200 9.9655
1573.0160 9.7169
1607.2120 9.9968
1641.4080 10.1324
1675.6040 9.8368
