VARIABLES = "Time" "MSD"
ZONE T = "BD 809"
0.0000 0.0000
34.1960 9.7207
68.3920 9.9687
102.5880 9.7941
136.7840 9.9603
170.9800 9.8378
205.1760 10.0264
239.3720 9.9425
273.5680 10.1284
307.7640 10.1959
341.9600 10.0919
376.1560 10.2465
410.3520 10.2306
444.5480 9.8329
478.7440 10.0745
512.9400 10.1402
547.1360 10.0912
581.3320 10.1683
615.5280 10.0769
649.7240 10.1549
683.9200 10.2053
718.1160 10.2553
752.3120 10.2411
786.5080 10.2350
820.7040 10.1918
854.9000 10.3299
889.0960 10.0310
923.2920 10.3039
957.4880 10.1893
991.6840 9.9696
1025.8800 10.3616
1060.0760 10.1889
1094.2720 10.1541
1128.4680 10.1964
1162.6640 10.2446
1196.8600 10.2905
1231.0560 10.1752
1265.2520 10.1477
1299.4480 10.1970
1333.6440 9.8147
1367.8400 10.0234
1402.0360 9.8998
1436.2320 10.0684
1470.4280 10.2199
1504.6240 10.2034
1538.8200 10.1265
1573.0160 10.2735
1607.2120 9.9945
1641.4080 10.0223
1675.6040 10.3158
