VARIABLES = "Time" "MSD"
ZONE T = "BD 800"
0.0000 0.0000
34.1960 9.1268
68.3920 9.5747
102.5880 9.6080
136.7840 9.5785
170.9800 9.5761
205.1760 9.4538
239.3720 9.4969
273.5680 9.8190
307.7640 9.7371
341.9600 9.3324
376.1560 9.6345
410.3520 9.7166
444.5480 9.7451
478.7440 9.8501
512.9400 9.9319
547.1360 9.9437
581.3320 9.6016
615.5280 9.8398
649.7240 9.8578
683.9200 9.8313
718.1160 9.8028
752.3120 9.8072
786.5080 9.6660
820.7040 9.8607
854.9000 10.1164
889.0960 10.0144
923.2920 9.8148
957.4880 9.7094
991.6840 9.8012
1025.8800 9.7759
1060.0760 9.8827
1094.2720 9.6277
1128.4680 9.6922
1162.6640 9.8628
1196.8600 9.7674
1231.0560 9.5881
1265.2520 9.6776
1299.4480 9.8375
1333.6440 9.8086
1367.8400 9.8480
1402.0360 9.7128
1436.2320 9.8225
1470.4280 9.7285
1504.6240 9.8556
1538.8200 9.6514
1573.0160 9.8738
1607.2120 9.7456
1641.4080 9.8290
1675.6040 9.8899
