VARIABLES = "Time" "MSD"
ZONE T = "BD 80"
0.0000 0.0000
34.1960 65.3591
68.3920 114.3282
102.5880 154.5640
136.7840 188.2554
170.9800 213.7677
205.1760 230.1712
239.3720 243.0800
273.5680 253.6035
307.7640 260.4069
341.9600 266.0733
376.1560 271.3345
410.3520 278.8181
444.5480 284.2207
478.7440 290.3270
512.9400 295.6079
547.1360 298.6608
581.3320 303.8622
615.5280 309.3533
649.7240 312.8482
683.9200 313.4133
718.1160 314.7239
752.3120 315.1538
786.5080 313.1864
820.7040 314.1323
854.9000 313.9617
889.0960 312.9287
923.2920 314.1420
957.4880 316.5603
991.6840 316.4752
1025.8800 315.9153
1060.0760 316.4234
1094.2720 317.0242
1128.4680 317.7514
1162.6640 319.6197
1196.8600 321.0730
1231.0560 320.1479
1265.2520 319.0927
1299.4480 317.4496
1333.6440 313.9739
1367.8400 308.8536
1402.0360 307.0694
1436.2320 306.3836
1470.4280 305.4693
1504.6240 305.2994
1538.8200 302.0229
1573.0160 302.0684
1607.2120 302.3261
1641.4080 298.9713
1675.6040 298.1638
