VARIABLES = "Time" "MSD"
ZONE T = "BD 803"
0.0000 0.0000
34.1960 9.4868
68.3920 9.9611
102.5880 9.8264
136.7840 10.0157
170.9800 10.2802
205.1760 10.1840
239.3720 9.9360
273.5680 9.9209
307.7640 10.0357
341.9600 10.0146
376.1560 9.9071
410.3520 10.0446
444.5480 9.9441
478.7440 10.0038
512.9400 10.0136
547.1360 10.0638
581.3320 9.8157
615.5280 10.1925
649.7240 10.0234
683.9200 10.0635
718.1160 10.0879
752.3120 9.9954
786.5080 10.2656
820.7040 9.9599
854.9000 10.0072
889.0960 10.0491
923.2920 10.1080
957.4880 9.9663
991.6840 9.9688
1025.8800 10.0247
1060.0760 10.0824
1094.2720 10.0549
1128.4680 10.1331
1162.6640 10.0864
1196.8600 10.0454
1231.0560 10.2107
1265.2520 10.1815
1299.4480 9.9945
1333.6440 10.0525
1367.8400 9.8738
1402.0360 10.0257
1436.2320 9.7885
1470.4280 10.1707
1504.6240 10.1308
1538.8200 10.0701
1573.0160 10.0071
1607.2120 10.0889
1641.4080 9.9243
1675.6040 10.1900
