VARIABLES = "Time" "MSD"
ZONE T = "BD 815"
0.0000 0.0000
34.1960 9.4472
68.3920 9.5560
102.5880 9.5111
136.7840 9.7489
170.9800 9.4912
205.1760 9.6364
239.3720 9.7417
273.5680 9.5054
307.7640 9.5042
341.9600 9.4767
376.1560 9.5868
410.3520 9.6772
444.5480 9.4312
478.7440 9.7721
512.9400 9.6246
547.1360 9.5340
581.3320 9.5968
615.5280 9.6576
649.7240 9.5014
683.9200 9.7501
718.1160 9.8812
752.3120 9.6872
786.5080 9.7225
820.7040 9.6798
854.9000 9.6830
889.0960 9.6200
923.2920 9.7505
957.4880 9.7078
991.6840 9.8729
1025.8800 9.8446
1060.0760 9.8523
1094.2720 9.8537
1128.4680 9.7858
1162.6640 9.5799
1196.8600 9.9178
1231.0560 9.6959
1265.2520 9.6554
1299.4480 9.7273
1333.6440 9.6619
1367.8400 9.8197
1402.0360 9.8279
1436.2320 9.8528
1470.4280 9.8038
1504.6240 9.5754
1538.8200 9.8819
1573.0160 9.7909
1607.2120 9.7901
1641.4080 9.7871
1675.6040 9.7986
