VARIABLES = "Time" "MSD"
ZONE T = "BD 810"
0.0000 0.0000
34.1960 9.3804
68.3920 9.3898
102.5880 9.7370
136.7840 9.7030
170.9800 9.5905
205.1760 9.7242
239.3720 9.7001
273.5680 9.6997
307.7640 9.6636
341.9600 9.6446
376.1560 9.8890
410.3520 9.7094
444.5480 9.6827
478.7440 9.7960
512.9400 9.5605
547.1360 9.9036
581.3320 9.7468
615.5280 9.7372
649.7240 9.7708
683.9200 9.6696
718.1160 9.9373
752.3120 9.8419
786.5080 9.5949
820.7040 9.7807
854.9000 9.6397
889.0960 9.9240
923.2920 10.0302
957.4880 9.5356
991.6840 9.7008
1025.8800 9.8162
1060.0760 9.7767
1094.2720 9.5464
1128.4680 9.8358
1162.6640 9.8901
1196.8600 9.8175
1231.0560 10.0062
1265.2520 9.8296
1299.4480 9.8726
1333.6440 9.8254
1367.8400 9.8961
1402.0360 9.7549
1436.2320 9.7858
1470.4280 9.6755
1504.6240 9.7754
1538.8200 9.7568
1573.0160 9.7225
1607.2120 9.7793
1641.4080 9.5113
1675.6040 9.7803
