VARIABLES = "Time" "MSD"
ZONE T = "BD 812"
0.0000 0.0000
34.1960 9.9406
68.3920 9.9846
102.5880 10.1484
136.7840 9.8007
170.9800 9.8421
205.1760 10.0038
239.3720 10.1524
273.5680 9.7880
307.7640 9.9293
341.9600 9.8841
376.1560 10.1508
410.3520 9.7203
444.5480 9.9725
478.7440 9.7803
512.9400 9.8921
547.1360 9.7826
581.3320 9.7067
615.5280 10.0607
649.7240 10.2946
683.9200 9.9253
718.1160 9.9192
752.3120 10.0546
786.5080 10.0622
820.7040 10.1238
854.9000 10.0349
889.0960 10.1992
923.2920 10.1695
957.4880 10.1986
991.6840 9.9754
1025.8800 10.0950
1060.0760 10.1751
1094.2720 9.8360
1128.4680 10.3279
1162.6640 10.2574
1196.8600 9.9733
1231.0560 10.4653
1265.2520 9.9750
1299.4480 10.0470
1333.6440 10.0911
1367.8400 10.4527
1402.0360 10.0764
1436.2320 10.0221
1470.4280 10.5017
1504.6240 9.8951
1538.8200 10.0387
1573.0160 10.1340
1607.2120 10.1009
1641.4080 10.3288
1675.6040 10.1487
