VARIABLES = "Time" "MSD"
ZONE T = "BD 818"
0.0000 0.0000
34.1960 9.4002
68.3920 9.4501
102.5880 9.8554
136.7840 9.6648
170.9800 9.7676
205.1760 9.7269
239.3720 9.7419
273.5680 9.7978
307.7640 9.8154
341.9600 9.8233
376.1560 9.8144
410.3520 9.8748
444.5480 9.7102
478.7440 9.8665
512.9400 9.6427
547.1360 9.9063
581.3320 9.6716
615.5280 9.7601
649.7240 9.9342
683.9200 9.7234
718.1160 9.9108
752.3120 9.8382
786.5080 10.0419
820.7040 9.7334
854.9000 9.8018
889.0960 9.7648
923.2920 9.8332
957.4880 9.9148
991.6840 9.9411
1025.8800 9.8422
1060.0760 10.0091
1094.2720 10.0554
1128.4680 10.0180
1162.6640 9.9763
1196.8600 10.0382
1231.0560 9.9167
1265.2520 10.1561
1299.4480 10.0138
1333.6440 9.8393
1367.8400 10.0195
1402.0360 10.0368
1436.2320 9.9570
1470.4280 9.7459
1504.6240 9.7980
1538.8200 9.8992
1573.0160 9.8150
1607.2120 9.7416
1641.4080 9.6957
1675.6040 9.8694
