VARIABLES = "Time" "MSD"
ZONE T = "BD 821"
0.0000 0.0000
34.1960 8.8875
68.3920 9.1407
102.5880 9.6532
136.7840 9.4910
170.9800 9.4934
205.1760 9.5418
239.3720 9.6320
273.5680 9.2282
307.7640 9.3738
341.9600 9.5095
376.1560 9.6268
410.3520 9.4557
444.5480 9.6699
478.7440 9.5219
512.9400 9.5778
547.1360 9.5391
581.3320 9.6206
615.5280 9.6685
649.7240 9.4743
683.9200 9.8636
718.1160 9.6376
752.3120 9.5777
786.5080 9.5202
820.7040 9.7346
854.9000 9.7564
889.0960 9.7937
923.2920 9.7380
957.4880 9.7583
991.6840 9.8018
1025.8800 9.6056
1060.0760 9.5494
1094.2720 9.5900
1128.4680 9.5794
1162.6640 9.8888
1196.8600 9.6305
1231.0560 9.7824
1265.2520 9.7687
1299.4480 9.4283
1333.6440 9.5732
1367.8400 9.7043
1402.0360 9.6463
1436.2320 9.6393
1470.4280 9.6501
1504.6240 9.7992
1538.8200 9.4466
1573.0160 9.7721
1607.2120 9.9313
1641.4080 9.8964
1675.6040 9.6877
