VARIABLES = "Time" "MSD"
ZONE T = "BD 820"
0.0000 0.0000
34.1960 9.1917
68.3920 9.6391
102.5880 9.6084
136.7840 9.5322
170.9800 9.5292
205.1760 9.7123
239.3720 9.7030
273.5680 9.5969
307.7640 9.6145
341.9600 9.6939
376.1560 9.5991
410.3520 9.8183
444.5480 9.6841
478.7440 9.8317
512.9400 9.8483
547.1360 9.5024
581.3320 9.6902
615.5280 9.5163
649.7240 9.7071
683.9200 9.8059
718.1160 9.7972
752.3120 9.7069
786.5080 9.6110
820.7040 9.7131
854.9000 9.8972
889.0960 9.4802
923.2920 9.8418
957.4880 9.7279
991.6840 9.8433
1025.8800 9.8624
1060.0760 9.9170
1094.2720 9.9644
1128.4680 9.7865
1162.6640 10.0311
1196.8600 10.0451
1231.0560 9.8503
1265.2520 9.9607
1299.4480 10.0088
1333.6440 9.8333
1367.8400 9.6616
1402.0360 9.8249
1436.2320 9.6635
1470.4280 10.0796
1504.6240 9.8446
1538.8200 9.6932
1573.0160 9.7190
1607.2120 9.8147
1641.4080 9.8363
1675.6040 9.8830
