VARIABLES = "Time" "MSD"
ZONE T = "BD 825"
0.0000 0.0000
34.1960 9.3493
68.3920 9.3591
102.5880 9.6123
136.7840 9.4552
170.9800 9.5439
205.1760 9.3914
239.3720 9.4356
273.5680 9.6396
307.7640 9.4470
341.9600 9.7916
376.1560 9.6552
410.3520 9.5726
444.5480 9.8017
478.7440 9.6138
512.9400 9.7251
547.1360 9.4333
581.3320 9.4468
615.5280 9.6085
649.7240 9.8158
683.9200 9.6377
718.1160 9.6896
752.3120 9.8028
786.5080 9.5799
820.7040 9.7863
854.9000 9.9155
889.0960 9.5497
923.2920 9.5866
957.4880 9.6902
991.6840 9.7137
1025.8800 9.7781
1060.0760 9.7032
1094.2720 9.9031
1128.4680 9.6076
1162.6640 9.7841
1196.8600 9.7222
1231.0560 9.8179
1265.2520 9.7776
1299.4480 9.6435
1333.6440 9.3747
1367.8400 9.4737
1402.0360 9.5933
1436.2320 9.6555
1470.4280 9.6887
1504.6240 9.5647
1538.8200 9.5918
1573.0160 9.5934
1607.2120 9.4691
1641.4080 9.6311
1675.6040 9.9449
