VARIABLES = "Time" "MSD"
ZONE T = "BD 828"
0.0000 0.0000
34.1960 9.3396
68.3920 9.2633
102.5880 9.4850
136.7840 9.3320
170.9800 9.6032
205.1760 9.3230
239.3720 9.4015
273.5680 9.5295
307.7640 9.2631
341.9600 9.2408
376.1560 9.5259
410.3520 9.4562
444.5480 9.5685
478.7440 9.5070
512.9400 9.6631
547.1360 9.5060
581.3320 9.7605
615.5280 9.6257
649.7240 9.5290
683.9200 9.6974
718.1160 9.4675
752.3120 9.5491
786.5080 9.5648
820.7040 9.4048
854.9000 9.2785
889.0960 9.5707
923.2920 9.4855
957.4880 9.4626
991.6840 9.6931
1025.8800 9.6176
1060.0760 9.6073
1094.2720 9.4515
1128.4680 9.6148
1162.6640 9.6815
1196.8600 9.5224
1231.0560 9.4846
1265.2520 9.4909
1299.4480 9.5485
1333.6440 9.4865
1367.8400 9.5551
1402.0360 9.5178
1436.2320 9.6439
1470.4280 9.6967
1504.6240 9.5208
1538.8200 9.6322
1573.0160 9.4492
1607.2120 9.4683
1641.4080 9.6011
1675.6040 9.5839
