VARIABLES = "Time" "MSD"
ZONE T = "BD 823"
0.0000 0.0000
34.1960 9.2692
68.3920 9.4228
102.5880 9.3207
136.7840 9.3938
170.9800 9.4063
205.1760 9.2752
239.3720 9.5921
273.5680 9.1978
307.7640 9.5628
341.9600 9.3066
376.1560 9.4019
410.3520 9.4086
444.5480 9.3746
478.7440 9.4159
512.9400 9.4962
547.1360 9.3935
581.3320 9.3058
615.5280 9.3845
649.7240 9.5569
683.9200 9.3623
718.1160 9.5542
752.3120 9.3412
786.5080 9.4298
820.7040 9.4150
854.9000 9.6461
889.0960 9.3526
923.2920 9.3569
957.4880 9.3982
991.6840 9.4095
1025.8800 9.3315
1060.0760 9.3701
1094.2720 9.5984
1128.4680 9.6272
1162.6640 9.4900
1196.8600 9.4612
1231.0560 9.3934
1265.2520 9.5894
1299.4480 9.4751
1333.6440 9.4346
1367.8400 9.5656
1402.0360 9.5860
1436.2320 9.3036
1470.4280 9.5823
1504.6240 9.4047
1538.8200 9.5511
1573.0160 9.5645
1607.2120 9.6166
1641.4080 9.6127
1675.6040 9.6823
