VARIABLES = "Time" "MSD"
ZONE T = "BD 839"
0.0000 0.0000
34.1960 9.1061
68.3920 8.8981
102.5880 9.0923
136.7840 9.0106
170.9800 9.2764
205.1760 9.2441
239.3720 9.0987
273.5680 9.2508
307.7640 9.3002
341.9600 9.3131
376.1560 9.1533
410.3520 9.3859
444.5480 9.1697
478.7440 9.2814
512.9400 9.1071
547.1360 9.3454
581.3320 9.2486
615.5280 9.1255
649.7240 9.2378
683.9200 9.2888
718.1160 9.3619
752.3120 9.1644
786.5080 9.3305
820.7040 9.2389
854.9000 9.0108
889.0960 9.2895
923.2920 9.2112
957.4880 9.0223
991.6840 9.1976
1025.8800 9.3582
1060.0760 9.0765
1094.2720 9.1998
1128.4680 9.2552
1162.6640 9.2699
1196.8600 9.2182
1231.0560 9.2097
1265.2520 9.4005
1299.4480 9.1868
1333.6440 9.3012
1367.8400 9.4806
1402.0360 9.2573
1436.2320 9.5437
1470.4280 9.1729
1504.6240 9.3471
1538.8200 9.2433
1573.0160 9.4972
1607.2120 9.2736
1641.4080 9.2109
1675.6040 9.2430
