VARIABLES = "Time" "MSD"
ZONE T = "BD 832"
0.0000 0.0000
34.1960 8.8050
68.3920 9.3460
102.5880 9.1792
136.7840 9.2959
170.9800 9.2769
205.1760 9.3320
239.3720 9.2058
273.5680 9.3611
307.7640 9.1086
341.9600 9.1341
376.1560 9.2295
410.3520 9.2905
444.5480 9.1768
478.7440 9.1395
512.9400 9.3305
547.1360 9.5168
581.3320 9.3215
615.5280 9.1822
649.7240 9.2069
683.9200 9.4146
718.1160 9.4680
752.3120 9.4295
786.5080 9.4233
820.7040 9.3986
854.9000 9.0680
889.0960 9.2440
923.2920 9.3287
957.4880 9.3802
991.6840 9.2243
1025.8800 9.4717
1060.0760 9.3678
1094.2720 9.2215
1128.4680 9.2461
1162.6640 9.6016
1196.8600 9.4755
1231.0560 9.3036
1265.2520 9.3029
1299.4480 9.5049
1333.6440 9.3927
1367.8400 9.3364
1402.0360 9.1899
1436.2320 9.4576
1470.4280 9.4232
1504.6240 9.3792
1538.8200 9.3738
1573.0160 9.2396
1607.2120 9.6105
1641.4080 9.4142
1675.6040 9.2644
