VARIABLES = "Time" "MSD"
ZONE T = "BD 834"
0.0000 0.0000
34.1960 8.9002
68.3920 9.0309
102.5880 9.2723
136.7840 9.1065
170.9800 9.3782
205.1760 9.0989
239.3720 9.3289
273.5680 9.3761
307.7640 9.1596
341.9600 9.2656
376.1560 9.4545
410.3520 9.3559
444.5480 9.1295
478.7440 9.1965
512.9400 9.2644
547.1360 9.2663
581.3320 9.2996
615.5280 9.2825
649.7240 9.2361
683.9200 9.2466
718.1160 9.2598
752.3120 9.2958
786.5080 9.3640
820.7040 9.1780
854.9000 9.5481
889.0960 9.4819
923.2920 9.3630
957.4880 9.3097
991.6840 9.4839
1025.8800 9.1594
1060.0760 9.3417
1094.2720 9.2257
1128.4680 9.3580
1162.6640 9.3619
1196.8600 9.3736
1231.0560 9.2761
1265.2520 9.2499
1299.4480 9.2962
1333.6440 9.3732
1367.8400 9.4613
1402.0360 9.4667
1436.2320 9.5453
1470.4280 9.4171
1504.6240 9.0642
1538.8200 9.4346
1573.0160 9.3292
1607.2120 9.4031
1641.4080 9.4920
1675.6040 9.3522
