VARIABLES = "Time" "MSD"
ZONE T = "BD 83"
0.0000 0.0000
34.1960 58.8780
68.3920 99.1976
102.5880 127.6557
136.7840 147.7866
170.9800 166.5646
205.1760 180.2078
239.3720 188.3665
273.5680 193.9885
307.7640 197.9448
341.9600 202.4396
376.1560 206.1197
410.3520 208.3644
444.5480 209.0888
478.7440 211.0087
512.9400 213.5161
547.1360 214.9368
581.3320 214.9806
615.5280 216.0807
649.7240 218.2360
683.9200 217.3064
718.1160 216.8240
752.3120 216.1122
786.5080 214.8454
820.7040 211.5542
854.9000 211.5711
889.0960 208.7346
923.2920 210.3125
957.4880 211.0333
991.6840 214.2426
1025.8800 217.7157
1060.0760 221.4807
1094.2720 223.7639
1128.4680 224.0104
1162.6640 224.9753
1196.8600 224.8658
1231.0560 225.2925
1265.2520 222.5447
1299.4480 222.9427
1333.6440 223.4038
1367.8400 223.7560
1402.0360 223.9760
1436.2320 223.9453
1470.4280 222.7630
1504.6240 224.7893
1538.8200 225.5975
1573.0160 223.7677
1607.2120 222.3508
1641.4080 221.2882
1675.6040 220.5519
