VARIABLES = "Time" "MSD"
ZONE T = "BD 831"
0.0000 0.0000
34.1960 8.8857
68.3920 9.1579
102.5880 9.1920
136.7840 9.5995
170.9800 9.1349
205.1760 9.4806
239.3720 9.3325
273.5680 9.5567
307.7640 9.4945
341.9600 9.2371
376.1560 9.6508
410.3520 9.6804
444.5480 9.6521
478.7440 9.3785
512.9400 9.2436
547.1360 9.3462
581.3320 9.3545
615.5280 9.3774
649.7240 9.2675
683.9200 9.2731
718.1160 9.3927
752.3120 9.3375
786.5080 9.4332
820.7040 9.5737
854.9000 9.2062
889.0960 9.6512
923.2920 9.4413
957.4880 9.6161
991.6840 9.4947
1025.8800 9.3843
1060.0760 9.3897
1094.2720 9.5597
1128.4680 9.5872
1162.6640 9.3594
1196.8600 9.4111
1231.0560 9.3094
1265.2520 9.3016
1299.4480 9.1914
1333.6440 9.3486
1367.8400 9.4148
1402.0360 9.4621
1436.2320 9.3749
1470.4280 9.6880
1504.6240 9.4424
1538.8200 9.5444
1573.0160 9.4770
1607.2120 9.2618
1641.4080 9.5961
1675.6040 9.4251
