VARIABLES = "Time" "MSD"
ZONE T = "BD 830"
0.0000 0.0000
34.1960 8.7701
68.3920 8.8825
102.5880 9.1690
136.7840 9.2891
170.9800 9.0342
205.1760 9.3374
239.3720 9.1277
273.5680 9.2604
307.7640 9.1160
341.9600 9.0284
376.1560 9.0849
410.3520 9.3129
444.5480 9.1597
478.7440 9.0656
512.9400 9.0599
547.1360 9.1540
581.3320 9.4311
615.5280 9.1253
649.7240 9.1283
683.9200 9.0376
718.1160 9.1960
752.3120 9.3245
786.5080 9.1718
820.7040 9.2073
854.9000 9.0987
889.0960 9.2946
923.2920 9.3389
957.4880 9.3606
991.6840 9.2917
1025.8800 9.3113
1060.0760 9.0572
1094.2720 9.4842
1128.4680 9.3321
1162.6640 9.4020
1196.8600 9.2905
1231.0560 9.3439
1265.2520 9.1106
1299.4480 9.2583
1333.6440 9.3255
1367.8400 9.2158
1402.0360 9.2971
1436.2320 9.2909
1470.4280 9.3410
1504.6240 9.3436
1538.8200 9.4685
1573.0160 9.4184
1607.2120 9.3683
1641.4080 9.6692
1675.6040 9.4172
