VARIABLES = "Time" "MSD"
ZONE T = "BD 835"
0.0000 0.0000
34.1960 8.9213
68.3920 9.4090
102.5880 9.2164
136.7840 9.4461
170.9800 9.0508
205.1760 9.4100
239.3720 9.2408
273.5680 9.1272
307.7640 9.0896
341.9600 9.3028
376.1560 9.2685
410.3520 9.2336
444.5480 9.1277
478.7440 9.2623
512.9400 9.2197
547.1360 9.2582
581.3320 8.9836
615.5280 9.1400
649.7240 9.1858
683.9200 9.1970
718.1160 9.2148
752.3120 9.3832
786.5080 9.1420
820.7040 9.1106
854.9000 9.3286
889.0960 9.1117
923.2920 9.1005
957.4880 9.2266
991.6840 9.3215
1025.8800 9.1598
1060.0760 9.0524
1094.2720 9.1651
1128.4680 9.3056
1162.6640 9.2933
1196.8600 9.3206
1231.0560 9.1040
1265.2520 9.1288
1299.4480 8.9846
1333.6440 9.3219
1367.8400 9.2127
1402.0360 9.0743
1436.2320 9.1854
1470.4280 9.0699
1504.6240 9.1802
1538.8200 9.1891
1573.0160 9.2536
1607.2120 9.3728
1641.4080 9.3841
1675.6040 9.3009
