VARIABLES = "Time" "MSD"
ZONE T = "BD 842"
0.0000 0.0000
34.1960 8.7506
68.3920 8.9173
102.5880 8.8612
136.7840 9.1855
170.9800 8.8697
205.1760 9.0006
239.3720 8.8198
273.5680 9.0266
307.7640 9.0363
341.9600 8.9370
376.1560 9.2155
410.3520 8.9046
444.5480 9.2194
478.7440 8.9715
512.9400 9.0504
547.1360 9.1349
581.3320 9.1650
615.5280 9.1457
649.7240 9.0791
683.9200 9.0663
718.1160 9.2605
752.3120 9.0623
786.5080 9.1821
820.7040 9.2099
854.9000 9.2285
889.0960 9.2759
923.2920 9.1375
957.4880 9.1400
991.6840 9.0080
1025.8800 8.8724
1060.0760 9.2814
1094.2720 9.1368
1128.4680 9.2392
1162.6640 9.1889
1196.8600 9.0844
1231.0560 9.2615
1265.2520 9.3072
1299.4480 9.2097
1333.6440 9.1109
1367.8400 8.8422
1402.0360 9.1320
1436.2320 9.3258
1470.4280 9.2518
1504.6240 9.3538
1538.8200 9.1356
1573.0160 9.4372
1607.2120 9.3014
1641.4080 9.2548
1675.6040 9.1507
