VARIABLES = "Time" "MSD"
ZONE T = "BD 849"
0.0000 0.0000
34.1960 8.7832
68.3920 9.0459
102.5880 8.9500
136.7840 8.9418
170.9800 9.2043
205.1760 9.0011
239.3720 8.8029
273.5680 8.8441
307.7640 8.8603
341.9600 9.0889
376.1560 8.9830
410.3520 9.0378
444.5480 9.0059
478.7440 9.0606
512.9400 8.9315
547.1360 8.9162
581.3320 8.7135
615.5280 8.9860
649.7240 8.8980
683.9200 9.0711
718.1160 8.9006
752.3120 8.9294
786.5080 8.9755
820.7040 9.1211
854.9000 8.8253
889.0960 9.0196
923.2920 9.2003
957.4880 8.9638
991.6840 8.8967
1025.8800 9.0988
1060.0760 8.8714
1094.2720 8.9983
1128.4680 9.0955
1162.6640 8.9851
1196.8600 8.8522
1231.0560 9.0176
1265.2520 8.8645
1299.4480 9.0704
1333.6440 8.9382
1367.8400 8.7141
1402.0360 8.9483
1436.2320 8.7582
1470.4280 9.0238
1504.6240 8.8975
1538.8200 9.0663
1573.0160 9.0549
1607.2120 8.9163
1641.4080 8.9280
1675.6040 8.9329
