VARIABLES = "Time" "MSD"
ZONE T = "BD 846"
0.0000 0.0000
34.1960 8.4140
68.3920 8.3401
102.5880 8.6329
136.7840 8.8750
170.9800 8.5291
205.1760 8.8810
239.3720 8.5685
273.5680 8.5781
307.7640 8.6341
341.9600 8.6523
376.1560 8.5552
410.3520 8.6612
444.5480 8.6722
478.7440 8.6811
512.9400 8.5957
547.1360 8.8405
581.3320 8.6900
615.5280 8.6057
649.7240 8.6519
683.9200 8.6740
718.1160 8.7000
752.3120 8.4733
786.5080 8.7237
820.7040 8.7680
854.9000 8.7500
889.0960 8.7288
923.2920 8.7802
957.4880 8.7897
991.6840 8.7417
1025.8800 8.7287
1060.0760 8.8139
1094.2720 8.7268
1128.4680 8.7495
1162.6640 8.8037
1196.8600 8.5443
1231.0560 8.6124
1265.2520 8.6900
1299.4480 8.7238
1333.6440 8.7208
1367.8400 8.7303
1402.0360 8.7776
1436.2320 8.6083
1470.4280 8.8302
1504.6240 8.7258
1538.8200 8.8432
1573.0160 8.9774
1607.2120 8.7646
1641.4080 8.9320
1675.6040 8.7259
