VARIABLES = "Time" "MSD"
ZONE T = "BD 840"
0.0000 0.0000
34.1960 8.7246
68.3920 9.0238
102.5880 9.0346
136.7840 8.9131
170.9800 8.8142
205.1760 8.8051
239.3720 8.9052
273.5680 8.9730
307.7640 9.1447
341.9600 9.0167
376.1560 9.0500
410.3520 8.9092
444.5480 9.0591
478.7440 9.2516
512.9400 9.2134
547.1360 9.1061
581.3320 9.0903
615.5280 9.1788
649.7240 9.1890
683.9200 9.2882
718.1160 9.0572
752.3120 9.0827
786.5080 9.1772
820.7040 9.0173
854.9000 9.2090
889.0960 9.1201
923.2920 9.2649
957.4880 9.0175
991.6840 9.1526
1025.8800 9.0980
1060.0760 9.0023
1094.2720 9.1819
1128.4680 9.2659
1162.6640 9.1463
1196.8600 9.2580
1231.0560 9.2219
1265.2520 9.1954
1299.4480 8.9917
1333.6440 9.0732
1367.8400 8.9855
1402.0360 9.0797
1436.2320 8.9360
1470.4280 9.1221
1504.6240 9.2517
1538.8200 9.1525
1573.0160 9.0680
1607.2120 9.0385
1641.4080 9.0526
1675.6040 9.0649
