VARIABLES = "Time" "MSD"
ZONE T = "BD 844"
0.0000 0.0000
34.1960 8.6355
68.3920 8.8666
102.5880 9.0092
136.7840 8.9731
170.9800 8.9312
205.1760 9.2730
239.3720 9.1221
273.5680 9.2696
307.7640 9.1945
341.9600 9.4527
376.1560 9.2735
410.3520 9.3897
444.5480 9.2353
478.7440 9.1673
512.9400 9.1900
547.1360 9.3129
581.3320 9.3172
615.5280 9.1195
649.7240 9.3299
683.9200 9.0184
718.1160 9.2145
752.3120 9.3925
786.5080 9.5732
820.7040 9.4180
854.9000 9.4806
889.0960 9.1238
923.2920 9.4826
957.4880 9.4357
991.6840 9.4137
1025.8800 9.5070
1060.0760 9.2997
1094.2720 9.3251
1128.4680 9.3542
1162.6640 9.2747
1196.8600 9.2598
1231.0560 9.3986
1265.2520 9.3161
1299.4480 9.3642
1333.6440 9.2524
1367.8400 9.4334
1402.0360 9.2608
1436.2320 9.2211
1470.4280 9.3318
1504.6240 9.3455
1538.8200 9.5839
1573.0160 9.2712
1607.2120 9.5282
1641.4080 9.5304
1675.6040 9.2918
