VARIABLES = "Time" "MSD"
ZONE T = "BD 85"
0.0000 0.0000
34.1960 57.9157
68.3920 96.8652
102.5880 125.4124
136.7840 146.0656
170.9800 160.8684
205.1760 172.4463
239.3720 181.3634
273.5680 188.4783
307.7640 192.1247
341.9600 196.0206
376.1560 204.3958
410.3520 210.2793
444.5480 214.6635
478.7440 216.4609
512.9400 216.8562
547.1360 216.7893
581.3320 216.7266
615.5280 215.4266
649.7240 216.9036
683.9200 221.2066
718.1160 223.2715
752.3120 224.2897
786.5080 225.3225
820.7040 224.8780
854.9000 226.1271
889.0960 225.8993
923.2920 225.7565
957.4880 227.7454
991.6840 229.3931
1025.8800 231.2610
1060.0760 230.6208
1094.2720 231.3563
1128.4680 228.1910
1162.6640 225.8884
1196.8600 226.3000
1231.0560 227.7247
1265.2520 231.2414
1299.4480 232.6063
1333.6440 231.9063
1367.8400 231.6719
1402.0360 232.6899
1436.2320 234.5394
1470.4280 235.5905
1504.6240 234.0411
1538.8200 232.2660
1573.0160 232.9392
1607.2120 236.5185
1641.4080 237.3729
1675.6040 236.5564
