VARIABLES = "Time" "MSD"
ZONE T = "BD 859"
0.0000 0.0000
34.1960 8.4011
68.3920 8.8223
102.5880 8.9158
136.7840 9.0712
170.9800 9.1952
205.1760 8.9365
239.3720 8.9065
273.5680 9.1108
307.7640 9.1324
341.9600 9.1428
376.1560 9.0424
410.3520 9.0517
444.5480 9.1551
478.7440 9.0656
512.9400 9.0480
547.1360 9.0228
581.3320 8.9515
615.5280 9.3041
649.7240 9.0045
683.9200 9.0799
718.1160 9.0265
752.3120 9.2044
786.5080 9.2182
820.7040 9.1939
854.9000 9.0842
889.0960 8.9784
923.2920 9.1297
957.4880 9.2458
991.6840 9.1929
1025.8800 9.4298
1060.0760 9.3199
1094.2720 9.0403
1128.4680 9.0343
1162.6640 8.9419
1196.8600 9.0771
1231.0560 9.0661
1265.2520 8.9388
1299.4480 9.1181
1333.6440 9.1720
1367.8400 8.9570
1402.0360 9.0395
1436.2320 9.0381
1470.4280 9.1852
1504.6240 9.1441
1538.8200 9.0790
1573.0160 9.0428
1607.2120 9.0225
1641.4080 9.0978
1675.6040 9.2366
