VARIABLES = "Time" "MSD"
ZONE T = "BD 869"
0.0000 0.0000
34.1960 8.5720
68.3920 8.7214
102.5880 8.4624
136.7840 8.6951
170.9800 8.8286
205.1760 8.7139
239.3720 8.8161
273.5680 8.7768
307.7640 9.1444
341.9600 8.9710
376.1560 8.9556
410.3520 8.9509
444.5480 8.8537
478.7440 8.9289
512.9400 8.8572
547.1360 8.8542
581.3320 8.7764
615.5280 8.8354
649.7240 8.8351
683.9200 8.8704
718.1160 8.7731
752.3120 8.7048
786.5080 8.8686
820.7040 8.7560
854.9000 8.8809
889.0960 8.9088
923.2920 8.9211
957.4880 8.7878
991.6840 8.8008
1025.8800 9.0045
1060.0760 8.9543
1094.2720 8.8117
1128.4680 8.8913
1162.6640 9.1104
1196.8600 8.8023
1231.0560 8.9288
1265.2520 8.9574
1299.4480 8.9789
1333.6440 8.9031
1367.8400 8.9600
1402.0360 9.0553
1436.2320 8.9412
1470.4280 8.9128
1504.6240 8.8571
1538.8200 9.0316
1573.0160 8.7464
1607.2120 8.8995
1641.4080 8.9888
1675.6040 9.1048
