VARIABLES = "Time" "MSD"
ZONE T = "BD 862"
0.0000 0.0000
34.1960 8.5754
68.3920 8.7918
102.5880 9.1165
136.7840 9.0490
170.9800 9.1976
205.1760 9.2610
239.3720 9.0549
273.5680 9.0107
307.7640 9.1311
341.9600 8.9070
376.1560 8.9344
410.3520 8.9605
444.5480 8.7695
478.7440 8.8786
512.9400 9.1243
547.1360 9.1142
581.3320 9.1401
615.5280 9.1801
649.7240 9.2737
683.9200 9.2154
718.1160 8.9423
752.3120 9.1223
786.5080 9.2342
820.7040 9.3564
854.9000 9.2399
889.0960 8.9931
923.2920 9.2323
957.4880 9.0159
991.6840 9.2797
1025.8800 9.0935
1060.0760 8.9837
1094.2720 9.0797
1128.4680 9.3064
1162.6640 9.2318
1196.8600 8.8825
1231.0560 9.0000
1265.2520 9.3173
1299.4480 9.0369
1333.6440 9.0060
1367.8400 9.0441
1402.0360 9.0643
1436.2320 9.2258
1470.4280 9.0930
1504.6240 8.9261
1538.8200 9.4505
1573.0160 9.1819
1607.2120 9.0654
1641.4080 8.9951
1675.6040 9.3478
