VARIABLES = "Time" "MSD"
ZONE T = "BD 872"
0.0000 0.0000
34.1960 8.6700
68.3920 8.7783
102.5880 8.7165
136.7840 8.5873
170.9800 8.7939
205.1760 8.7677
239.3720 8.9414
273.5680 8.9230
307.7640 8.6937
341.9600 9.0241
376.1560 8.7958
410.3520 8.8026
444.5480 8.8480
478.7440 8.8537
512.9400 8.7780
547.1360 8.7963
581.3320 8.6629
615.5280 8.5969
649.7240 8.9516
683.9200 8.8487
718.1160 8.6516
752.3120 9.0520
786.5080 8.7495
820.7040 8.9459
854.9000 8.8143
889.0960 8.9128
923.2920 9.0990
957.4880 9.0807
991.6840 8.9932
1025.8800 8.8010
1060.0760 8.9858
1094.2720 8.7436
1128.4680 8.7980
1162.6640 8.8558
1196.8600 8.9919
1231.0560 8.7978
1265.2520 8.9051
1299.4480 8.8813
1333.6440 9.0372
1367.8400 8.9538
1402.0360 8.9055
1436.2320 8.8054
1470.4280 9.0825
1504.6240 8.8037
1538.8200 8.8638
1573.0160 8.9531
1607.2120 8.7572
1641.4080 8.7824
1675.6040 8.8622
