VARIABLES = "Time" "MSD"
ZONE T = "BD 873"
0.0000 0.0000
34.1960 8.5020
68.3920 8.3818
102.5880 8.3379
136.7840 8.5439
170.9800 8.6041
205.1760 8.6291
239.3720 8.4032
273.5680 8.6979
307.7640 8.5951
341.9600 8.7958
376.1560 8.6028
410.3520 8.7613
444.5480 8.6346
478.7440 8.7352
512.9400 8.6744
547.1360 8.3647
581.3320 8.8666
615.5280 8.4919
649.7240 8.5977
683.9200 8.6840
718.1160 8.6982
752.3120 8.7721
786.5080 8.6228
820.7040 8.8653
854.9000 8.4528
889.0960 8.8392
923.2920 8.6011
957.4880 8.7617
991.6840 8.6131
1025.8800 8.8024
1060.0760 8.6784
1094.2720 8.6699
1128.4680 8.6689
1162.6640 8.8373
1196.8600 8.7552
1231.0560 8.6964
1265.2520 8.7582
1299.4480 8.5138
1333.6440 8.8365
1367.8400 8.9701
1402.0360 8.7055
1436.2320 8.7268
1470.4280 8.5911
1504.6240 8.7031
1538.8200 8.8235
1573.0160 8.7233
1607.2120 8.8471
1641.4080 8.6565
1675.6040 8.8312
