VARIABLES = "Time" "MSD"
ZONE T = "BD 879"
0.0000 0.0000
34.1960 8.4874
68.3920 8.6940
102.5880 8.4810
136.7840 8.6309
170.9800 8.7123
205.1760 8.6627
239.3720 8.7429
273.5680 8.8064
307.7640 8.8529
341.9600 8.7505
376.1560 8.7068
410.3520 8.7522
444.5480 8.7015
478.7440 8.7222
512.9400 8.8748
547.1360 8.7489
581.3320 8.6580
615.5280 8.6620
649.7240 8.8733
683.9200 8.8748
718.1160 8.8194
752.3120 8.7551
786.5080 8.7762
820.7040 8.7078
854.9000 8.8828
889.0960 8.6404
923.2920 8.6132
957.4880 8.4392
991.6840 8.8724
1025.8800 8.6809
1060.0760 8.8348
1094.2720 8.7602
1128.4680 8.5817
1162.6640 8.7886
1196.8600 9.0322
1231.0560 9.0979
1265.2520 8.9246
1299.4480 8.8392
1333.6440 8.6619
1367.8400 8.7117
1402.0360 8.9472
1436.2320 8.7074
1470.4280 8.7324
1504.6240 8.8925
1538.8200 8.6781
1573.0160 8.8699
1607.2120 8.8968
1641.4080 8.8478
1675.6040 8.8964
