VARIABLES = "Time" "MSD"
ZONE T = "BD 874"
0.0000 0.0000
34.1960 8.4131
68.3920 8.6288
102.5880 8.5360
136.7840 8.8927
170.9800 8.7025
205.1760 8.5724
239.3720 8.9394
273.5680 8.8850
307.7640 8.7894
341.9600 8.3691
376.1560 8.7604
410.3520 8.6204
444.5480 8.6997
478.7440 8.8459
512.9400 8.5705
547.1360 8.7110
581.3320 8.8974
615.5280 8.7084
649.7240 8.5958
683.9200 8.6184
718.1160 8.6791
752.3120 8.7103
786.5080 8.5758
820.7040 8.8336
854.9000 8.7749
889.0960 8.7520
923.2920 8.8092
957.4880 8.7286
991.6840 8.7447
1025.8800 8.6275
1060.0760 8.7474
1094.2720 8.7808
1128.4680 8.7264
1162.6640 8.6778
1196.8600 8.8142
1231.0560 8.6855
1265.2520 8.7585
1299.4480 8.5977
1333.6440 8.9252
1367.8400 8.9438
1402.0360 9.0803
1436.2320 8.9163
1470.4280 8.6219
1504.6240 8.7706
1538.8200 8.6753
1573.0160 8.6714
1607.2120 8.7048
1641.4080 8.7652
1675.6040 8.5608
