VARIABLES = "Time" "MSD"
ZONE T = "BD 883"
0.0000 0.0000
34.1960 8.4746
68.3920 8.6677
102.5880 8.5652
136.7840 8.3202
170.9800 8.4944
205.1760 8.6011
239.3720 8.5237
273.5680 8.5911
307.7640 8.6727
341.9600 8.7334
376.1560 8.5412
410.3520 8.8704
444.5480 8.6620
478.7440 8.4645
512.9400 8.6484
547.1360 8.6322
581.3320 8.5927
615.5280 8.7004
649.7240 8.4848
683.9200 8.7165
718.1160 8.8290
752.3120 8.6250
786.5080 8.7775
820.7040 8.9726
854.9000 8.5545
889.0960 8.6944
923.2920 8.5633
957.4880 8.7336
991.6840 8.5533
1025.8800 8.8298
1060.0760 8.7390
1094.2720 8.6431
1128.4680 8.5793
1162.6640 8.7134
1196.8600 8.7001
1231.0560 8.5497
1265.2520 8.5053
1299.4480 8.5857
1333.6440 8.5211
1367.8400 8.6225
1402.0360 8.7164
1436.2320 8.7851
1470.4280 8.5138
1504.6240 8.4455
1538.8200 8.8167
1573.0160 8.8419
1607.2120 8.7327
1641.4080 8.5668
1675.6040 8.9204
