VARIABLES = "Time" "MSD"
ZONE T = "BD 887"
0.0000 0.0000
34.1960 8.2436
68.3920 8.4310
102.5880 8.2190
136.7840 8.4445
170.9800 8.5184
205.1760 8.3521
239.3720 8.3980
273.5680 8.6492
307.7640 8.3395
341.9600 8.3174
376.1560 8.4603
410.3520 8.4024
444.5480 8.5156
478.7440 8.4673
512.9400 8.4493
547.1360 8.6124
581.3320 8.4503
615.5280 8.3959
649.7240 8.3250
683.9200 8.4038
718.1160 8.6534
752.3120 8.6666
786.5080 8.4396
820.7040 8.5107
854.9000 8.3960
889.0960 8.5659
923.2920 8.6926
957.4880 8.3188
991.6840 8.4825
1025.8800 8.3807
1060.0760 8.5046
1094.2720 8.5693
1128.4680 8.5555
1162.6640 8.3980
1196.8600 8.4417
1231.0560 8.4423
1265.2520 8.2999
1299.4480 8.5332
1333.6440 8.4704
1367.8400 8.4218
1402.0360 8.4046
1436.2320 8.4624
1470.4280 8.4416
1504.6240 8.4968
1538.8200 8.4596
1573.0160 8.4549
1607.2120 8.5139
1641.4080 8.5048
1675.6040 8.5670
