VARIABLES = "Time" "MSD"
ZONE T = "BD 881"
0.0000 0.0000
34.1960 7.9135
68.3920 8.1698
102.5880 8.3615
136.7840 8.2223
170.9800 8.2621
205.1760 8.4361
239.3720 8.3149
273.5680 8.2966
307.7640 8.3443
341.9600 8.1384
376.1560 8.3768
410.3520 8.3403
444.5480 8.1819
478.7440 8.3161
512.9400 8.4870
547.1360 8.3208
581.3320 8.3700
615.5280 8.3635
649.7240 8.4064
683.9200 8.5096
718.1160 8.6528
752.3120 8.4817
786.5080 8.4010
820.7040 8.3360
854.9000 8.2148
889.0960 8.1254
923.2920 8.3743
957.4880 8.2301
991.6840 8.2369
1025.8800 8.2882
1060.0760 8.3109
1094.2720 8.2365
1128.4680 8.5060
1162.6640 8.4312
1196.8600 8.2768
1231.0560 8.4341
1265.2520 8.3559
1299.4480 8.3447
1333.6440 8.2316
1367.8400 8.5753
1402.0360 8.2986
1436.2320 8.3363
1470.4280 8.5243
1504.6240 8.4026
1538.8200 8.2640
1573.0160 8.2575
1607.2120 8.3336
1641.4080 8.4872
1675.6040 8.4311
