VARIABLES = "Time" "MSD"
ZONE T = "BD 897"
0.0000 0.0000
34.1960 8.1102
68.3920 8.1615
102.5880 8.4687
136.7840 8.3785
170.9800 8.2473
205.1760 8.2548
239.3720 8.5626
273.5680 8.3226
307.7640 8.3489
341.9600 8.2809
376.1560 8.2269
410.3520 8.4638
444.5480 8.2730
478.7440 8.2545
512.9400 8.2214
547.1360 8.1654
581.3320 8.3242
615.5280 8.3327
649.7240 8.3631
683.9200 8.2383
718.1160 8.5315
752.3120 8.3388
786.5080 8.1641
820.7040 8.3761
854.9000 8.5489
889.0960 8.4201
923.2920 8.5986
957.4880 8.4810
991.6840 8.3962
1025.8800 8.4006
1060.0760 8.3285
1094.2720 8.3965
1128.4680 8.4515
1162.6640 8.5220
1196.8600 8.5041
1231.0560 8.4557
1265.2520 8.3759
1299.4480 8.5588
1333.6440 8.3016
1367.8400 8.3015
1402.0360 8.2563
1436.2320 8.5659
1470.4280 8.3842
1504.6240 8.4101
1538.8200 8.5417
1573.0160 8.3099
1607.2120 8.4476
1641.4080 8.3552
1675.6040 8.3897
