VARIABLES = "Time" "MSD"
ZONE T = "BD 899"
0.0000 0.0000
34.1960 8.1657
68.3920 8.4086
102.5880 8.4308
136.7840 8.3353
170.9800 8.5170
205.1760 8.3847
239.3720 8.3554
273.5680 8.4475
307.7640 8.5857
341.9600 8.4615
376.1560 8.4464
410.3520 8.4569
444.5480 8.4981
478.7440 8.4851
512.9400 8.4031
547.1360 8.4038
581.3320 8.3624
615.5280 8.6180
649.7240 8.5819
683.9200 8.5325
718.1160 8.5509
752.3120 8.6323
786.5080 8.3959
820.7040 8.4439
854.9000 8.4756
889.0960 8.4387
923.2920 8.5068
957.4880 8.5878
991.6840 8.6046
1025.8800 8.5375
1060.0760 8.4293
1094.2720 8.3998
1128.4680 8.4425
1162.6640 8.3938
1196.8600 8.5829
1231.0560 8.3696
1265.2520 8.4948
1299.4480 8.5736
1333.6440 8.3393
1367.8400 8.6505
1402.0360 8.7414
1436.2320 8.3726
1470.4280 8.4785
1504.6240 8.7460
1538.8200 8.5929
1573.0160 8.4476
1607.2120 8.6317
1641.4080 8.5057
1675.6040 8.6031
