VARIABLES = "Time" "MSD"
ZONE T = "BD 895"
0.0000 0.0000
34.1960 8.4071
68.3920 8.4364
102.5880 8.6011
136.7840 8.7185
170.9800 8.5844
205.1760 8.4736
239.3720 8.7379
273.5680 8.7737
307.7640 8.7944
341.9600 8.5190
376.1560 8.7247
410.3520 8.4980
444.5480 8.7410
478.7440 8.7182
512.9400 8.6575
547.1360 8.6155
581.3320 8.7308
615.5280 8.7434
649.7240 8.7641
683.9200 8.6454
718.1160 8.9088
752.3120 8.8632
786.5080 8.6046
820.7040 8.8881
854.9000 8.6072
889.0960 8.8414
923.2920 8.6789
957.4880 8.6633
991.6840 8.8152
1025.8800 8.7674
1060.0760 8.8741
1094.2720 8.8315
1128.4680 8.8200
1162.6640 8.7918
1196.8600 8.5310
1231.0560 8.6751
1265.2520 8.7710
1299.4480 8.4752
1333.6440 8.6851
1367.8400 8.5930
1402.0360 9.0091
1436.2320 8.6722
1470.4280 8.7442
1504.6240 8.6582
1538.8200 8.6488
1573.0160 8.7185
1607.2120 8.6114
1641.4080 8.6325
1675.6040 8.8201
