VARIABLES = "Time" "MSD"
ZONE T = "BD 890"
0.0000 0.0000
34.1960 8.6403
68.3920 8.5794
102.5880 8.5461
136.7840 8.7764
170.9800 8.4552
205.1760 8.7261
239.3720 8.5391
273.5680 8.5742
307.7640 8.6318
341.9600 8.9297
376.1560 8.6519
410.3520 8.7279
444.5480 8.6404
478.7440 8.6662
512.9400 8.5324
547.1360 8.6202
581.3320 8.5719
615.5280 8.5581
649.7240 8.6976
683.9200 8.5797
718.1160 8.6952
752.3120 8.6802
786.5080 8.6110
820.7040 8.5992
854.9000 8.5996
889.0960 8.7252
923.2920 8.6135
957.4880 8.6931
991.6840 8.3541
1025.8800 8.5864
1060.0760 8.6068
1094.2720 8.5440
1128.4680 8.6760
1162.6640 8.6841
1196.8600 8.8190
1231.0560 8.7404
1265.2520 8.8303
1299.4480 8.7152
1333.6440 8.7775
1367.8400 8.7123
1402.0360 8.8562
1436.2320 8.7424
1470.4280 8.7717
1504.6240 8.7660
1538.8200 8.8007
1573.0160 8.7029
1607.2120 8.6187
1641.4080 8.6727
1675.6040 8.8524
