VARIABLES = "Time" "MSD"
ZONE T = "BD 891"
0.0000 0.0000
34.1960 8.1731
68.3920 8.4055
102.5880 8.5130
136.7840 8.4972
170.9800 8.4070
205.1760 8.5667
239.3720 8.4983
273.5680 8.2680
307.7640 8.4459
341.9600 8.3953
376.1560 8.5334
410.3520 8.3554
444.5480 8.5377
478.7440 8.4055
512.9400 8.4546
547.1360 8.2915
581.3320 8.5094
615.5280 8.5258
649.7240 8.4907
683.9200 8.4687
718.1160 8.3702
752.3120 8.5336
786.5080 8.6199
820.7040 8.3961
854.9000 8.4332
889.0960 8.3735
923.2920 8.5809
957.4880 8.4189
991.6840 8.6500
1025.8800 8.4651
1060.0760 8.5769
1094.2720 8.3598
1128.4680 8.4884
1162.6640 8.6708
1196.8600 8.6740
1231.0560 8.7228
1265.2520 8.2431
1299.4480 8.5452
1333.6440 8.6185
1367.8400 8.6298
1402.0360 8.5045
1436.2320 8.4670
1470.4280 8.3321
1504.6240 8.4315
1538.8200 8.6195
1573.0160 8.5441
1607.2120 8.4679
1641.4080 8.4806
1675.6040 8.4664
