VARIABLES = "Time" "MSD"
ZONE T = "BD 893"
0.0000 0.0000
34.1960 8.2646
68.3920 8.4384
102.5880 8.3183
136.7840 8.5143
170.9800 8.4712
205.1760 8.3303
239.3720 8.7243
273.5680 8.4196
307.7640 8.4807
341.9600 8.3377
376.1560 8.2426
410.3520 8.3808
444.5480 8.6768
478.7440 8.5983
512.9400 8.4911
547.1360 8.5685
581.3320 8.4447
615.5280 8.3450
649.7240 8.4948
683.9200 8.4743
718.1160 8.3301
752.3120 8.6836
786.5080 8.4567
820.7040 8.6180
854.9000 8.5117
889.0960 8.4556
923.2920 8.5814
957.4880 8.5795
991.6840 8.5307
1025.8800 8.5982
1060.0760 8.5913
1094.2720 8.5672
1128.4680 8.5331
1162.6640 8.6239
1196.8600 8.6061
1231.0560 8.6907
1265.2520 8.5209
1299.4480 8.3982
1333.6440 8.4928
1367.8400 8.7707
1402.0360 8.4775
1436.2320 8.7068
1470.4280 8.5291
1504.6240 8.4460
1538.8200 8.5853
1573.0160 8.7080
1607.2120 8.6193
1641.4080 8.6807
1675.6040 8.4497
