VARIABLES = "Time" "MSD"
ZONE T = "BD 905"
0.0000 0.0000
34.1960 8.0193
68.3920 8.1900
102.5880 8.2188
136.7840 8.3619
170.9800 8.2724
205.1760 8.4838
239.3720 8.4131
273.5680 8.3434
307.7640 8.3495
341.9600 8.1879
376.1560 8.1257
410.3520 8.3067
444.5480 8.5073
478.7440 8.4078
512.9400 8.4164
547.1360 8.4892
581.3320 8.4895
615.5280 8.4088
649.7240 8.3480
683.9200 8.2512
718.1160 8.2251
752.3120 8.2692
786.5080 8.4790
820.7040 8.2613
854.9000 8.3930
889.0960 8.5631
923.2920 8.3228
957.4880 8.3061
991.6840 8.3644
1025.8800 8.3416
1060.0760 8.1957
1094.2720 8.3334
1128.4680 8.1566
1162.6640 8.2670
1196.8600 8.2408
1231.0560 8.3120
1265.2520 8.5176
1299.4480 8.3363
1333.6440 8.3638
1367.8400 8.1803
1402.0360 8.2716
1436.2320 8.3401
1470.4280 8.3593
1504.6240 8.4885
1538.8200 8.0885
1573.0160 8.4260
1607.2120 8.3416
1641.4080 8.4191
1675.6040 8.1881
