VARIABLES = "Time" "MSD"
ZONE T = "BD 900"
0.0000 0.0000
34.1960 8.2264
68.3920 8.3108
102.5880 8.5543
136.7840 8.4197
170.9800 8.4849
205.1760 8.5566
239.3720 8.4733
273.5680 8.3980
307.7640 8.4530
341.9600 8.5647
376.1560 8.5121
410.3520 8.4508
444.5480 8.3178
478.7440 8.2810
512.9400 8.5852
547.1360 8.3870
581.3320 8.3428
615.5280 8.3878
649.7240 8.4837
683.9200 8.5984
718.1160 8.2313
752.3120 8.2313
786.5080 8.5969
820.7040 8.4780
854.9000 8.4120
889.0960 8.5209
923.2920 8.4598
957.4880 8.5391
991.6840 8.4750
1025.8800 8.4550
1060.0760 8.4056
1094.2720 8.4792
1128.4680 8.4807
1162.6640 8.5978
1196.8600 8.3937
1231.0560 8.5707
1265.2520 8.5393
1299.4480 8.4402
1333.6440 8.4038
1367.8400 8.5606
1402.0360 8.5239
1436.2320 8.4182
1470.4280 8.4503
1504.6240 8.3051
1538.8200 8.4437
1573.0160 8.3960
1607.2120 8.6051
1641.4080 8.3860
1675.6040 8.3256
