VARIABLES = "Time" "MSD"
ZONE T = "BD 901"
0.0000 0.0000
34.1960 8.0175
68.3920 8.2071
102.5880 8.0915
136.7840 8.3585
170.9800 8.3118
205.1760 8.4568
239.3720 8.2228
273.5680 8.2572
307.7640 8.2113
341.9600 8.3485
376.1560 8.1076
410.3520 8.4139
444.5480 8.3097
478.7440 8.4847
512.9400 8.1907
547.1360 8.4976
581.3320 8.4333
615.5280 8.1891
649.7240 8.1621
683.9200 8.4959
718.1160 8.3940
752.3120 8.3534
786.5080 8.4100
820.7040 8.2442
854.9000 8.4112
889.0960 8.4839
923.2920 8.3851
957.4880 8.3434
991.6840 8.2744
1025.8800 8.3135
1060.0760 8.4432
1094.2720 8.3137
1128.4680 8.3738
1162.6640 8.5294
1196.8600 8.5895
1231.0560 8.5286
1265.2520 8.5160
1299.4480 8.6335
1333.6440 8.3475
1367.8400 8.3201
1402.0360 8.3225
1436.2320 8.4951
1470.4280 8.4699
1504.6240 8.4572
1538.8200 8.6095
1573.0160 8.5049
1607.2120 8.4789
1641.4080 8.5605
1675.6040 8.4026
