VARIABLES = "Time" "MSD"
ZONE T = "BD 90"
0.0000 0.0000
34.1960 57.2588
68.3920 95.3202
102.5880 118.2078
136.7840 134.4720
170.9800 146.2976
205.1760 154.9045
239.3720 163.2659
273.5680 168.5941
307.7640 172.3947
341.9600 177.1255
376.1560 182.5434
410.3520 186.5228
444.5480 189.0442
478.7440 191.3395
512.9400 190.7833
547.1360 190.9229
581.3320 190.7444
615.5280 191.4121
649.7240 193.0849
683.9200 192.1435
718.1160 189.9268
752.3120 190.7688
786.5080 189.6196
820.7040 190.5417
854.9000 190.8723
889.0960 192.6652
923.2920 191.4866
957.4880 191.1265
991.6840 189.9894
1025.8800 189.8547
1060.0760 192.2959
1094.2720 192.0163
1128.4680 192.5280
1162.6640 192.0494
1196.8600 192.5819
1231.0560 192.1120
1265.2520 191.5054
1299.4480 191.4845
1333.6440 191.7050
1367.8400 192.0843
1402.0360 193.0919
1436.2320 192.2949
1470.4280 191.8460
1504.6240 194.6527
1538.8200 194.8701
1573.0160 192.6946
1607.2120 191.9570
1641.4080 190.9123
1675.6040 191.1125
