VARIABLES = "Time" "MSD"
ZONE T = "BD 907"
0.0000 0.0000
34.1960 8.0333
68.3920 7.9482
102.5880 8.1404
136.7840 8.0605
170.9800 8.0567
205.1760 8.2229
239.3720 7.8375
273.5680 8.2358
307.7640 8.1054
341.9600 8.1464
376.1560 8.0140
410.3520 8.2641
444.5480 7.9703
478.7440 8.0861
512.9400 8.0146
547.1360 8.2874
581.3320 8.1066
615.5280 7.9669
649.7240 8.1649
683.9200 8.1523
718.1160 8.3250
752.3120 8.3472
786.5080 8.3465
820.7040 8.2182
854.9000 8.1952
889.0960 8.1084
923.2920 8.2023
957.4880 8.2304
991.6840 7.9668
1025.8800 8.2072
1060.0760 8.1480
1094.2720 8.2036
1128.4680 8.3118
1162.6640 8.3509
1196.8600 8.1943
1231.0560 8.3469
1265.2520 8.1472
1299.4480 8.2389
1333.6440 8.6187
1367.8400 8.1571
1402.0360 8.3322
1436.2320 8.1451
1470.4280 8.1547
1504.6240 8.1935
1538.8200 7.9668
1573.0160 8.1238
1607.2120 8.1248
1641.4080 8.2616
1675.6040 8.0573
