VARIABLES = "Time" "MSD"
ZONE T = "BD 904"
0.0000 0.0000
34.1960 8.0764
68.3920 7.8865
102.5880 8.1179
136.7840 8.1542
170.9800 7.9372
205.1760 8.0201
239.3720 8.1058
273.5680 8.0577
307.7640 8.1848
341.9600 8.0723
376.1560 8.0781
410.3520 8.2433
444.5480 8.1744
478.7440 8.0721
512.9400 8.0932
547.1360 8.2248
581.3320 8.0364
615.5280 8.1806
649.7240 7.9893
683.9200 8.2674
718.1160 8.1874
752.3120 8.3123
786.5080 8.1872
820.7040 8.0363
854.9000 8.1721
889.0960 8.1465
923.2920 8.1503
957.4880 8.1173
991.6840 8.0412
1025.8800 8.2732
1060.0760 8.1344
1094.2720 8.1242
1128.4680 8.1950
1162.6640 8.2170
1196.8600 8.2222
1231.0560 8.2193
1265.2520 8.0391
1299.4480 8.0989
1333.6440 8.1388
1367.8400 8.2434
1402.0360 8.2407
1436.2320 8.1090
1470.4280 7.9947
1504.6240 7.9178
1538.8200 8.1165
1573.0160 8.0041
1607.2120 8.1559
1641.4080 8.0852
1675.6040 7.9805
