VARIABLES = "Time" "MSD"
ZONE T = "BD 91"
0.0000 0.0000
34.1960 57.0117
68.3920 92.8644
102.5880 119.0840
136.7840 140.3653
170.9800 155.9561
205.1760 164.5171
239.3720 170.6822
273.5680 175.9549
307.7640 180.2098
341.9600 181.9613
376.1560 181.6391
410.3520 180.1488
444.5480 180.6885
478.7440 183.1123
512.9400 183.1690
547.1360 183.8337
581.3320 187.5758
615.5280 189.2858
649.7240 190.9482
683.9200 191.8238
718.1160 190.7760
752.3120 188.6258
786.5080 188.9323
820.7040 187.5112
854.9000 187.9376
889.0960 188.6330
923.2920 190.9742
957.4880 192.0119
991.6840 195.2082
1025.8800 196.2156
1060.0760 194.5241
1094.2720 194.9565
1128.4680 194.6547
1162.6640 193.2066
1196.8600 190.3459
1231.0560 189.1939
1265.2520 189.2413
1299.4480 187.0055
1333.6440 185.3807
1367.8400 184.6531
1402.0360 183.8884
1436.2320 182.8229
1470.4280 181.9177
1504.6240 181.7863
1538.8200 182.5412
1573.0160 183.8124
1607.2120 182.8042
1641.4080 183.3243
1675.6040 185.2636
