VARIABLES = "Time" "MSD"
ZONE T = "BD 915"
0.0000 0.0000
34.1960 7.7941
68.3920 7.9200
102.5880 7.9679
136.7840 8.0846
170.9800 7.9594
205.1760 7.8989
239.3720 7.9829
273.5680 8.0893
307.7640 8.1611
341.9600 8.1406
376.1560 8.0698
410.3520 8.0604
444.5480 8.0899
478.7440 8.1200
512.9400 7.9518
547.1360 8.0584
581.3320 8.1042
615.5280 8.0383
649.7240 7.9969
683.9200 8.2170
718.1160 8.1167
752.3120 8.0506
786.5080 8.0431
820.7040 8.0222
854.9000 8.0627
889.0960 8.1897
923.2920 8.1421
957.4880 8.1406
991.6840 8.1335
1025.8800 8.2348
1060.0760 8.0763
1094.2720 8.2263
1128.4680 8.0869
1162.6640 8.1873
1196.8600 8.1548
1231.0560 8.0722
1265.2520 8.0064
1299.4480 8.1851
1333.6440 8.4061
1367.8400 8.2583
1402.0360 8.2756
1436.2320 8.2148
1470.4280 8.1787
1504.6240 8.2756
1538.8200 8.3102
1573.0160 8.3241
1607.2120 8.3059
1641.4080 8.1823
1675.6040 8.2391
