VARIABLES = "Time" "MSD"
ZONE T = "BD 916"
0.0000 0.0000
34.1960 8.0821
68.3920 8.4084
102.5880 8.3798
136.7840 8.4167
170.9800 8.3608
205.1760 8.5448
239.3720 8.3760
273.5680 8.4024
307.7640 8.3967
341.9600 8.5131
376.1560 8.2863
410.3520 8.4130
444.5480 8.4838
478.7440 8.1823
512.9400 8.3358
547.1360 8.3539
581.3320 8.4066
615.5280 8.4084
649.7240 8.4597
683.9200 8.2623
718.1160 8.4448
752.3120 8.1117
786.5080 8.3538
820.7040 8.2947
854.9000 8.4129
889.0960 8.4648
923.2920 8.4453
957.4880 8.4175
991.6840 8.3742
1025.8800 8.5048
1060.0760 8.2250
1094.2720 8.2624
1128.4680 8.3607
1162.6640 8.2714
1196.8600 8.3827
1231.0560 8.1202
1265.2520 8.4235
1299.4480 8.4273
1333.6440 8.5009
1367.8400 8.4941
1402.0360 8.5301
1436.2320 8.4919
1470.4280 8.4180
1504.6240 8.5613
1538.8200 8.4904
1573.0160 8.4015
1607.2120 8.4358
1641.4080 8.2189
1675.6040 8.4749
