VARIABLES = "Time" "MSD"
ZONE T = "BD 911"
0.0000 0.0000
34.1960 7.5705
68.3920 7.7840
102.5880 7.7777
136.7840 7.8171
170.9800 8.1258
205.1760 7.8315
239.3720 7.8460
273.5680 7.7954
307.7640 8.0379
341.9600 7.8140
376.1560 7.8797
410.3520 7.8189
444.5480 7.9166
478.7440 7.8421
512.9400 7.8648
547.1360 8.0480
581.3320 7.7898
615.5280 7.9346
649.7240 7.9210
683.9200 7.8960
718.1160 8.0448
752.3120 8.0045
786.5080 7.8213
820.7040 7.8132
854.9000 7.9653
889.0960 7.8865
923.2920 7.9816
957.4880 7.8306
991.6840 7.8977
1025.8800 7.8783
1060.0760 8.0418
1094.2720 8.0561
1128.4680 8.0475
1162.6640 7.9970
1196.8600 7.8623
1231.0560 8.0428
1265.2520 7.8748
1299.4480 7.9456
1333.6440 8.0725
1367.8400 7.9583
1402.0360 7.9612
1436.2320 7.8323
1470.4280 7.8842
1504.6240 7.9982
1538.8200 8.0895
1573.0160 8.0085
1607.2120 7.9484
1641.4080 8.0089
1675.6040 7.9696
