VARIABLES = "Time" "MSD"
ZONE T = "BD 919"
0.0000 0.0000
34.1960 8.0814
68.3920 8.2744
102.5880 8.3276
136.7840 8.3393
170.9800 8.4373
205.1760 8.1483
239.3720 8.3765
273.5680 8.3235
307.7640 8.4738
341.9600 8.3112
376.1560 8.3115
410.3520 8.3293
444.5480 8.3121
478.7440 8.2666
512.9400 8.3312
547.1360 8.4429
581.3320 8.2884
615.5280 8.3880
649.7240 8.4501
683.9200 8.4726
718.1160 8.3088
752.3120 8.5300
786.5080 8.4077
820.7040 8.4480
854.9000 8.2399
889.0960 8.4920
923.2920 8.6960
957.4880 8.4904
991.6840 8.4379
1025.8800 8.6380
1060.0760 8.3641
1094.2720 8.5703
1128.4680 8.2552
1162.6640 8.2580
1196.8600 8.3409
1231.0560 8.3086
1265.2520 8.5465
1299.4480 8.5006
1333.6440 8.2942
1367.8400 8.4470
1402.0360 8.5151
1436.2320 8.2619
1470.4280 8.3791
1504.6240 8.2831
1538.8200 8.5273
1573.0160 8.3891
1607.2120 8.3620
1641.4080 8.5225
1675.6040 8.2943
