VARIABLES = "Time" "MSD"
ZONE T = "BD 928"
0.0000 0.0000
34.1960 7.7620
68.3920 7.7443
102.5880 7.5390
136.7840 7.8086
170.9800 7.8686
205.1760 7.6974
239.3720 8.0590
273.5680 7.9637
307.7640 7.9265
341.9600 7.9156
376.1560 7.8544
410.3520 7.8962
444.5480 7.8045
478.7440 7.8751
512.9400 7.8332
547.1360 8.0615
581.3320 7.7028
615.5280 7.7811
649.7240 7.6619
683.9200 7.9312
718.1160 7.9879
752.3120 7.7178
786.5080 7.8227
820.7040 7.9806
854.9000 7.9584
889.0960 7.9569
923.2920 8.0798
957.4880 7.9498
991.6840 7.8807
1025.8800 7.8743
1060.0760 7.9603
1094.2720 7.8003
1128.4680 7.7920
1162.6640 7.9599
1196.8600 7.8412
1231.0560 7.9391
1265.2520 8.0163
1299.4480 7.9104
1333.6440 7.7991
1367.8400 8.0945
1402.0360 7.8881
1436.2320 8.0337
1470.4280 7.9914
1504.6240 7.8445
1538.8200 7.8887
1573.0160 7.8363
1607.2120 7.9978
1641.4080 7.8945
1675.6040 7.9158
