VARIABLES = "Time" "MSD"
ZONE T = "BD 929"
0.0000 0.0000
34.1960 7.5873
68.3920 7.7476
102.5880 7.8874
136.7840 7.7813
170.9800 7.8279
205.1760 7.9290
239.3720 7.8686
273.5680 7.8832
307.7640 7.9799
341.9600 8.0769
376.1560 7.8892
410.3520 7.9347
444.5480 7.8442
478.7440 8.1623
512.9400 7.8103
547.1360 8.0225
581.3320 8.0121
615.5280 7.8607
649.7240 7.9139
683.9200 7.8007
718.1160 8.0631
752.3120 7.8780
786.5080 7.9325
820.7040 7.9659
854.9000 7.7519
889.0960 7.9032
923.2920 8.0513
957.4880 7.7963
991.6840 7.8192
1025.8800 7.9978
1060.0760 8.1079
1094.2720 8.0826
1128.4680 8.1716
1162.6640 8.2300
1196.8600 8.1057
1231.0560 8.2545
1265.2520 8.2333
1299.4480 7.9734
1333.6440 8.0477
1367.8400 8.1773
1402.0360 8.0065
1436.2320 7.9333
1470.4280 8.0451
1504.6240 7.9308
1538.8200 7.9127
1573.0160 7.8943
1607.2120 7.9874
1641.4080 7.7594
1675.6040 7.9391
