VARIABLES = "Time" "MSD"
ZONE T = "BD 920"
0.0000 0.0000
34.1960 7.8758
68.3920 7.9709
102.5880 7.9757
136.7840 7.9980
170.9800 8.1994
205.1760 8.1064
239.3720 8.1377
273.5680 7.9987
307.7640 8.3130
341.9600 8.0819
376.1560 8.2254
410.3520 8.0409
444.5480 8.0748
478.7440 8.0858
512.9400 8.2060
547.1360 8.2501
581.3320 8.1138
615.5280 7.9800
649.7240 8.2244
683.9200 8.2332
718.1160 8.1115
752.3120 8.0992
786.5080 8.2136
820.7040 8.2225
854.9000 8.2022
889.0960 8.1747
923.2920 8.1956
957.4880 8.0527
991.6840 8.0187
1025.8800 7.9290
1060.0760 8.0975
1094.2720 7.9818
1128.4680 8.2314
1162.6640 8.2759
1196.8600 8.1719
1231.0560 8.2284
1265.2520 8.2345
1299.4480 8.1954
1333.6440 8.0973
1367.8400 8.1591
1402.0360 8.1507
1436.2320 8.0732
1470.4280 7.9552
1504.6240 8.2078
1538.8200 7.9210
1573.0160 7.9801
1607.2120 7.9981
1641.4080 8.0406
1675.6040 8.0478
