VARIABLES = "Time" "MSD"
ZONE T = "BD 924"
0.0000 0.0000
34.1960 8.0386
68.3920 8.1239
102.5880 8.2722
136.7840 8.3557
170.9800 8.4833
205.1760 8.2640
239.3720 8.1599
273.5680 8.1363
307.7640 8.0963
341.9600 8.3900
376.1560 8.1256
410.3520 8.3184
444.5480 8.2731
478.7440 8.3692
512.9400 8.2532
547.1360 8.2186
581.3320 8.3432
615.5280 8.1978
649.7240 8.3209
683.9200 8.4704
718.1160 8.5416
752.3120 8.2555
786.5080 8.3249
820.7040 8.3292
854.9000 8.2705
889.0960 8.4230
923.2920 8.2348
957.4880 8.2514
991.6840 8.3989
1025.8800 8.3489
1060.0760 8.2865
1094.2720 8.4880
1128.4680 8.3290
1162.6640 8.4126
1196.8600 8.3634
1231.0560 8.4924
1265.2520 8.4923
1299.4480 8.1542
1333.6440 8.3562
1367.8400 8.2812
1402.0360 8.4109
1436.2320 8.3688
1470.4280 8.4742
1504.6240 8.4382
1538.8200 8.3592
1573.0160 8.4831
1607.2120 8.4515
1641.4080 8.3685
1675.6040 8.5192
