VARIABLES = "Time" "MSD"
ZONE T = "BD 92"
0.0000 0.0000
34.1960 58.7537
68.3920 98.1819
102.5880 124.3155
136.7840 143.5221
170.9800 156.0543
205.1760 163.8435
239.3720 171.3157
273.5680 177.6337
307.7640 181.4374
341.9600 188.2022
376.1560 193.8897
410.3520 197.4196
444.5480 200.1292
478.7440 202.9379
512.9400 203.1758
547.1360 202.6721
581.3320 199.2562
615.5280 196.9337
649.7240 194.6194
683.9200 192.5402
718.1160 194.1506
752.3120 194.7100
786.5080 191.8522
820.7040 191.3733
854.9000 189.5310
889.0960 188.6806
923.2920 188.3544
957.4880 189.4701
991.6840 192.8767
1025.8800 193.6163
1060.0760 197.1649
1094.2720 198.7869
1128.4680 198.7781
1162.6640 197.7257
1196.8600 196.3941
1231.0560 194.4626
1265.2520 191.7038
1299.4480 191.2484
1333.6440 190.1251
1367.8400 190.9417
1402.0360 188.3975
1436.2320 188.2217
1470.4280 188.0682
1504.6240 188.3434
1538.8200 188.2460
1573.0160 190.9867
1607.2120 194.7202
1641.4080 198.2855
1675.6040 199.8380
