VARIABLES = "Time" "MSD"
ZONE T = "BD 927"
0.0000 0.0000
34.1960 7.7100
68.3920 7.6962
102.5880 7.8298
136.7840 7.7952
170.9800 7.9236
205.1760 7.9362
239.3720 7.9441
273.5680 7.8709
307.7640 7.9622
341.9600 7.7568
376.1560 7.9036
410.3520 7.7491
444.5480 8.0939
478.7440 7.9340
512.9400 8.0735
547.1360 7.8064
581.3320 7.8196
615.5280 7.9719
649.7240 7.8441
683.9200 8.0532
718.1160 7.7893
752.3120 7.9276
786.5080 8.0634
820.7040 7.9410
854.9000 7.9264
889.0960 8.0331
923.2920 7.8478
957.4880 7.9929
991.6840 7.8047
1025.8800 8.0418
1060.0760 8.0144
1094.2720 7.8110
1128.4680 7.8129
1162.6640 7.8024
1196.8600 8.0426
1231.0560 7.9567
1265.2520 8.0498
1299.4480 7.9713
1333.6440 8.0984
1367.8400 7.7397
1402.0360 7.8538
1436.2320 7.8836
1470.4280 8.1128
1504.6240 7.8635
1538.8200 7.7602
1573.0160 7.9088
1607.2120 7.9344
1641.4080 7.7797
1675.6040 7.7946
