VARIABLES = "Time" "MSD"
ZONE T = "BD 922"
0.0000 0.0000
34.1960 7.9376
68.3920 8.0088
102.5880 8.1359
136.7840 8.0750
170.9800 8.2168
205.1760 8.3471
239.3720 8.2169
273.5680 8.1100
307.7640 8.1973
341.9600 8.3029
376.1560 8.2999
410.3520 8.3093
444.5480 8.1342
478.7440 8.2538
512.9400 8.2728
547.1360 8.2745
581.3320 8.3026
615.5280 8.3421
649.7240 8.1347
683.9200 8.3390
718.1160 8.2829
752.3120 8.2991
786.5080 8.3508
820.7040 8.3545
854.9000 8.3525
889.0960 8.1913
923.2920 8.1591
957.4880 8.2567
991.6840 8.3905
1025.8800 8.1979
1060.0760 8.2088
1094.2720 8.2004
1128.4680 8.2262
1162.6640 8.2699
1196.8600 8.1680
1231.0560 8.3592
1265.2520 8.2041
1299.4480 8.1317
1333.6440 8.2711
1367.8400 8.2035
1402.0360 8.4349
1436.2320 8.2974
1470.4280 8.3504
1504.6240 8.2598
1538.8200 8.5248
1573.0160 8.2591
1607.2120 8.1990
1641.4080 8.3145
1675.6040 8.3014
