VARIABLES = "Time" "MSD"
ZONE T = "BD 925"
0.0000 0.0000
34.1960 7.8781
68.3920 8.1479
102.5880 8.1540
136.7840 8.2698
170.9800 8.1268
205.1760 8.2757
239.3720 7.9759
273.5680 8.1158
307.7640 8.0799
341.9600 8.1854
376.1560 8.3784
410.3520 8.2192
444.5480 8.0917
478.7440 8.3493
512.9400 8.2281
547.1360 8.3040
581.3320 8.2340
615.5280 8.2888
649.7240 8.0835
683.9200 8.3489
718.1160 8.3944
752.3120 7.9391
786.5080 8.2588
820.7040 8.3329
854.9000 8.3443
889.0960 7.9904
923.2920 8.1397
957.4880 8.3558
991.6840 8.2177
1025.8800 8.4102
1060.0760 8.3673
1094.2720 8.3168
1128.4680 8.2312
1162.6640 8.3314
1196.8600 8.3184
1231.0560 8.3502
1265.2520 8.3633
1299.4480 8.1328
1333.6440 8.2604
1367.8400 8.3085
1402.0360 8.4510
1436.2320 8.4284
1470.4280 8.3600
1504.6240 8.3196
1538.8200 8.1877
1573.0160 8.0456
1607.2120 8.4410
1641.4080 8.2798
1675.6040 8.4724
