VARIABLES = "Time" "MSD"
ZONE T = "BD 921"
0.0000 0.0000
34.1960 7.8779
68.3920 7.9867
102.5880 8.0393
136.7840 8.1438
170.9800 7.9167
205.1760 8.0475
239.3720 8.0474
273.5680 8.1466
307.7640 8.1475
341.9600 7.9763
376.1560 8.0275
410.3520 8.2313
444.5480 7.9566
478.7440 8.0653
512.9400 8.1431
547.1360 8.0391
581.3320 8.1068
615.5280 7.8412
649.7240 8.1705
683.9200 7.9588
718.1160 8.1196
752.3120 8.0082
786.5080 8.0262
820.7040 7.9852
854.9000 8.2920
889.0960 7.9687
923.2920 7.9770
957.4880 8.1800
991.6840 8.1727
1025.8800 8.1123
1060.0760 8.1494
1094.2720 8.1577
1128.4680 8.1804
1162.6640 8.1639
1196.8600 8.2945
1231.0560 8.2085
1265.2520 8.2393
1299.4480 8.2522
1333.6440 8.1492
1367.8400 8.2162
1402.0360 8.1354
1436.2320 8.1553
1470.4280 8.1688
1504.6240 8.1725
1538.8200 8.1850
1573.0160 8.2186
1607.2120 8.1839
1641.4080 8.1856
1675.6040 8.2177
