VARIABLES = "Time" "MSD"
ZONE T = "BD 936"
0.0000 0.0000
34.1960 8.1673
68.3920 8.0981
102.5880 8.2104
136.7840 8.1565
170.9800 8.2344
205.1760 8.3269
239.3720 8.4095
273.5680 8.2821
307.7640 8.3075
341.9600 8.1063
376.1560 8.2515
410.3520 8.2176
444.5480 8.1327
478.7440 8.2748
512.9400 8.1931
547.1360 8.2382
581.3320 8.2537
615.5280 8.3736
649.7240 8.1395
683.9200 8.3571
718.1160 8.2370
752.3120 8.3470
786.5080 8.2969
820.7040 8.2999
854.9000 8.1964
889.0960 8.6521
923.2920 8.3265
957.4880 8.5482
991.6840 8.2442
1025.8800 8.3454
1060.0760 8.2899
1094.2720 8.3635
1128.4680 8.4558
1162.6640 8.2364
1196.8600 8.3942
1231.0560 8.4587
1265.2520 8.3745
1299.4480 8.3146
1333.6440 8.3379
1367.8400 8.3453
1402.0360 8.4102
1436.2320 8.5060
1470.4280 8.3422
1504.6240 8.5165
1538.8200 8.4896
1573.0160 8.4547
1607.2120 8.3023
1641.4080 8.1944
1675.6040 8.3705
