VARIABLES = "Time" "MSD"
ZONE T = "BD 937"
0.0000 0.0000
34.1960 7.7622
68.3920 7.6392
102.5880 7.8359
136.7840 8.0638
170.9800 7.9753
205.1760 8.1803
239.3720 7.8047
273.5680 7.9529
307.7640 7.8840
341.9600 7.9223
376.1560 7.9254
410.3520 8.1489
444.5480 7.9212
478.7440 7.9103
512.9400 7.8530
547.1360 8.1446
581.3320 7.9551
615.5280 7.8961
649.7240 7.8770
683.9200 8.0053
718.1160 7.8489
752.3120 7.8425
786.5080 7.9648
820.7040 7.9390
854.9000 7.9173
889.0960 7.8136
923.2920 8.0724
957.4880 8.0272
991.6840 8.0221
1025.8800 8.0214
1060.0760 8.0519
1094.2720 8.0637
1128.4680 7.9150
1162.6640 8.1692
1196.8600 7.8377
1231.0560 7.9537
1265.2520 8.1503
1299.4480 7.8182
1333.6440 8.1785
1367.8400 8.0351
1402.0360 7.8723
1436.2320 7.8574
1470.4280 7.9952
1504.6240 8.0268
1538.8200 7.8202
1573.0160 7.9697
1607.2120 8.1010
1641.4080 8.0345
1675.6040 8.0480
