VARIABLES = "Time" "MSD"
ZONE T = "BD 939"
0.0000 0.0000
34.1960 8.0353
68.3920 7.9179
102.5880 7.7786
136.7840 8.0063
170.9800 8.1986
205.1760 7.9537
239.3720 8.0612
273.5680 8.0138
307.7640 7.9231
341.9600 7.9828
376.1560 8.0921
410.3520 7.9826
444.5480 8.1889
478.7440 7.9267
512.9400 8.0303
547.1360 8.0209
581.3320 8.2077
615.5280 8.1935
649.7240 7.9415
683.9200 8.0064
718.1160 8.0932
752.3120 8.0101
786.5080 8.1951
820.7040 8.0930
854.9000 8.0315
889.0960 8.1016
923.2920 8.2637
957.4880 8.1154
991.6840 8.1037
1025.8800 7.8551
1060.0760 8.1517
1094.2720 8.2084
1128.4680 8.0602
1162.6640 8.1587
1196.8600 8.1531
1231.0560 8.1935
1265.2520 7.9418
1299.4480 8.0629
1333.6440 8.1833
1367.8400 8.2637
1402.0360 8.0219
1436.2320 8.3089
1470.4280 8.0139
1504.6240 8.1042
1538.8200 8.0036
1573.0160 7.9983
1607.2120 8.1137
1641.4080 8.2048
1675.6040 8.1095
