VARIABLES = "Time" "MSD"
ZONE T = "BD 931"
0.0000 0.0000
34.1960 7.7149
68.3920 7.8485
102.5880 7.7442
136.7840 7.7198
170.9800 7.9308
205.1760 7.7238
239.3720 7.8366
273.5680 7.8828
307.7640 7.8644
341.9600 7.7885
376.1560 7.9918
410.3520 7.8488
444.5480 7.8274
478.7440 7.8165
512.9400 7.8560
547.1360 7.9163
581.3320 7.9198
615.5280 8.0664
649.7240 7.8079
683.9200 8.0464
718.1160 7.9843
752.3120 7.9590
786.5080 7.9484
820.7040 8.1104
854.9000 7.8878
889.0960 8.0644
923.2920 7.8057
957.4880 7.9371
991.6840 7.9232
1025.8800 8.0412
1060.0760 7.9407
1094.2720 8.0336
1128.4680 7.9862
1162.6640 8.1569
1196.8600 7.8404
1231.0560 7.9371
1265.2520 7.9411
1299.4480 8.0670
1333.6440 7.9613
1367.8400 8.0150
1402.0360 8.0367
1436.2320 7.9578
1470.4280 7.9745
1504.6240 8.0020
1538.8200 7.9960
1573.0160 7.9806
1607.2120 7.9286
1641.4080 7.9063
1675.6040 7.8730
