VARIABLES = "Time" "MSD"
ZONE T = "BD 941"
0.0000 0.0000
34.1960 7.6864
68.3920 7.7743
102.5880 8.0725
136.7840 7.9723
170.9800 7.9952
205.1760 8.0263
239.3720 7.9773
273.5680 7.9326
307.7640 7.8282
341.9600 8.1181
376.1560 7.9955
410.3520 8.0057
444.5480 7.8958
478.7440 8.0952
512.9400 8.0896
547.1360 8.0482
581.3320 7.9298
615.5280 7.8637
649.7240 8.0728
683.9200 7.9877
718.1160 7.9168
752.3120 7.9121
786.5080 8.2423
820.7040 8.0224
854.9000 8.2018
889.0960 8.0047
923.2920 7.9106
957.4880 7.9916
991.6840 8.0231
1025.8800 8.0407
1060.0760 8.0028
1094.2720 8.1358
1128.4680 8.0411
1162.6640 7.8521
1196.8600 8.0784
1231.0560 8.0173
1265.2520 7.9841
1299.4480 7.9350
1333.6440 8.0759
1367.8400 7.9254
1402.0360 8.0830
1436.2320 8.0196
1470.4280 7.9954
1504.6240 8.0827
1538.8200 7.9975
1573.0160 8.0413
1607.2120 8.0928
1641.4080 7.9941
1675.6040 8.1758
