VARIABLES = "Time" "MSD"
ZONE T = "BD 947"
0.0000 0.0000
34.1960 7.5868
68.3920 7.8414
102.5880 7.7415
136.7840 7.8420
170.9800 7.8603
205.1760 7.5913
239.3720 7.6423
273.5680 7.8359
307.7640 7.6254
341.9600 7.6933
376.1560 7.8839
410.3520 7.6379
444.5480 7.7774
478.7440 7.7561
512.9400 7.8346
547.1360 7.7816
581.3320 8.0587
615.5280 7.9343
649.7240 8.1033
683.9200 7.8821
718.1160 7.8461
752.3120 7.8123
786.5080 7.8642
820.7040 8.0395
854.9000 7.8429
889.0960 8.0189
923.2920 7.7438
957.4880 7.8745
991.6840 7.9084
1025.8800 7.7030
1060.0760 7.9156
1094.2720 7.8365
1128.4680 7.9608
1162.6640 8.1041
1196.8600 7.8212
1231.0560 7.7753
1265.2520 7.9033
1299.4480 7.6728
1333.6440 7.7629
1367.8400 7.7642
1402.0360 7.7871
1436.2320 7.7929
1470.4280 7.9171
1504.6240 7.9585
1538.8200 7.9692
1573.0160 7.7467
1607.2120 8.1244
1641.4080 7.8656
1675.6040 7.8241
