VARIABLES = "Time" "MSD"
ZONE T = "BD 94"
0.0000 0.0000
34.1960 58.3639
68.3920 98.3384
102.5880 123.4294
136.7840 142.0456
170.9800 156.5363
205.1760 166.4736
239.3720 172.4494
273.5680 176.8894
307.7640 182.2387
341.9600 187.8928
376.1560 190.7623
410.3520 194.7558
444.5480 195.5652
478.7440 197.4648
512.9400 198.5515
547.1360 200.3234
581.3320 202.1488
615.5280 203.4497
649.7240 204.1100
683.9200 203.7471
718.1160 206.1450
752.3120 209.8496
786.5080 210.9636
820.7040 213.1301
854.9000 211.8671
889.0960 211.0798
923.2920 209.6850
957.4880 206.7896
991.6840 204.2668
1025.8800 202.8917
1060.0760 202.3765
1094.2720 202.4090
1128.4680 200.1828
1162.6640 198.9229
1196.8600 199.1647
1231.0560 202.4426
1265.2520 203.2490
1299.4480 202.4440
1333.6440 199.2606
1367.8400 199.9594
1402.0360 199.3277
1436.2320 199.8002
1470.4280 200.9404
1504.6240 202.3154
1538.8200 199.7343
1573.0160 197.3504
1607.2120 195.9560
1641.4080 196.8170
1675.6040 196.2994
