VARIABLES = "Time" "MSD"
ZONE T = "BD 945"
0.0000 0.0000
34.1960 7.6172
68.3920 7.7988
102.5880 7.8928
136.7840 7.8652
170.9800 8.1016
205.1760 7.8883
239.3720 8.0180
273.5680 7.9667
307.7640 7.8454
341.9600 7.9208
376.1560 7.9825
410.3520 7.9005
444.5480 7.9287
478.7440 8.0299
512.9400 7.9516
547.1360 8.0104
581.3320 8.0810
615.5280 8.2193
649.7240 7.9264
683.9200 7.9998
718.1160 7.9514
752.3120 7.7424
786.5080 7.7977
820.7040 8.0239
854.9000 7.9265
889.0960 7.8300
923.2920 7.8144
957.4880 7.8847
991.6840 7.8583
1025.8800 8.0785
1060.0760 8.0457
1094.2720 8.0354
1128.4680 8.1473
1162.6640 7.9065
1196.8600 8.0624
1231.0560 8.1498
1265.2520 8.0423
1299.4480 7.8560
1333.6440 8.0595
1367.8400 8.0656
1402.0360 8.0531
1436.2320 7.7605
1470.4280 7.8553
1504.6240 7.8686
1538.8200 7.9860
1573.0160 7.9143
1607.2120 7.7912
1641.4080 8.0094
1675.6040 7.9558
