VARIABLES = "Time" "MSD"
ZONE T = "BD 956"
0.0000 0.0000
34.1960 7.3835
68.3920 7.5567
102.5880 7.5464
136.7840 7.5171
170.9800 7.5354
205.1760 7.2870
239.3720 7.4370
273.5680 7.4408
307.7640 7.5304
341.9600 7.5969
376.1560 7.6164
410.3520 7.3566
444.5480 7.6138
478.7440 7.3734
512.9400 7.4615
547.1360 7.3311
581.3320 7.3752
615.5280 7.4983
649.7240 7.4384
683.9200 7.5743
718.1160 7.4901
752.3120 7.3180
786.5080 7.3678
820.7040 7.3439
854.9000 7.4044
889.0960 7.5008
923.2920 7.4913
957.4880 7.3851
991.6840 7.5510
1025.8800 7.3525
1060.0760 7.6242
1094.2720 7.5311
1128.4680 7.4790
1162.6640 7.1988
1196.8600 7.5232
1231.0560 7.4332
1265.2520 7.6498
1299.4480 7.4519
1333.6440 7.4725
1367.8400 7.4344
1402.0360 7.6272
1436.2320 7.4318
1470.4280 7.3496
1504.6240 7.4559
1538.8200 7.3095
1573.0160 7.5396
1607.2120 7.4435
1641.4080 7.5660
1675.6040 7.4690
