VARIABLES = "Time" "MSD"
ZONE T = "BD 959"
0.0000 0.0000
34.1960 7.6240
68.3920 7.5299
102.5880 7.7359
136.7840 7.6984
170.9800 7.7854
205.1760 7.5730
239.3720 7.7760
273.5680 7.9082
307.7640 7.7984
341.9600 7.6638
376.1560 7.7949
410.3520 7.7125
444.5480 7.7844
478.7440 7.7491
512.9400 7.7609
547.1360 7.6428
581.3320 7.6652
615.5280 7.6303
649.7240 7.7617
683.9200 7.8280
718.1160 7.5574
752.3120 7.9344
786.5080 7.8197
820.7040 7.7410
854.9000 7.7719
889.0960 7.6749
923.2920 7.6529
957.4880 7.5830
991.6840 7.6887
1025.8800 7.8069
1060.0760 7.6843
1094.2720 7.7586
1128.4680 7.8717
1162.6640 7.6681
1196.8600 7.7701
1231.0560 7.7102
1265.2520 7.9367
1299.4480 7.7742
1333.6440 7.7377
1367.8400 7.7933
1402.0360 7.6924
1436.2320 7.7482
1470.4280 7.9730
1504.6240 7.8460
1538.8200 7.8134
1573.0160 7.8271
1607.2120 7.9351
1641.4080 7.8044
1675.6040 7.8956
