VARIABLES = "Time" "MSD"
ZONE T = "BD 951"
0.0000 0.0000
34.1960 7.6957
68.3920 7.6515
102.5880 7.8912
136.7840 7.7241
170.9800 7.6481
205.1760 7.6630
239.3720 7.6705
273.5680 7.5326
307.7640 7.7117
341.9600 7.8417
376.1560 7.8144
410.3520 7.5865
444.5480 7.7873
478.7440 7.8332
512.9400 7.7519
547.1360 7.7964
581.3320 7.6130
615.5280 7.5786
649.7240 7.6574
683.9200 7.6471
718.1160 7.7776
752.3120 7.6844
786.5080 7.8241
820.7040 7.8577
854.9000 7.6211
889.0960 7.6867
923.2920 7.7283
957.4880 7.9029
991.6840 7.6988
1025.8800 7.6065
1060.0760 7.8281
1094.2720 7.6793
1128.4680 7.8848
1162.6640 7.6494
1196.8600 7.6919
1231.0560 8.1338
1265.2520 7.9124
1299.4480 7.7506
1333.6440 7.6961
1367.8400 7.6998
1402.0360 7.7529
1436.2320 7.7914
1470.4280 7.7392
1504.6240 7.8232
1538.8200 7.9275
1573.0160 7.8092
1607.2120 7.8865
1641.4080 7.7090
1675.6040 7.7065
