VARIABLES = "Time" "MSD"
ZONE T = "BD 967"
0.0000 0.0000
34.1960 7.0762
68.3920 7.1487
102.5880 6.9587
136.7840 7.2132
170.9800 7.1962
205.1760 7.0929
239.3720 7.1339
273.5680 7.2134
307.7640 7.1606
341.9600 7.2609
376.1560 7.1167
410.3520 7.1894
444.5480 7.1947
478.7440 7.0947
512.9400 7.2571
547.1360 7.2440
581.3320 7.2049
615.5280 7.2486
649.7240 7.1794
683.9200 7.1897
718.1160 7.3570
752.3120 7.1323
786.5080 7.2660
820.7040 7.2146
854.9000 7.2703
889.0960 7.1979
923.2920 7.3291
957.4880 7.1604
991.6840 7.2169
1025.8800 7.1633
1060.0760 7.1292
1094.2720 7.2812
1128.4680 7.2026
1162.6640 7.2123
1196.8600 7.2652
1231.0560 7.2427
1265.2520 7.2977
1299.4480 7.2190
1333.6440 7.2589
1367.8400 7.1958
1402.0360 7.3811
1436.2320 7.2898
1470.4280 7.3940
1504.6240 7.3758
1538.8200 7.1877
1573.0160 7.4350
1607.2120 7.4208
1641.4080 7.3841
1675.6040 7.3529
