VARIABLES = "Time" "MSD"
ZONE T = "BD 961"
0.0000 0.0000
34.1960 7.5366
68.3920 7.7699
102.5880 7.6350
136.7840 7.6838
170.9800 7.5112
205.1760 7.6585
239.3720 7.7081
273.5680 7.5422
307.7640 7.6438
341.9600 7.6374
376.1560 7.4417
410.3520 7.8660
444.5480 7.6106
478.7440 7.5231
512.9400 7.8357
547.1360 7.8134
581.3320 7.9186
615.5280 7.7154
649.7240 7.7523
683.9200 7.8443
718.1160 7.6144
752.3120 7.5298
786.5080 7.9520
820.7040 7.8252
854.9000 7.5949
889.0960 7.8000
923.2920 7.7683
957.4880 7.7739
991.6840 7.6109
1025.8800 7.7877
1060.0760 7.7399
1094.2720 7.7105
1128.4680 7.5409
1162.6640 7.7807
1196.8600 7.7942
1231.0560 7.6773
1265.2520 7.6408
1299.4480 7.6680
1333.6440 7.6803
1367.8400 7.8385
1402.0360 7.7398
1436.2320 7.6338
1470.4280 7.7482
1504.6240 7.7419
1538.8200 7.9571
1573.0160 7.7694
1607.2120 7.6596
1641.4080 7.8415
1675.6040 7.8664
