VARIABLES = "Time" "MSD"
ZONE T = "BD 965"
0.0000 0.0000
34.1960 7.2870
68.3920 7.4052
102.5880 7.4886
136.7840 7.1975
170.9800 7.3983
205.1760 7.5271
239.3720 7.2680
273.5680 7.4127
307.7640 7.4456
341.9600 7.5203
376.1560 7.5181
410.3520 7.5692
444.5480 7.4394
478.7440 7.3789
512.9400 7.5586
547.1360 7.6203
581.3320 7.4626
615.5280 7.4367
649.7240 7.5510
683.9200 7.5017
718.1160 7.5557
752.3120 7.5111
786.5080 7.5869
820.7040 7.4010
854.9000 7.7146
889.0960 7.5430
923.2920 7.6838
957.4880 7.4172
991.6840 7.4666
1025.8800 7.5656
1060.0760 7.6227
1094.2720 7.5065
1128.4680 7.4773
1162.6640 7.5839
1196.8600 7.5430
1231.0560 7.4458
1265.2520 7.3903
1299.4480 7.5376
1333.6440 7.5648
1367.8400 7.4516
1402.0360 7.6163
1436.2320 7.4073
1470.4280 7.5333
1504.6240 7.6624
1538.8200 7.6028
1573.0160 7.4817
1607.2120 7.3839
1641.4080 7.6967
1675.6040 7.6561
