VARIABLES = "Time" "MSD"
ZONE T = "BD 968"
0.0000 0.0000
34.1960 6.7964
68.3920 7.0467
102.5880 7.0194
136.7840 7.0400
170.9800 7.1469
205.1760 6.8895
239.3720 7.0654
273.5680 6.9496
307.7640 7.0181
341.9600 6.9999
376.1560 7.1383
410.3520 7.1524
444.5480 7.1790
478.7440 7.0863
512.9400 7.1591
547.1360 7.1658
581.3320 7.1404
615.5280 7.1288
649.7240 7.1100
683.9200 7.1713
718.1160 6.8735
752.3120 7.1871
786.5080 7.1489
820.7040 7.0636
854.9000 7.1260
889.0960 7.0879
923.2920 7.2040
957.4880 6.9779
991.6840 7.0793
1025.8800 7.1308
1060.0760 7.0884
1094.2720 7.2223
1128.4680 7.2145
1162.6640 7.1714
1196.8600 7.0695
1231.0560 7.0682
1265.2520 7.1179
1299.4480 7.1748
1333.6440 7.0346
1367.8400 7.2021
1402.0360 7.0744
1436.2320 7.0719
1470.4280 7.1368
1504.6240 6.9795
1538.8200 7.0180
1573.0160 7.1672
1607.2120 7.1285
1641.4080 7.1260
1675.6040 7.1050
