VARIABLES = "Time" "MSD"
ZONE T = "BD 969"
0.0000 0.0000
34.1960 7.0902
68.3920 7.1566
102.5880 7.1767
136.7840 7.2150
170.9800 7.1388
205.1760 7.4304
239.3720 7.3695
273.5680 7.3034
307.7640 7.4190
341.9600 7.1767
376.1560 7.4017
410.3520 7.2309
444.5480 7.3199
478.7440 7.2128
512.9400 7.4578
547.1360 7.4737
581.3320 7.4498
615.5280 7.4177
649.7240 7.4452
683.9200 7.3829
718.1160 7.3271
752.3120 7.3040
786.5080 7.3356
820.7040 7.3399
854.9000 7.3804
889.0960 7.2794
923.2920 7.4517
957.4880 7.4883
991.6840 7.3625
1025.8800 7.3773
1060.0760 7.2482
1094.2720 7.2524
1128.4680 7.3188
1162.6640 7.2071
1196.8600 7.3807
1231.0560 7.2684
1265.2520 7.3264
1299.4480 7.3639
1333.6440 7.2940
1367.8400 7.2736
1402.0360 7.3559
1436.2320 7.2004
1470.4280 7.3934
1504.6240 7.1416
1538.8200 7.3191
1573.0160 7.2723
1607.2120 7.2549
1641.4080 7.2555
1675.6040 7.4331
