VARIABLES = "Time" "MSD"
ZONE T = "BD 978"
0.0000 0.0000
34.1960 6.5845
68.3920 6.8153
102.5880 6.8690
136.7840 6.8625
170.9800 6.9899
205.1760 6.7383
239.3720 6.8133
273.5680 6.7301
307.7640 6.6360
341.9600 6.8782
376.1560 6.8663
410.3520 6.8797
444.5480 6.9391
478.7440 6.7685
512.9400 6.8756
547.1360 7.0170
581.3320 6.8738
615.5280 6.8783
649.7240 6.9578
683.9200 6.8789
718.1160 6.9631
752.3120 6.8492
786.5080 6.9663
820.7040 6.8816
854.9000 6.9674
889.0960 6.6840
923.2920 6.9310
957.4880 6.9837
991.6840 6.6992
1025.8800 6.6926
1060.0760 7.0062
1094.2720 6.9120
1128.4680 7.0429
1162.6640 7.0315
1196.8600 6.9069
1231.0560 6.9699
1265.2520 7.0520
1299.4480 6.7161
1333.6440 6.9317
1367.8400 6.8767
1402.0360 6.7310
1436.2320 6.7858
1470.4280 6.9214
1504.6240 6.9544
1538.8200 6.9118
1573.0160 6.9583
1607.2120 6.8580
1641.4080 7.1902
1675.6040 6.8480
