VARIABLES = "Time" "MSD"
ZONE T = "BD 979"
0.0000 0.0000
34.1960 6.9225
68.3920 6.9278
102.5880 7.0799
136.7840 7.0108
170.9800 6.8351
205.1760 6.9894
239.3720 7.2000
273.5680 6.9632
307.7640 7.1536
341.9600 7.2466
376.1560 7.1445
410.3520 7.3576
444.5480 7.0390
478.7440 7.0646
512.9400 7.1732
547.1360 6.9882
581.3320 7.1529
615.5280 7.2004
649.7240 7.1457
683.9200 7.1291
718.1160 7.2486
752.3120 7.1218
786.5080 7.1456
820.7040 7.1341
854.9000 7.2012
889.0960 7.1134
923.2920 7.1586
957.4880 7.0196
991.6840 7.1304
1025.8800 7.1742
1060.0760 7.1051
1094.2720 7.1865
1128.4680 7.2447
1162.6640 7.0678
1196.8600 7.0164
1231.0560 7.1244
1265.2520 7.1828
1299.4480 7.1379
1333.6440 7.1435
1367.8400 7.3071
1402.0360 7.2488
1436.2320 6.8973
1470.4280 7.1041
1504.6240 7.0400
1538.8200 6.9649
1573.0160 7.0235
1607.2120 7.3055
1641.4080 7.1837
1675.6040 6.9697
