VARIABLES = "Time" "MSD"
ZONE T = "BD 976"
0.0000 0.0000
34.1960 7.0499
68.3920 7.2074
102.5880 7.0794
136.7840 6.9534
170.9800 7.1346
205.1760 7.2379
239.3720 7.0340
273.5680 7.1932
307.7640 7.2397
341.9600 7.1668
376.1560 7.1628
410.3520 7.2514
444.5480 7.1164
478.7440 7.0066
512.9400 7.0620
547.1360 7.1058
581.3320 7.1380
615.5280 7.2826
649.7240 7.1736
683.9200 7.1686
718.1160 7.1256
752.3120 7.2266
786.5080 7.1177
820.7040 7.2315
854.9000 7.1521
889.0960 7.3207
923.2920 7.2296
957.4880 7.2386
991.6840 7.2772
1025.8800 7.2379
1060.0760 7.1343
1094.2720 7.3462
1128.4680 7.2312
1162.6640 7.1979
1196.8600 7.2530
1231.0560 7.0743
1265.2520 7.3354
1299.4480 7.2969
1333.6440 7.3231
1367.8400 7.2332
1402.0360 7.2108
1436.2320 7.2021
1470.4280 7.2120
1504.6240 7.1438
1538.8200 7.1846
1573.0160 7.2331
1607.2120 7.2705
1641.4080 7.0456
1675.6040 7.1419
