VARIABLES = "Time" "MSD"
ZONE T = "BD 970"
0.0000 0.0000
34.1960 7.1188
68.3920 7.2740
102.5880 7.0799
136.7840 7.1970
170.9800 7.0897
205.1760 7.2032
239.3720 7.1574
273.5680 7.3019
307.7640 7.2081
341.9600 7.1817
376.1560 7.2302
410.3520 7.1350
444.5480 7.1957
478.7440 7.3570
512.9400 7.1643
547.1360 6.9678
581.3320 7.3944
615.5280 7.3317
649.7240 7.2418
683.9200 7.2486
718.1160 7.3591
752.3120 7.2723
786.5080 7.1986
820.7040 7.1290
854.9000 7.2302
889.0960 7.2456
923.2920 7.2155
957.4880 7.3292
991.6840 7.3207
1025.8800 7.2353
1060.0760 7.1622
1094.2720 7.2955
1128.4680 7.3016
1162.6640 7.3061
1196.8600 7.3162
1231.0560 7.2506
1265.2520 7.4840
1299.4480 7.3124
1333.6440 7.2323
1367.8400 7.2338
1402.0360 7.3159
1436.2320 7.3835
1470.4280 7.4382
1504.6240 7.4738
1538.8200 7.3734
1573.0160 7.3542
1607.2120 7.2322
1641.4080 7.3063
1675.6040 7.3387
