VARIABLES = "Time" "MSD"
ZONE T = "BD 974"
0.0000 0.0000
34.1960 7.4156
68.3920 7.3655
102.5880 7.2665
136.7840 7.3099
170.9800 7.4321
205.1760 7.4403
239.3720 7.4109
273.5680 7.4869
307.7640 7.3532
341.9600 7.4695
376.1560 7.4839
410.3520 7.5304
444.5480 7.5652
478.7440 7.3948
512.9400 7.2232
547.1360 7.6156
581.3320 7.5298
615.5280 7.3921
649.7240 7.4715
683.9200 7.3738
718.1160 7.5511
752.3120 7.5943
786.5080 7.4615
820.7040 7.4931
854.9000 7.4701
889.0960 7.3889
923.2920 7.4710
957.4880 7.5052
991.6840 7.5534
1025.8800 7.3586
1060.0760 7.5332
1094.2720 7.3705
1128.4680 7.6243
1162.6640 7.4810
1196.8600 7.5612
1231.0560 7.4068
1265.2520 7.5702
1299.4480 7.3286
1333.6440 7.4510
1367.8400 7.5151
1402.0360 7.5625
1436.2320 7.3474
1470.4280 7.7085
1504.6240 7.4351
1538.8200 7.4920
1573.0160 7.3926
1607.2120 7.6499
1641.4080 7.4253
1675.6040 7.4766
