VARIABLES = "Time" "MSD"
ZONE T = "BD 982"
0.0000 0.0000
34.1960 6.9174
68.3920 6.8807
102.5880 7.1363
136.7840 7.0614
170.9800 7.1824
205.1760 7.3411
239.3720 7.2224
273.5680 7.2284
307.7640 7.1252
341.9600 7.2149
376.1560 7.1487
410.3520 7.1859
444.5480 7.1887
478.7440 7.2226
512.9400 7.2063
547.1360 7.2823
581.3320 7.2562
615.5280 7.2410
649.7240 7.2787
683.9200 7.3367
718.1160 7.3898
752.3120 7.1267
786.5080 7.0610
820.7040 7.3143
854.9000 7.1223
889.0960 7.3099
923.2920 7.2303
957.4880 7.2317
991.6840 7.1871
1025.8800 7.1617
1060.0760 7.2034
1094.2720 7.2187
1128.4680 7.2603
1162.6640 7.1143
1196.8600 7.1412
1231.0560 7.2057
1265.2520 7.2258
1299.4480 7.1792
1333.6440 7.0172
1367.8400 7.1896
1402.0360 7.1037
1436.2320 7.3506
1470.4280 7.3372
1504.6240 7.2432
1538.8200 7.2488
1573.0160 7.2702
1607.2120 7.0227
1641.4080 7.2911
1675.6040 7.1815
