VARIABLES = "Time" "MSD"
ZONE T = "BD 983"
0.0000 0.0000
34.1960 7.1857
68.3920 7.4119
102.5880 7.3953
136.7840 7.2050
170.9800 7.5445
205.1760 7.5816
239.3720 7.4936
273.5680 7.2379
307.7640 7.6040
341.9600 7.4587
376.1560 7.4516
410.3520 7.4769
444.5480 7.6747
478.7440 7.3460
512.9400 7.4478
547.1360 7.4604
581.3320 7.2856
615.5280 7.4066
649.7240 7.3491
683.9200 7.3575
718.1160 7.2011
752.3120 7.3532
786.5080 7.6145
820.7040 7.4499
854.9000 7.4535
889.0960 7.3464
923.2920 7.5714
957.4880 7.3882
991.6840 7.4498
1025.8800 7.3178
1060.0760 7.2989
1094.2720 7.4229
1128.4680 7.3816
1162.6640 7.5835
1196.8600 7.1933
1231.0560 7.3742
1265.2520 7.4690
1299.4480 7.3868
1333.6440 7.4290
1367.8400 7.3530
1402.0360 7.5271
1436.2320 7.5968
1470.4280 7.2657
1504.6240 7.4825
1538.8200 7.5806
1573.0160 7.4876
1607.2120 7.4117
1641.4080 7.3888
1675.6040 7.5451
