VARIABLES = "Time" "MSD"
ZONE T = "BD 98"
0.0000 0.0000
34.1960 52.5574
68.3920 84.0816
102.5880 103.8874
136.7840 118.7520
170.9800 128.2482
205.1760 135.3186
239.3720 140.6674
273.5680 145.0571
307.7640 147.0508
341.9600 146.7038
376.1560 147.9859
410.3520 148.2012
444.5480 149.6049
478.7440 149.7859
512.9400 150.6300
547.1360 150.7854
581.3320 149.4208
615.5280 149.8470
649.7240 151.1982
683.9200 151.7299
718.1160 154.0147
752.3120 153.9338
786.5080 154.1066
820.7040 153.0985
854.9000 154.4319
889.0960 154.6396
923.2920 154.8147
957.4880 156.0242
991.6840 154.6242
1025.8800 157.6272
1060.0760 158.9081
1094.2720 160.2629
1128.4680 161.2260
1162.6640 162.7657
1196.8600 162.5089
1231.0560 163.1435
1265.2520 161.7374
1299.4480 161.5490
1333.6440 161.3072
1367.8400 161.5548
1402.0360 162.6950
1436.2320 165.0288
1470.4280 166.5375
1504.6240 167.8946
1538.8200 168.8478
1573.0160 168.8673
1607.2120 169.4326
1641.4080 168.1274
1675.6040 166.0161
