VARIABLES = "Time" "MSD"
ZONE T = "BD 999"
0.0000 0.0000
34.1960 6.7437
68.3920 6.9397
102.5880 6.9900
136.7840 7.0045
170.9800 7.0505
205.1760 7.0767
239.3720 6.9765
273.5680 7.0781
307.7640 7.0718
341.9600 7.0871
376.1560 7.0421
410.3520 7.0332
444.5480 6.9545
478.7440 7.1874
512.9400 7.0456
547.1360 7.0611
581.3320 6.9276
615.5280 7.0339
649.7240 7.0094
683.9200 7.1169
718.1160 6.9804
752.3120 6.9310
786.5080 6.9119
820.7040 7.0124
854.9000 6.8582
889.0960 7.0035
923.2920 6.9881
957.4880 6.9987
991.6840 6.8973
1025.8800 7.1447
1060.0760 7.1106
1094.2720 7.0563
1128.4680 7.2410
1162.6640 7.2396
1196.8600 7.0051
1231.0560 7.0067
1265.2520 7.0170
1299.4480 7.0744
1333.6440 7.1159
1367.8400 6.9743
1402.0360 7.0647
1436.2320 7.2382
1470.4280 7.1463
1504.6240 7.0504
1538.8200 7.0723
1573.0160 7.1140
1607.2120 7.0629
1641.4080 6.9843
1675.6040 7.2000
