VARIABLES = "Time" "MSD"
ZONE T = "BD 993"
0.0000 0.0000
34.1960 7.0740
68.3920 7.0559
102.5880 7.1318
136.7840 6.9964
170.9800 7.0061
205.1760 7.0972
239.3720 7.0023
273.5680 7.1164
307.7640 6.9436
341.9600 7.0796
376.1560 7.1540
410.3520 6.9773
444.5480 7.1944
478.7440 7.0805
512.9400 7.0888
547.1360 7.0561
581.3320 7.0226
615.5280 7.0734
649.7240 6.9921
683.9200 7.0309
718.1160 7.0557
752.3120 7.0967
786.5080 7.1083
820.7040 7.1342
854.9000 7.2372
889.0960 7.0540
923.2920 7.0559
957.4880 7.1161
991.6840 6.9407
1025.8800 7.1270
1060.0760 7.0834
1094.2720 7.1891
1128.4680 7.2576
1162.6640 6.9950
1196.8600 6.9740
1231.0560 7.0565
1265.2520 7.1243
1299.4480 7.1401
1333.6440 7.0523
1367.8400 6.9189
1402.0360 7.1621
1436.2320 7.0622
1470.4280 7.1308
1504.6240 7.1506
1538.8200 7.0854
1573.0160 7.0726
1607.2120 7.2884
1641.4080 7.0837
1675.6040 6.9940
