VARIABLES = "Time" "MSD"
ZONE T = "BD 998"
0.0000 0.0000
34.1960 7.0122
68.3920 6.9538
102.5880 7.0912
136.7840 7.1099
170.9800 7.0941
205.1760 7.1566
239.3720 7.3178
273.5680 7.1863
307.7640 7.1895
341.9600 7.1166
376.1560 6.9729
410.3520 7.0764
444.5480 7.0692
478.7440 7.3209
512.9400 7.1535
547.1360 7.0851
581.3320 7.0955
615.5280 7.1824
649.7240 7.2150
683.9200 7.0742
718.1160 7.0747
752.3120 7.1517
786.5080 7.0786
820.7040 7.2356
854.9000 7.2127
889.0960 7.2131
923.2920 7.1624
957.4880 7.0458
991.6840 7.2308
1025.8800 7.1410
1060.0760 7.1191
1094.2720 7.3092
1128.4680 7.0927
1162.6640 7.1772
1196.8600 7.1445
1231.0560 7.2267
1265.2520 7.2038
1299.4480 7.0832
1333.6440 7.0525
1367.8400 7.0873
1402.0360 7.2208
1436.2320 7.2146
1470.4280 6.9980
1504.6240 7.1638
1538.8200 7.2284
1573.0160 7.2015
1607.2120 7.1341
1641.4080 7.1580
1675.6040 7.2256
